      NODE            V1             V2             V3             VR1            VR2            VR3
      1001     -1.1694828E+00 -3.0538530E-02  1.9332639E-02  1.1390007E-02  3.4576195E-02 -3.1207633E-02 
      1001 SSD -1.4177150E+02 -1.1399982E+00  8.5125706E-01  5.2328911E-01  1.4820783E+00 -1.4361861E+00 
      1002     -1.1611110E+00 -3.8535287E-02  1.7474273E-02  3.5280692E-02 -4.3714588E-04  1.0463412E-01 
      1002 SSD -1.4137057E+02 -1.3982793E+00  7.9706407E-01  1.6431818E+00  2.1274092E-01  4.6347430E+00 
      1003     -1.1497589E+00 -2.3201719E-02  1.9598593E-02  1.1826444E-02  1.8182699E-03  3.1611346E-01 
      1003 SSD -1.4092615E+02 -8.0132301E-01  8.7475937E-01  6.1009315E-01  1.8479402E-01  1.4186986E+01 
      1004     -1.1479227E+00 -1.8698202E-02  1.9210287E-02  6.9197457E-03 -8.9536212E-03  5.1195243E-01 
      1004 SSD -1.4076810E+02 -6.2781597E-01  8.6574082E-01  4.4459299E-01 -2.6555251E-01  2.3247659E+01 
      1005     -1.1440658E+00 -1.1747436E-02  1.9514817E-02 -3.8198670E-04 -1.4851267E-02  6.4987043E-01 
      1005 SSD -1.4056991E+02 -3.6701106E-01  8.8385561E-01  8.8634184E-02 -7.4415817E-01  2.9797987E+01 
      1006     -1.1425295E+00 -4.8663696E-03  1.9848486E-02 -8.9056364E-03 -1.5792152E-02  6.8918586E-01 
      1006 SSD -1.4046628E+02 -9.1701706E-02  9.1038491E-01 -3.7013631E-01 -8.5531384E-01  3.1751748E+01 
      1007     -1.1448611E+00  1.4615697E-03  1.9951500E-02 -1.3799956E-02 -1.1973045E-02  6.2395290E-01 
      1007 SSD -1.4057282E+02  1.9608624E-01  9.2686005E-01 -7.0167982E-01 -6.4515250E-01  2.8633516E+01 
      1008     -1.1509453E+00  6.0692677E-03  1.9648387E-02 -1.5640994E-02 -6.4796191E-03  4.7572482E-01 
      1008 SSD -1.4084152E+02  4.1772008E-01  9.2245723E-01 -8.0574781E-01 -3.8230071E-01  2.1679228E+01 
      1009     -1.1542347E+00  1.3740150E-02  2.0512907E-02 -9.4268961E-03 -4.8414225E-03  2.8287313E-01 
      1009 SSD -1.4103441E+02  7.4075871E-01  9.5143649E-01 -5.2689738E-01 -2.5168058E-01  1.2834160E+01 
      1010     -1.1678031E+00  1.4397546E-02  2.0149700E-02 -1.2868282E-02  1.3988047E-02  9.0362849E-02 
      1010 SSD -1.4153632E+02  8.0617637E-01  9.3986486E-01 -6.6242810E-01  6.6199721E-01  4.0926106E+00 
      1011     -1.1667087E+00  2.2294970E-02  2.2455551E-02  1.6776147E-02 -3.1528701E-03 -1.7247081E-02 
      1011 SSD -1.4159096E+02  1.1253455E+00  1.0122022E+00  7.2744235E-01 -2.0874318E-01 -7.3671372E-01 
      1012     -1.1635887E+00  2.2210524E-02 -3.8413176E-02  1.1897992E-02 -3.5622844E-02  2.8992853E-02 
      1012 SSD -1.4178268E+02  1.1943383E+00 -1.5222227E+00  5.4225954E-01 -1.5286438E+00  1.3385427E+00 
      1013     -1.1548997E+00  3.0515926E-02 -3.6378815E-02  2.9787295E-02  4.8972543E-04 -1.0306587E-01 
      1013 SSD -1.4138710E+02  1.4652812E+00 -1.4622851E+00  1.4174845E+00 -2.1238646E-01 -4.5787837E+00 
      1014     -1.1435326E+00  1.7505443E-02 -3.7871883E-02  1.3398139E-02 -1.8758025E-03 -3.1394658E-01 
      1014 SSD -1.4095882E+02  9.3893808E-01 -1.5201354E+00  6.6902800E-01 -1.8803106E-01 -1.4111426E+01 
      1015     -1.1417373E+00  1.1136814E-02 -3.7446546E-02  6.5839531E-03  8.9616030E-03 -5.0972507E-01 
      1015 SSD -1.4081950E+02  7.0780011E-01 -1.5095273E+00  4.3547193E-01  2.6429155E-01 -2.3178328E+01 
      1016     -1.1377322E+00  4.8425665E-03 -3.7532518E-02 -4.7550304E-04  1.4879898E-02 -6.4710703E-01 
      1016 SSD -1.4063280E+02  4.6699209E-01 -1.5211286E+00  7.9752486E-02  7.4152722E-01 -2.9711316E+01 
      1017     -1.1360407E+00 -2.1022335E-03 -3.7754290E-02 -8.0062054E-03  1.6111939E-02 -6.8677702E-01 
      1017 SSD -1.4053982E+02  1.9230378E-01 -1.5439588E+00 -3.3753532E-01  8.6756280E-01 -3.1677576E+01 
      1018     -1.1384176E+00 -9.4281360E-03 -3.7961964E-02 -1.2618614E-02  1.1910999E-02 -6.2274247E-01 
      1018 SSD -1.4066572E+02 -1.2913954E-01 -1.5636442E+00 -6.4598779E-01  6.4310834E-01 -2.8614790E+01 
      1019     -1.1445426E+00 -1.4096205E-02 -3.7802574E-02 -1.6802286E-02  5.9641788E-03 -4.7374090E-01 
      1019 SSD -1.4095351E+02 -3.5388263E-01 -1.5640827E+00 -8.6031781E-01  3.5901393E-01 -2.1631154E+01 
      1020     -1.1472823E+00 -2.0221861E-02 -3.8499960E-02 -1.0466094E-02  5.1986240E-03 -2.7999660E-01 
      1020 SSD -1.4114450E+02 -6.2582426E-01 -1.5875067E+00 -5.7512236E-01  2.6554197E-01 -1.2739180E+01 
      1021     -1.1610751E+00 -2.2710239E-02 -3.8072423E-02 -1.0017895E-02 -1.4027087E-02 -9.0390377E-02 
      1021 SSD -1.4167130E+02 -7.5093515E-01 -1.5731814E+00 -5.4410048E-01 -6.6570414E-01 -4.1033376E+00 
      1022     -1.1597743E+00 -2.9015768E-02 -3.9907348E-02  1.2544526E-02  8.7489363E-04  1.9435154E-02 
      1022 SSD -1.4173521E+02 -1.0193044E+00 -1.6303848E+00  5.5927760E-01  1.1369015E-01  8.1878160E-01 
      1023     -1.1541633E+00 -3.0162422E-02 -3.8201154E-02  1.8241802E-02 -7.9414995E-02 -5.4344043E-03 
      1023 SSD -1.4142681E+02 -1.0734826E+00 -1.5733355E+00  9.2526270E-01 -3.6720057E+00 -3.2721599E-01 
      1024     -1.1484016E+00 -3.1143037E-02 -2.9709302E-02  1.4675717E-02 -2.6548745E-01  1.2337442E-03 
      1024 SSD -1.4113582E+02 -1.1080011E+00 -1.2002921E+00  7.2988688E-01 -1.2238817E+01  8.4232813E-02 
      1025     -1.1446571E+00 -3.1538279E-02 -2.2967010E-02  8.5225331E-03 -4.6377330E-01  6.0472932E-03 
      1025 SSD -1.4089949E+02 -1.1280155E+00 -9.4950830E-01  5.0761988E-01 -2.1336641E+01  3.6542567E-01 
      1026     -1.1408369E+00 -3.1733421E-02 -1.6419108E-02  2.1265373E-03 -6.1681364E-01  1.1172112E-02 
      1026 SSD -1.4066393E+02 -1.1454235E+00 -6.9713457E-01  1.8715170E-01 -2.8420088E+01  6.3103668E-01 
      1027     -1.1402449E+00 -3.1877162E-02 -1.0795720E-02 -4.4558246E-03 -6.8904658E-01  1.4947417E-02 
      1027 SSD -1.4058049E+02 -1.1657385E+00 -4.7607425E-01 -1.7466542E-01 -3.1712637E+01  8.3296491E-01 
      1028     -1.1421632E+00 -3.1939591E-02 -4.5369318E-03 -9.7022866E-03 -6.5981359E-01  1.2603234E-02 
      1028 SSD -1.4065238E+02 -1.1776774E+00 -1.9908957E-01 -5.2543686E-01 -3.0062594E+01  6.5006785E-01 
      1029     -1.1467429E+00 -3.1859173E-02  8.3198636E-04 -1.5171879E-02 -5.3118433E-01  7.9894924E-03 
      1029 SSD -1.4083821E+02 -1.1804598E+00  5.7309100E-02 -8.0987907E-01 -2.3789051E+01  2.4631591E-01 
      1030     -1.1509144E+00 -3.1949736E-02  6.7369766E-03 -1.0128307E-02 -3.4423678E-01 -3.1003877E-03 
      1030 SSD -1.4103927E+02 -1.1842717E+00  3.2073247E-01 -5.7398714E-01 -1.5083030E+01 -2.6098902E-01 
      1031     -1.1627829E+00 -3.1721654E-02  7.9208007E-03 -1.7522362E-02 -1.2585337E-01  1.4481201E-03 
      1031 SSD -1.4146888E+02 -1.1825930E+00  4.0173858E-01 -8.5667355E-01 -5.3237411E+00 -1.6122118E-01 
      1032     -1.1601277E+00  2.3043421E-02  1.9510269E-02  1.7708924E-02  7.9663611E-02  5.7486984E-03 
      1032 SSD -1.4130798E+02  1.1669519E+00  9.1471250E-01  9.0407182E-01  3.6794956E+00  3.3486497E-01 
      1033     -1.1526674E+00  2.3879269E-02  1.1507081E-02  1.5025631E-02  2.6692685E-01 -1.2411114E-03 
      1033 SSD -1.4102027E+02  1.1967093E+00  5.5716318E-01  7.4179549E-01  1.2282243E+01 -9.2107479E-02 
      1034     -1.1475930E+00  2.4175848E-02  4.8534205E-03  8.5014830E-03  4.6615832E-01 -5.8381108E-03 
      1034 SSD -1.4079774E+02  1.2131687E+00  3.0841102E-01  5.0644163E-01  2.1410825E+01 -3.6197316E-01 
      1035     -1.1424407E+00  2.4324805E-02 -1.5062855E-03  2.0835062E-03  6.1890904E-01 -1.1376213E-02 
      1035 SSD -1.4057759E+02  1.2285292E+00  6.1727032E-02  1.8480299E-01  2.8483238E+01 -6.4646266E-01 
      1036     -1.1402740E+00  2.4493496E-02 -6.9004832E-03 -4.5281310E-03  6.9027014E-01 -1.4398767E-02 
      1036 SSD -1.4049719E+02  1.2500742E+00 -1.4997575E-01 -1.7585512E-01  3.1756194E+01 -8.1249523E-01 
      1037     -1.1410687E+00  2.4507790E-02 -1.3045250E-02 -9.8585428E-03  6.5919029E-01 -1.3104019E-02 
      1037 SSD -1.4059674E+02  1.2599839E+00 -4.2371124E-01 -5.3371864E-01  3.0037801E+01 -6.9207323E-01 
      1038     -1.1449679E+00  2.4413897E-02 -1.8272591E-02 -1.5352461E-02  5.2844082E-01 -8.6081932E-03 
      1038 SSD -1.4081356E+02  1.2638025E+00 -6.7341021E-01 -8.1442377E-01  2.3699838E+01 -2.6142669E-01 
      1039     -1.1478016E+00  2.4466189E-02 -2.4312931E-02 -9.9095445E-03  3.4154563E-01  3.8604906E-03 
      1039 SSD -1.4102384E+02  1.2667021E+00 -9.4209255E-01 -5.6566681E-01  1.4998272E+01  2.8210729E-01 
      1040     -1.1567655E+00  2.4494512E-02 -2.4431841E-02 -1.7606759E-02  1.2490156E-01 -1.2150340E-04 
      1040 SSD -1.4141933E+02  1.2726052E+00 -9.8866872E-01 -8.6023372E-01  5.2930659E+00  2.0378206E-01 
      1041      6.7109006E+00 -4.7735816E-03  1.3831702E-02  6.8899902E-04  5.2355520E-03  9.1050335E-01 
      1041 SSD  2.3741666E+02 -6.2684901E-02  6.5278857E-01  2.8508921E-02  2.8020889E-01  4.5294273E+01 
      1042      1.5903285E+01 -4.7038792E-03  8.0971135E-03  5.9665308E-04  2.4014238E-02  9.5648794E-01 
      1042 SSD  7.0593363E+02 -3.7941432E-02  4.0934819E-01  2.5192331E-02  1.2882105E+00  5.0027509E+01 
      1043      2.4591538E+01 -4.4509460E-03  2.4100052E-03  5.8921312E-04  3.5833802E-02  8.0839813E-01 
      1043 SSD  1.1730969E+03 -1.1053866E-02  1.6728293E-01  2.4947204E-02  2.2219176E+00  4.5124555E+01 
      1044      3.0992130E+01 -4.0539887E-03 -3.2411018E-03  5.8352957E-04  3.6775308E-02  4.9102675E-01 
      1044 SSD  1.5427413E+03  1.7429635E-02 -7.3693603E-02  2.4763417E-02  2.8255730E+00  3.0195090E+01 
      1045      3.3411190E+01 -3.5817041E-03 -8.8813845E-03  5.8206341E-04 -8.3329134E-04 -1.4375886E-03 
      1045 SSD  1.6925802E+03  4.6523830E-02 -3.1415999E-01  2.4710744E-02 -2.6514445E-02 -4.5382961E-02 
      1046      3.0964672E+01 -3.1185503E-03 -1.4528417E-02  5.8401228E-04 -3.8335281E-02 -4.9363069E-01 
      1046 SSD  1.5418575E+03  7.5310265E-02 -5.5482468E-01  2.4768541E-02 -2.8744270E+00 -3.0280167E+01 
      1047      2.4545762E+01 -2.7464382E-03 -2.0203131E-02  5.9120313E-04 -3.7163454E-02 -8.0937819E-01 
      1047 SSD  1.1716025E+03  1.0297235E-01 -7.9648661E-01  2.5004284E-02 -2.2626247E+00 -4.5159227E+01 
      1048      1.5859198E+01 -2.5232209E-03 -2.5953836E-02  6.0251538E-04 -2.4767525E-02 -9.5515627E-01 
      1048 SSD  7.0443068E+02  1.2895646E-01 -1.0405103E+00  2.5367886E-02 -1.3092358E+00 -4.9994214E+01 
      1049      6.6888957E+00 -2.4763510E-03 -3.1871507E-02  6.8615778E-04 -5.1793610E-03 -9.0748324E-01 
      1049 SSD  2.3651137E+02  1.5310408E-01 -1.2898092E+00  2.8263930E-02 -2.7745233E-01 -4.5211363E+01 
      1050      3.0990778E+01  2.4138026E-03 -8.4017332E-03  5.7948324E-04  4.9071308E-01  3.6190514E-02 
      1050 SSD  1.5426512E+03  2.9975136E-01 -2.8483741E-01  2.4611837E-02  3.0194844E+01  2.8073731E+00 
      1051      2.4600369E+01  8.3020095E-03 -7.9944800E-03  5.7502936E-04  8.0698340E-01  3.5967840E-02 
      1051 SSD  1.1732151E+03  5.4882194E-01 -2.5602475E-01  2.4439120E-02  4.5090142E+01  2.2187760E+00 
      1052      1.5930319E+01  1.4039331E-02 -7.6955134E-03  5.7146111E-04  9.5464551E-01  2.6181655E-02 
      1052 SSD  7.0648935E+02  7.9250955E-01 -2.2759238E-01  2.4299204E-02  4.9987739E+01  1.3422325E+00 
      1053      6.7388697E+00  1.9653137E-02 -7.4871042E-03  6.2262101E-04  9.1218833E-01  9.0498301E-03 
      1053 SSD  2.3797226E+02  1.0327913E+00 -1.9825766E-01  2.7142748E-02  4.5336995E+01  3.7954834E-01 
      1054      2.2466039E+01  7.7211373E-03 -2.2560164E-03  5.7745729E-04  7.4611564E-01  3.7052402E-01 
      1054 SSD  1.0515378E+03  5.1980039E-01 -1.4619960E-02  2.4451494E-02  4.0751447E+01  2.0672510E+01 
      1055      1.7584743E+01  7.2581708E-03  3.6570795E-03  5.8013358E-04  5.9912640E-01  5.9918252E-01 
      1055 SSD  7.8772631E+02  4.9341638E-01  2.3030185E-01  2.4644656E-02  3.1642709E+01  3.1646114E+01 
      1056      1.1099859E+01  6.9740856E-03  9.6768434E-03  5.7706865E-04  4.0030768E-01  7.0265001E-01 
      1056 SSD  4.5310274E+02  4.7174090E-01  4.7949417E-01  2.4738501E-02  2.0404319E+01  3.5549952E+01 
      1057      4.3943384E+00  6.8784680E-03  1.5707248E-02  6.9580770E-04  1.8456595E-01  6.5311729E-01 
      1057 SSD  1.2069004E+02  4.5661354E-01  7.3444351E-01  3.2115778E-02  8.9897410E+00  3.1728032E+01 
      1058      2.2462547E+01  1.5345892E-03  3.0489751E-03  5.8432833E-04  3.7001359E-01  7.4629925E-01 
      1058 SSD  1.0514923E+03  2.4486983E-01  1.9842847E-01  2.4880612E-02  2.0667237E+01  4.0754487E+01 
      1059      2.8466389E+01  1.9163597E-03 -2.7216613E-03  5.8117494E-04  4.6102070E-01  4.6111728E-01 
      1059 SSD  1.3891261E+03  2.7107786E-01 -4.4141373E-02  2.4679574E-02  2.7232016E+01  2.7227685E+01 
      1060      1.4416689E+01  1.3394093E-03  8.8857080E-03  5.8567010E-04  2.4721507E-01  8.7969903E-01 
      1060 SSD  6.2558035E+02  2.2292359E-01  4.4332134E-01  2.5174524E-02  1.3139210E+01  4.5477354E+01 
      1061      5.9871909E+00  1.3875599E-03  1.4745241E-02  7.0510019E-04  1.1093214E-01  8.2917930E-01 
      1061 SSD  2.0006799E+02  2.0812994E-01  6.9148135E-01  3.1726197E-02  5.6107673E+00  4.0920896E+01 
      1062      4.3819171E+00  1.7962056E-02  4.4786275E-03  5.5558894E-04  6.5753320E-01  1.8571271E-01 
      1062 SSD  1.2037954E+02  9.5845708E-01  2.8353458E-01  2.0988858E-02  3.1863023E+01  9.0141329E+00 
      1063      1.1104247E+01  1.2782422E-02  4.1597731E-03  5.7399949E-04  7.0190056E-01  4.0025769E-01 
      1063 SSD  4.5326046E+02  7.3407576E-01  2.6003579E-01  2.4065261E-02  3.5519625E+01  2.0398009E+01 
      1064      5.9888790E+00  1.8860360E-02 -1.7375241E-03  5.8434642E-04  8.3217624E-01  1.1330120E-01 
      1064 SSD  2.0001468E+02  9.9866091E-01  3.7122316E-02  2.3543618E-02  4.1011157E+01  5.6550629E+00 
      1065      1.4427034E+01  1.3365399E-02 -1.9082048E-03  5.7408819E-04  8.7868571E-01  2.4808574E-01 
      1065 SSD  6.2578722E+02  7.6269021E-01  1.3347327E-02  2.4098778E-02  4.5451933E+01  1.3144571E+01 
      1066      2.4369909E-01  1.6032112E-02  1.7876348E-02  5.0419123E-04  1.9993629E-01  1.9041820E-01 
      1066 SSD -7.6743731E+01  8.7184054E-01  8.3310102E-01  2.2384816E-02  9.1728895E+00  8.8243805E+00 
      1067      2.2988286E+00  1.7049261E-02  1.1033134E-02  5.1154418E-04  4.3096360E-01  2.1658179E-01 
      1067 SSD  1.9933017E+01  9.1748894E-01  5.4218114E-01  1.9847104E-02  2.0414715E+01  1.0253790E+01 
      1068      2.3280894E+00  1.2549844E-02  1.6597266E-02  6.6592927E-04  2.1369925E-01  4.2325851E-01 
      1068 SSD  2.0873499E+01  7.0713376E-01  7.7555765E-01  3.0525901E-02  1.0130649E+01  2.0147606E+01 
      1069      6.7476508E+00  1.2439840E-02  1.0402886E-02  5.7144178E-04  4.6435819E-01  4.6496469E-01 
      1069 SSD  2.3498064E+02  7.1247022E-01  5.1371563E-01  2.4112164E-02  2.2886653E+01  2.2917512E+01 
      1070      4.9096699E+00  1.0480370E-02 -2.9765050E-02  5.6952882E-04  1.9191113E-01 -7.0942520E-01 
      1070 SSD  1.4688151E+02  6.6994053E-01 -1.2041467E+00  2.1366278E-02  9.3795908E+00 -3.4448476E+01 
      1071      1.2094277E+01  1.0293741E-02 -2.4370051E-02  5.7798342E-04  3.9710811E-01 -7.4253728E-01 
      1071 SSD  5.0452698E+02  6.5031330E-01 -9.7094702E-01  2.4307019E-02  2.0640983E+01 -3.7560125E+01 
      1072      1.8727641E+01  9.6704936E-03 -1.9015628E-02  5.7239823E-04  6.0191893E-01 -6.0629708E-01 
      1072 SSD  8.5068843E+02  6.1638254E-01 -7.3584187E-01  2.4353655E-02  3.2357714E+01 -3.2481478E+01 
      1073      2.3276947E+01  8.9755027E-03 -1.3606851E-02  5.7182685E-04  7.5641692E-01 -3.2844903E-01 
      1073 SSD  1.1005563E+03  5.8139208E-01 -4.9804652E-01  2.4408521E-02  4.2007068E+01 -1.8587423E+01 
      1074      1.5047809E+01  3.8780707E-03 -2.5165091E-02  5.9801863E-04  2.1764376E-01 -9.0562580E-01 
      1074 SSD  6.6111126E+02  3.9205945E-01 -1.0066911E+00  2.5008935E-02  1.1780679E+01 -4.7090026E+01 
      1075      6.3163588E+00  4.1157317E-03 -3.0900544E-02  6.1525141E-04  1.0745753E-01 -8.6675250E-01 
      1075 SSD  2.1766030E+02  4.1996309E-01 -1.2496193E+00  2.3692532E-02  5.4773007E+00 -4.2906504E+01 
      1076      2.3240230E+01  3.4763408E-03 -1.9560769E-02  5.8547943E-04  3.2550195E-01 -7.6069849E-01 
      1076 SSD  1.0995131E+03  3.6181868E-01 -7.6525304E-01  2.4751567E-02  1.8502037E+01 -4.2123151E+01 
      1077      2.9091756E+01  2.9617322E-03 -1.4013569E-02  5.7990157E-04  4.2919914E-01 -4.3227717E-01 
      1077 SSD  1.4329473E+03  3.3041128E-01 -5.2542555E-01  2.4627220E-02  2.5641564E+01 -2.5733726E+01 
      1078      2.9608758E+00  2.3140047E-02 -2.3992849E-02  5.0945019E-04  4.7453875E-01 -2.2779859E-01 
      1078 SSD  4.9236829E+01  1.1788554E+00 -9.3845006E-01  2.4593237E-02  2.2421255E+01 -1.0829150E+01 
      1079      7.7477738E+00  1.6733713E-02 -2.3786187E-02  5.5650396E-04  4.8730254E-01 -4.9718410E-01 
      1079 SSD  2.8267063E+02  9.0955276E-01 -9.3998577E-01  2.3941332E-02  2.4155312E+01 -2.4446293E+01 
      1080      6.4193120E-01  2.5040937E-02 -2.7477510E-02  3.2709789E-04  2.0881296E-01 -2.2482267E-01 
      1080 SSD -5.9585674E+01  1.2557613E+00 -1.1079877E+00  1.4137420E-02  9.5904925E+00 -1.0115817E+01 
      1081      2.8636440E+00  1.7408624E-02 -2.8118646E-02  4.4362758E-04  2.2129544E-01 -4.8235083E-01 
      1081 SSD  4.6150577E+01  9.3877848E-01 -1.1367175E+00  1.6861461E-02  1.0642161E+01 -2.2694277E+01 
      1082      5.0201275E+00  2.1466743E-02 -1.8673451E-02  6.0982621E-04  7.1074815E-01 -1.8845712E-01 
      1082 SSD  1.5016233E+02  1.1108007E+00 -6.9999303E-01  2.8816261E-02  3.4474880E+01 -9.2496754E+00 
      1083      1.2161413E+01  1.5713599E-02 -1.8675679E-02  5.5923031E-04  7.3366119E-01 -4.0129763E-01 
      1083 SSD  5.0645326E+02  8.6569475E-01 -7.1172539E-01  2.4183608E-02  3.7303804E+01 -2.0752938E+01 
      1084      6.3989162E+00  2.0510162E-02 -1.3331844E-02  6.4184184E-04  8.6978138E-01 -1.0373467E-01 
      1084 SSD  2.2002374E+02  1.0692644E+00 -4.5449036E-01  2.9736307E-02  4.2984636E+01 -5.3665856E+00 
      1085      1.5128709E+01  1.4828384E-02 -1.3373455E-02  5.6491953E-04  9.0190305E-01 -2.1731597E-01 
      1085 SSD  6.6339205E+02  8.2660660E-01 -4.7408199E-01  2.4384703E-02  4.6984774E+01 -1.1778283E+01 
      1086      6.7268869E+00 -2.6791246E-02 -1.0265250E-02  6.2737531E-04 -9.1095021E-01 -1.0346493E-02 
      1086 SSD  2.3751562E+02 -9.3925307E-01 -4.2984117E-01  2.7773119E-02 -4.5301141E+01 -4.1888981E-01 
      1087      1.5906907E+01 -2.1171442E-02 -1.0086431E-02  5.7543362E-04 -9.5354659E-01 -2.8195416E-02 
      1087 SSD  7.0569484E+02 -6.9872383E-01 -4.0143094E-01  2.4557793E-02 -4.9956929E+01 -1.4055911E+00 
      1088      2.4575106E+01 -1.5454849E-02 -9.7854909E-03  5.7727457E-04 -8.0756002E-01 -3.8611918E-02 
      1088 SSD  1.1723970E+03 -4.5558342E-01 -3.7288843E-01  2.4527156E-02 -4.5111307E+01 -2.3028002E+00 
      1089      3.0975558E+01 -9.5755702E-03 -9.3674766E-03  5.8014556E-04 -4.9209955E-01 -3.8965652E-02 
      1089 SSD  1.5421649E+03 -2.0670679E-01 -3.4369690E-01  2.4651963E-02 -3.0239826E+01 -2.8950790E+00 
      1090      1.5126316E+01 -2.1949835E-02 -4.3360732E-03  5.6742217E-04 -9.0169020E-01  2.1504126E-01 
      1090 SSD  6.6332360E+02 -7.3251694E-01 -1.5223595E-01  2.4533438E-02 -4.6982247E+01  1.1693343E+01 
      1091      1.2179359E+01 -2.2807499E-02  1.0377087E-03  5.7181170E-04 -7.3434093E-01  3.9930037E-01 
      1091 SSD  5.0711788E+02 -7.7095523E-01  8.8156289E-02  2.4596862E-02 -3.7324710E+01  2.0683176E+01 
      1092      7.7733492E+00 -2.3758491E-02  6.1535966E-03  5.7298982E-04 -4.8758695E-01  4.9766741E-01 
      1092 SSD  2.8366158E+02 -8.1285610E-01  3.1664700E-01  2.4486355E-02 -2.4162040E+01  2.4452117E+01 
      1093      2.8774630E+00 -2.4369243E-02  1.0456749E-02  5.5730593E-04 -2.2184954E-01  4.8426058E-01 
      1093 SSD  4.6829331E+01 -8.4051735E-01  5.1259154E-01  2.0841877E-02 -1.0661807E+01  2.2750709E+01 
      1094      5.0323889E+00 -2.8747817E-02  1.1035345E-03  6.0295058E-04 -7.1102554E-01  1.8778932E-01 
      1094 SSD  1.5060890E+02 -1.0220622E+00  7.9021606E-02  2.8285801E-02 -3.4489203E+01  9.2231447E+00 
      1095      6.4000961E+00 -2.7687141E-02 -4.3138238E-03  6.2803747E-04 -8.6930829E-01  1.0240438E-01 
      1095 SSD  2.2005131E+02 -9.7704375E-01 -1.6972824E-01  2.9445791E-02 -4.2966247E+01  5.3135840E+00 
      1096      2.9763301E+00 -3.0369453E-02  6.5192836E-03  4.7928580E-04 -4.7631686E-01  2.2796539E-01 
      1096 SSD  4.9864089E+01 -1.0885079E+00  3.2020549E-01  2.3308449E-02 -2.2489519E+01  1.0821543E+01 
      1097      6.4802858E-01 -3.2573522E-02  1.0368712E-02  2.8333593E-04 -2.1021850E-01  2.2661635E-01 
      1097 SSD -5.9191591E+01 -1.1745989E+00  5.0152661E-01  1.2305089E-02 -9.6434157E+00  1.0173272E+01 
      1098      2.3273417E+01 -1.0613976E-02  1.8100536E-03  5.8543931E-04 -3.2674070E-01  7.5933255E-01 
      1098 SSD  1.1006245E+03 -2.6809698E-01  1.3755752E-01  2.4748782E-02 -1.8539280E+01  4.2075891E+01 
      1099      1.8751641E+01 -1.6809620E-02  1.3288667E-03  5.7203209E-04 -6.0249047E-01  6.0468997E-01 
      1099 SSD  8.5153010E+02 -5.2285501E-01  1.1039390E-01  2.4359654E-02 -3.2373626E+01  3.2424644E+01 
      1100      2.9104294E+01 -1.0104310E-02 -3.7357663E-03  5.7984635E-04 -4.3064373E-01  4.2954424E-01 
      1100 SSD  1.4333627E+03 -2.3676910E-01 -1.0236252E-01  2.4641382E-02 -2.5687248E+01  2.5642890E+01 
      1101      2.3278467E+01 -1.6110131E-02 -4.1202198E-03  5.7369676E-04 -7.5725032E-01  3.2564632E-01 
      1101 SSD  1.1006272E+03 -4.8759365E-01 -1.2894227E-01  2.4486791E-02 -4.2032540E+01  1.8492451E+01 
      1102      6.3358456E+00 -1.1250983E-02  1.2970783E-02  6.1494077E-04 -1.0795334E-01  8.6913377E-01 
      1102 SSD  2.1848808E+02 -3.2623353E-01  6.1660110E-01  2.3616802E-02 -5.4930756E+00  4.2973344E+01 
      1103      1.5083847E+01 -1.1010809E-02  7.3656097E-03  5.9784150E-04 -2.1842816E-01  9.0644291E-01 
      1103 SSD  6.6237944E+02 -2.9826764E-01  3.7751622E-01  2.4970668E-02 -1.1803496E+01  4.7106528E+01 
      1104      4.9262108E+00 -1.7762210E-02  1.2103924E-02  5.5818943E-04 -1.9193596E-01  7.1171838E-01 
      1104 SSD  1.4763242E+02 -5.8125119E-01  5.7952564E-01  2.1058939E-02 -9.3760014E+00  3.4516843E+01 
      1105      1.2124089E+01 -1.7470755E-02  6.6792568E-03  5.7298683E-04 -3.9756801E-01  7.4288251E-01 
      1105 SSD  5.0562857E+02 -5.5813839E-01  3.4542104E-01  2.4163035E-02 -2.0651496E+01  3.7561295E+01 
      1106      2.3114796E+00 -1.9734255E-02 -3.4735625E-02  6.6237809E-04 -2.1345857E-01 -4.2104007E-01 
      1106 SSD  2.0076241E+01 -6.1554094E-01 -1.4162158E+00  3.0535240E-02 -1.0132193E+01 -2.0088893E+01 
      1107      6.7083636E+00 -1.9654333E-02 -2.8462613E-02  5.7242208E-04 -4.6258282E-01 -4.6261966E-01 
      1107 SSD  2.3356168E+02 -6.2181732E-01 -1.1520151E+00  2.4297916E-02 -2.2837693E+01 -2.2851996E+01 
      1108      1.1051318E+01 -1.9972866E-02 -2.2143101E-02  5.7982586E-04 -6.9983893E-01 -4.0006771E-01 
      1108 SSD  4.5148219E+02 -6.4247946E-01 -8.9604980E-01  2.4307627E-02 -3.5461042E+01 -2.0398419E+01 
      1109      1.4383187E+01 -2.0519552E-02 -1.5972805E-02  5.7592159E-04 -8.7713101E-01 -2.5026541E-01 
      1109 SSD  6.2434033E+02 -6.6969513E-01 -6.4598819E-01  2.4222624E-02 -4.5403881E+01 -1.3215199E+01 
      1110      2.2815983E+00 -2.4390469E-02 -2.9156503E-02  5.1084368E-04 -4.2814509E-01 -2.1557399E-01 
      1110 SSD  1.9157174E+01 -8.3145993E-01 -1.1827958E+00  1.9484470E-02 -2.0328369E+01 -1.0229938E+01 
      1111      2.3962388E-01 -2.3701044E-02 -3.6138110E-02  5.5555663E-04 -1.9793914E-01 -1.8865058E-01 
      1111 SSD -7.7173801E+01 -7.9634544E-01 -1.4780654E+00  2.4256268E-02 -9.1091065E+00 -8.7730086E+00 
      1112      4.3561290E+00 -2.5162378E-02 -2.2516189E-02  5.5857295E-04 -6.5393190E-01 -1.8529138E-01 
      1112 SSD  1.1939877E+02 -8.6755312E-01 -9.2177855E-01  2.1589659E-02 -3.1754278E+01 -9.0061994E+00 
      1113      5.9657755E+00 -2.5998404E-02 -1.6157544E-02  5.8306781E-04 -8.2931454E-01 -1.1442132E-01 
      1113 SSD  1.9918472E+02 -9.0529137E-01 -6.7065926E-01  2.3787018E-02 -4.0927119E+01 -5.6978060E+00 
      1114      1.4367331E+01 -8.7282664E-03 -2.6792721E-02  5.9247178E-04 -2.4752442E-01 -8.7749146E-01 
      1114 SSD  6.2392769E+02 -1.3744872E-01 -1.0762377E+00  2.5305603E-02 -1.3147532E+01 -4.5415549E+01 
      1115      1.1050733E+01 -1.4334643E-02 -2.7663231E-02  5.7271093E-04 -4.0008048E-01 -6.9983082E-01 
      1115 SSD  4.5143939E+02 -3.8561884E-01 -1.1151904E+00  2.4688148E-02 -2.0403578E+01 -3.5468527E+01 
      1116      5.9675669E+00 -8.9238663E-03 -3.2733571E-02  7.0483675E-04 -1.1038108E-01 -8.2541512E-01 
      1116 SSD  1.9926752E+02 -1.2758408E-01 -1.3270715E+00  3.1391723E-02 -5.5882994E+00 -4.0810833E+01 
      1117      4.3761681E+00 -1.4343040E-02 -3.3656913E-02  6.7404509E-04 -1.8477420E-01 -6.4973271E-01 
      1117 SSD  1.1992277E+02 -3.7392653E-01 -1.3686816E+00  3.1524409E-02 -9.0026542E+00 -3.1629462E+01 
      1118      2.8424693E+01 -9.1191777E-03 -1.5081422E-02  5.8256435E-04 -4.6234381E-01 -4.6364430E-01 
      1118 SSD  1.3877926E+03 -1.7939779E-01 -5.8555272E-01  2.4722848E-02 -2.7274035E+01 -2.7309198E+01 
      1119      2.2405212E+01 -8.8101119E-03 -2.0896452E-02  5.8754939E-04 -3.7106861E-01 -7.4681149E-01 
      1119 SSD  1.0496403E+03 -1.5562843E-01 -8.2951435E-01  2.4952418E-02 -2.0700669E+01 -4.0773228E+01 
      1120      2.2416199E+01 -1.4913336E-02 -1.5591133E-02  5.7985994E-04 -7.4641160E-01 -3.7291369E-01 
      1120 SSD  1.0499287E+03 -4.2789870E-01 -6.1666428E-01  2.4541201E-02 -4.0764315E+01 -2.0750688E+01 
      1121      1.7522232E+01 -1.4519304E-02 -2.1578664E-02  5.8076290E-04 -5.9922609E-01 -5.9925498E-01 
      1121 SSD  7.8569302E+02 -4.0390240E-01 -8.6400721E-01  2.4658230E-02 -3.1649585E+01 -3.1650452E+01 

