      NODE            V1             V2             V3             VR1            VR2            VR3
      1001     -1.3516771E+00 -3.6722461E-02  1.9486694E-02  1.5128150E-02  4.4626747E-02 -4.0211841E-02 
      1001 SSD -1.4636929E+02 -1.3148401E+00  9.1319816E-01  6.1351479E-01  1.7219426E+00 -1.6618458E+00 
      1002     -1.3407021E+00 -4.7345542E-02  1.7302062E-02  4.5885630E-02 -1.7917480E-03  1.3443725E-01 
      1002 SSD -1.4590436E+02 -1.6239535E+00  8.5266775E-01  1.9095131E+00  2.0173732E-01  5.3693461E+00 
      1003     -1.3261290E+00 -2.8417757E-02  2.0074026E-02  1.4844595E-02  1.5077598E-03  4.0797775E-01 
      1003 SSD -1.4538968E+02 -9.3944027E-01  9.4442824E-01  6.9138266E-01  1.8591895E-01  1.6444689E+01 
      1004     -1.3237603E+00 -2.3004440E-02  1.9641239E-02  8.2384261E-03 -1.2133145E-02  6.6029005E-01 
      1004 SSD -1.4521381E+02 -7.4061289E-01  9.3482817E-01  4.9003445E-01 -3.3301785E-01  2.6902030E+01 
      1005     -1.3188975E+00 -1.4464696E-02  2.0039474E-02 -1.3032484E-03 -1.8603686E-02  8.3746233E-01 
      1005 SSD -1.4499130E+02 -4.3927782E-01  9.5556431E-01  7.6534491E-02 -8.4118534E-01  3.4427310E+01 
      1006     -1.3171250E+00 -6.3639496E-03  2.0390281E-02 -1.1806470E-02 -1.9774781E-02  8.8934219E-01 
      1006 SSD -1.4488132E+02 -1.2998294E-01  9.8364402E-01 -4.3648185E-01 -9.6276848E-01  3.6689047E+01 
      1007     -1.3198216E+00  8.7108809E-04  2.0488659E-02 -1.7657907E-02 -1.5117627E-02  8.0815309E-01 
      1007 SSD -1.4500048E+02  1.8740093E-01  1.0010190E+00 -8.0054065E-01 -7.3113010E-01  3.3159505E+01 
      1008     -1.3272958E+00  5.9765185E-03  2.0120965E-02 -2.0023381E-02 -7.9064696E-03  6.1866202E-01 
      1008 SSD -1.4530590E+02  4.2942534E-01  9.9575669E-01 -9.2048305E-01 -4.2652050E-01  2.5176284E+01 
      1009     -1.3313495E+00  1.4874609E-02  2.1254828E-02 -1.1979595E-02 -6.0917776E-03  3.6927093E-01 
      1009 SSD -1.4552549E+02  7.8812328E-01  1.0302045E+00 -5.9878433E-01 -2.8586739E-01  1.4942583E+01 
      1010     -1.3488944E+00  1.5009538E-02  2.0831360E-02 -1.6361326E-02  1.8692766E-02  1.1835168E-01 
      1010 SSD -1.4611602E+02  8.5123786E-01  1.0174771E+00 -7.5651948E-01  7.7814131E-01  4.7752589E+00 
      1011     -1.3474782E+00  2.4389147E-02  2.3876021E-02  2.2118575E-02 -4.3948765E-03 -2.2772557E-02 
      1011 SSD -1.4617766E+02  1.2104090E+00  1.1040525E+00  8.5346206E-01 -2.4462446E-01 -8.6494552E-01 
      1012     -1.3423186E+00  2.4662548E-02 -4.7165215E-02  1.5691170E-02 -4.6006442E-02  3.7347059E-02 
      1012 SSD -1.4632386E+02  1.2925473E+00 -1.7305314E+00  6.3418192E-01 -1.7760459E+00  1.5492159E+00 
      1013     -1.3310652E+00  3.5710350E-02 -4.4762235E-02  3.8784831E-02  1.8588190E-03 -1.3243703E-01 
      1013 SSD -1.4586149E+02  1.6168269E+00 -1.6633702E+00  1.6462490E+00 -2.0065997E-01 -5.3033261E+00 
      1014     -1.3166027E+00  1.9679863E-02 -4.6741257E-02  1.6896954E-02 -1.5979934E-03 -4.0525603E-01 
      1014 SSD -1.4536208E+02  1.0141110E+00 -1.7320506E+00  7.6111217E-01 -1.8940015E-01 -1.6356664E+01 
      1015     -1.3144033E+00  1.1921461E-02 -4.6261293E-02  7.7656139E-03  1.2134032E-02 -6.5744273E-01 
      1015 SSD -1.4520419E+02  7.4818356E-01 -1.7206171E+00  4.7810789E-01  3.3205418E-01 -2.6819453E+01 
      1016     -1.3094736E+00  4.2085913E-03 -4.6379224E-02 -1.3775665E-03  1.8636303E-02 -8.3389476E-01 
      1016 SSD -1.4499135E+02  4.7013090E-01 -1.7336540E+00  6.7610230E-02  8.3891734E-01 -3.4323221E+01 
      1017     -1.3076354E+00 -4.0110710E-03 -4.6592261E-02 -1.0634314E-02  2.0158302E-02 -8.8616996E-01 
      1017 SSD -1.4489032E+02  1.6061579E-01 -1.7575066E+00 -3.9810041E-01  9.7699339E-01 -3.6597692E+01 
      1018     -1.3105007E+00 -1.2468581E-02 -4.6820894E-02 -1.6196370E-02  1.5021042E-02 -8.0638246E-01 
      1018 SSD -1.4502805E+02 -1.9505766E-01 -1.7785796E+00 -7.3781860E-01  7.2883914E-01 -3.3128454E+01 
      1019     -1.3181423E+00 -1.7626944E-02 -4.6628088E-02 -2.1468715E-02  7.2256889E-03 -6.1590508E-01 
      1019 SSD -1.4535186E+02 -4.4023695E-01 -1.7787928E+00 -9.8217342E-01  3.9961691E-01 -2.5111063E+01 
      1020     -1.3216212E+00 -2.4614112E-02 -4.7557691E-02 -1.3284092E-02  6.5320736E-03 -3.6546676E-01 
      1020 SSD -1.4556551E+02 -7.4033259E-01 -1.8069008E+00 -6.5376836E-01  3.0200099E-01 -1.4826161E+01 
      1021     -1.3395581E+00 -2.7050536E-02 -4.7061110E-02 -1.2717596E-02 -1.8743472E-02 -1.1834178E-01 
      1021 SSD -1.4618087E+02 -8.7258276E-01 -1.7911416E+00 -6.1948206E-01 -7.8175101E-01 -4.7847806E+00 
      1022     -1.3379976E+00 -3.4396709E-02 -4.9508249E-02  1.6648867E-02  1.4325287E-03  2.5618302E-02 
      1022 SSD -1.4624943E+02 -1.1722481E+00 -1.8600622E+00  6.5731890E-01  1.3418008E-01  9.6193008E-01 
      1023     -1.3306743E+00 -3.5962471E-02 -4.8073450E-02  2.4197085E-02 -1.0362837E-01 -7.1853035E-03 
      1023 SSD -1.4589610E+02 -1.2366502E+00 -1.8050584E+00  1.0794348E+00 -4.2706133E+00 -3.7740105E-01 
      1024     -1.3234212E+00 -3.7232422E-02 -3.7616562E-02  1.8532174E-02 -3.4581749E-01  1.2848953E-03 
      1024 SSD -1.4556742E+02 -1.2773767E+00 -1.3785233E+00  8.3153012E-01 -1.4219989E+01  8.9445084E-02 
      1025     -1.3187845E+00 -3.7766866E-02 -2.9509954E-02  1.0288215E-02 -6.0226869E-01  7.2714218E-03 
      1025 SSD -1.4530500E+02 -1.3008918E+00 -1.0925775E+00  5.6380139E-01 -2.4745454E+01  4.0589662E-01 
      1026     -1.3142826E+00 -3.7991946E-02 -2.1532322E-02  1.7907125E-03 -7.9855168E-01  1.3936701E-02 
      1026 SSD -1.4504860E+02 -1.3197405E+00 -8.0273215E-01  1.8950887E-01 -3.2893220E+01  7.1119976E-01 
      1027     -1.3138123E+00 -3.8116792E-02 -1.4793901E-02 -6.5290673E-03 -8.8959491E-01  1.8555872E-02 
      1027 SSD -1.4496472E+02 -1.3408588E+00 -5.5101265E-01 -2.1969389E-01 -3.6647569E+01  9.3420229E-01 
      1028     -1.3162372E+00 -3.8180714E-02 -7.5600854E-03 -1.2723644E-02 -8.5132792E-01  1.5733939E-02 
      1028 SSD -1.4504973E+02 -1.3536647E+00 -2.4389824E-01 -6.0323463E-01 -3.4756489E+01  7.3377250E-01 
      1029     -1.3221267E+00 -3.8104324E-02 -1.6381661E-03 -1.9252240E-02 -6.8664555E-01  1.0758185E-02 
      1029 SSD -1.4526813E+02 -1.3570064E+00  3.4836515E-02 -9.1907170E-01 -2.7570062E+01  3.0689619E-01 
      1030     -1.3274936E+00 -3.8278732E-02  4.9933934E-03 -1.2701387E-02 -4.4593699E-01 -3.1515553E-03 
      1030 SSD -1.4550286E+02 -1.3625281E+00  3.2371332E-01 -6.4845235E-01 -1.7530393E+01 -2.7213395E-01 
      1031     -1.3429570E+00 -3.8039247E-02  5.8290260E-03 -2.2155488E-02 -1.6317565E-01  3.2328590E-03 
      1031 SSD -1.4601293E+02 -1.3611214E+00  4.0562298E-01 -9.7891293E-01 -6.2054609E+00 -1.3876883E-01 
      1032     -1.3386620E+00  2.5434473E-02  2.0864585E-02  2.3517536E-02  1.0394929E-01  7.6171976E-03 
      1032 SSD -1.4583829E+02  1.2598788E+00  1.0018521E+00  1.0550870E+00  4.2808327E+00  3.8791929E-01 
      1033     -1.3289873E+00  2.6527566E-02  1.1056462E-02  1.8990278E-02  3.4771011E-01 -1.2755640E-03 
      1033 SSD -1.4549754E+02  1.2951967E+00  5.9393577E-01  8.4579657E-01  1.4275326E+01 -9.7066209E-02 
      1034     -1.3223998E+00  2.6943068E-02  3.0703664E-03  1.0269955E-02  6.0539148E-01 -7.0060263E-03 
      1034 SSD -1.4523549E+02  1.3147327E+00  3.1060911E-01  5.6265122E-01  2.4838802E+01 -4.0115365E-01 
      1035     -1.3159404E+00  2.7119959E-02 -4.6610123E-03  1.7378667E-03  8.0125659E-01 -1.4172781E-02 
      1035 SSD -1.4498128E+02  1.3314546E+00  2.7580438E-02  1.8674065E-01  3.2973013E+01 -7.2764914E-01 
      1036     -1.3132608E+00  2.7275179E-02 -1.1130096E-02 -6.6284529E-03  8.9102733E-01 -1.7879785E-02 
      1036 SSD -1.4488666E+02  1.3539466E+00 -2.1383425E-01 -2.2153267E-01  3.6699421E+01 -9.1043166E-01 
      1037     -1.3139426E+00  2.7285969E-02 -1.8222223E-02 -1.2904998E-02  8.5037517E-01 -1.6244184E-02 
      1037 SSD -1.4498669E+02  1.3645846E+00 -5.1714985E-01 -6.1231956E-01  3.4727516E+01 -7.7728450E-01 
      1038     -1.3187121E+00  2.7177188E-02 -2.3999251E-02 -1.9485527E-02  6.8291751E-01 -1.1604522E-02 
      1038 SSD -1.4522625E+02  1.3687098E+00 -7.8889954E-01 -9.2472520E-01  2.7462553E+01 -3.2621461E-01 
      1039     -1.3221975E+00  2.7292549E-02 -3.0795952E-02 -1.2437184E-02  4.4224159E-01  4.1206744E-03 
      1039 SSD -1.4545797E+02  1.3729687E+00 -1.0836916E+00 -6.3901157E-01  1.7426490E+01  2.9789255E-01 
      1040     -1.3337140E+00  2.7373150E-02 -3.0304417E-02 -2.2233586E-02  1.6185080E-01 -1.4506646E-03 
      1040 SSD -1.4591235E+02  1.3804079E+00 -1.1257833E+00 -9.8253351E-01  6.1676955E+00  1.9111013E-01 
      1041      8.7359768E+00 -6.4143027E-03  1.3420397E-02  8.1600481E-04  3.9980207E-03  1.1574838E+00 
      1041 SSD  2.8881450E+02 -1.0193676E-01  6.9664168E-01  3.2096056E-02  2.6587117E-01  5.1706500E+01 
      1042      2.0360406E+01 -6.4796128E-03  6.7392237E-03  6.9631245E-04  2.5136298E-02  1.2026736E+00 
      1042 SSD  8.2138419E+02 -7.8253873E-02  4.2444015E-01  2.8174703E-02  1.3480070E+00  5.6612758E+01 
      1043      3.1229546E+01 -6.2727962E-03  1.2245428E-04  6.8702603E-04  3.8041150E-02  1.0042830E+00 
      1043 SSD  1.3477382E+03 -5.0863731E-02  1.5396998E-01  2.7890797E-02  2.3307230E+00  5.0552712E+01 
      1044      3.9133986E+01 -5.8445946E-03 -6.4489191E-03  6.7984786E-04  3.8724700E-02  5.9985200E-01 
      1044 SSD  1.7598407E+03 -2.0504251E-02 -1.1519489E-01  2.7675383E-02  2.9502868E+00  3.3385241E+01 
      1045      4.2087734E+01 -5.2969147E-03 -1.3009701E-02  6.7806132E-04 -1.1406805E-03 -1.9516757E-03 
      1045 SSD  1.9254099E+03  1.1244372E-02 -3.8381964E-01  2.7615141E-02 -3.4181905E-02 -5.6774064E-02 
      1046      3.9097085E+01 -4.7606566E-03 -1.9579854E-02  6.8058626E-04 -4.0887258E-02 -6.0331572E-01 
      1046 SSD  1.7587468E+03  4.2636990E-02 -6.5269482E-01  2.7684711E-02 -3.0141437E+00 -3.3489427E+01 
      1047      3.1168431E+01 -4.3638159E-03 -2.6183497E-02  6.8969225E-04 -3.9920630E-02 -1.0055506E+00 
      1047 SSD  1.3459041E+03  7.2039573E-02 -9.2271751E-01  2.7960906E-02 -2.3850114E+00 -5.0593426E+01 
      1048      2.0302044E+01 -4.1958406E-03 -3.2883276E-02  7.0397469E-04 -2.6248801E-02 -1.2008249E+00 
      1048 SSD  8.1956653E+02  9.8344173E-02 -1.1955396E+00  2.8385735E-02 -1.3777959E+00 -5.6567965E+01 
      1049      8.7075685E+00 -4.2927846E-03 -3.9795546E-02  8.1450080E-04 -4.0078552E-03 -1.1534207E+00 
      1049 SSD  2.8776671E+02  1.2126294E-01 -1.4745804E+00  3.1865680E-02 -2.6485171E-01 -5.1601072E+01 
      1050      3.9132777E+01  1.7004520E-03 -1.2454826E-02  6.7500432E-04  5.9931888E-01  3.7949821E-02 
      1050 SSD  1.7597467E+03  2.9443118E-01 -3.5179119E-01  2.7504943E-02  3.3382333E+01  2.9286803E+00 
      1051      3.1243035E+01  8.5670632E-03 -1.2015286E-02  6.6972755E-04  1.0022934E+00  3.8257411E-02 
      1051 SSD  1.3479209E+03  5.7293305E-01 -3.2103330E-01  2.7311734E-02  5.0509019E+01  2.3282866E+00 
      1052      2.0398739E+01  1.5243374E-02 -1.1752603E-02  6.6581022E-04  1.2002110E+00  2.8098475E-02 
      1052 SSD  8.2211252E+02  8.4519376E-01 -2.9185504E-01  2.7159442E-02  5.6563355E+01  1.4153195E+00 
      1053      8.7755586E+00  2.1761981E-02 -1.1648828E-02  7.3675802E-04  1.1597191E+00  9.2574324E-03 
      1053 SSD  2.8954835E+02  1.1133520E+00 -2.6293757E-01  3.0501218E-02  5.1757950E+01  3.9009628E-01 
      1054      2.8646978E+01  7.8391465E-03 -5.2977449E-03  6.7352811E-04  9.3001648E-01  4.5623460E-01 
      1054 SSD  1.2130311E+03  5.4001118E-01 -5.0450422E-02  2.7348361E-02  4.5792868E+01  2.3067950E+01 
      1055      2.2569151E+01  7.2802726E-03  1.6699362E-03  6.7555396E-04  7.5107550E-01  7.5119055E-01 
      1055 SSD  9.1654844E+02  5.1068313E-01  2.2508667E-01  2.7536602E-02  3.5731963E+01  3.5736530E+01 
      1056      1.4386563E+01  6.9702824E-03  8.7594615E-03  6.6880025E-04  5.0535356E-01  8.9129643E-01 
      1056 SSD  5.3688452E+02  4.8741841E-01  5.0529352E-01  2.7568562E-02  2.3171234E+01  4.0498421E+01 
      1057      5.8320003E+00  6.9104391E-03  1.5802726E-02  8.1521394E-04  2.3518079E-01  8.3789770E-01 
      1057 SSD  1.5661956E+02  4.7198759E-01  7.9051450E-01  3.5800621E-02  1.0283349E+01  3.6449222E+01 
      1058      2.8641384E+01  6.8187315E-04  9.2416463E-04  6.7995528E-04  4.5544142E-01  9.3033864E-01 
      1058 SSD  1.2129565E+03  2.3453277E-01  1.8937338E-01  2.7784566E-02  2.3058960E+01  4.5797935E+01 
      1059      3.6075434E+01  1.1079101E-03 -5.8293905E-03  6.7704950E-04  5.6413031E-01  5.6436089E-01 
      1059 SSD  1.5904717E+03  2.6277553E-01 -8.2506858E-02  2.7581106E-02  3.0203210E+01  3.0200247E+01 
      1060      1.8543176E+01  5.2003913E-04  7.7560245E-03  6.7877100E-04  3.0615847E-01  1.1098520E+00 
      1060 SSD  7.3180244E+02  2.1201913E-01  4.6386829E-01  2.8043946E-02  1.4746033E+01  5.1592196E+01 
      1061      7.8451870E+00  6.8187904E-04  1.4582820E-02  8.2629427E-04  1.3847170E-01  1.0582948E+00 
      1061 SSD  2.4692429E+02  1.9825890E-01  7.4125561E-01  3.5384720E-02  6.3388457E+00  4.6833432E+01 
      1062      5.8137229E+00  1.9603008E-02  2.6255768E-03  6.6278908E-04  8.4378011E-01  2.3686046E-01 
      1062 SSD  1.5620502E+02  1.0276894E+00  2.8321381E-01  2.3910439E-02  3.6612513E+01  1.0316557E+01 
      1063      1.4391741E+01  1.3630056E-02  2.2662950E-03  6.7233950E-04  8.9050428E-01  5.0536717E-01 
      1063 SSD  5.3706013E+02  7.7783983E-01  2.5782407E-01  2.6991180E-02  4.0466278E+01  2.3165369E+01 
      1064      7.8476667E+00  2.0741875E-02 -4.8389580E-03  6.9888102E-04  1.0622668E+00  1.4191956E-01 
      1064 SSD  2.4687122E+02  1.0737672E+00  2.7691529E-03  2.6745349E-02  4.6941917E+01  6.3998960E+00 
      1065      1.8557812E+01  1.4369011E-02 -4.9443433E-03  6.7226642E-04  1.1086193E+00  3.0753439E-01 
      1065 SSD  7.3207340E+02  8.1052007E-01 -2.1055285E-02  2.7020003E-02  5.1563084E+01  1.4757690E+01 
      1066      4.8998023E-01  1.7114839E-02  1.8644124E-02  5.7541248E-04  2.5999256E-01  2.4717509E-01 
      1066 SSD -7.0801430E+01  9.2759815E-01  9.0551569E-01  2.4809949E-02  1.0650199E+01  1.0231785E+01 
      1067      3.1455663E+00  1.8434299E-02  1.0469094E-02  5.9630379E-04  5.5635140E-01  2.7886730E-01 
      1067 SSD  4.0900623E+01  9.8053098E-01  5.7676681E-01  2.2314385E-02  2.3565452E+01  1.1818130E+01 
      1068      3.1858327E+00  1.3360424E-02  1.6963512E-02  7.8102122E-04  2.7523895E-01  5.4606485E-01 
      1068 SSD  4.2056955E+01  7.4842800E-01  8.3826238E-01  3.4096562E-02  1.1676601E+01  2.3245195E+01 
      1069      8.8580093E+00  1.3208846E-02  9.6764184E-03  6.6594185E-04  5.9308162E-01  5.9364926E-01 
      1069 SSD  2.8811335E+02  7.5370710E-01  5.4430994E-01  2.6968569E-02  2.6206472E+01  2.6238190E+01 
      1070      6.4217504E+00  1.1170076E-02 -3.7084433E-02  6.7482289E-04  2.4501649E-01 -9.0225835E-01 
      1070 SSD  1.8519830E+02  7.0691239E-01 -1.3749894E+00  2.4236251E-02  1.0734150E+01 -3.9411198E+01 
      1071      1.5518423E+01  1.1006010E-02 -3.0843001E-02  6.7612492E-04  5.0110046E-01 -9.3692650E-01 
      1071 SSD  5.9267121E+02  6.8662388E-01 -1.1149393E+00  2.7241661E-02  2.3403036E+01 -4.2670504E+01 
      1072      2.3854208E+01  1.0267672E-02 -2.4714540E-02  6.6568364E-04  7.5321835E-01 -7.5918048E-01 
      1072 SSD  9.8424916E+02  6.4922502E-01 -8.5431781E-01  2.7201432E-02  3.6461989E+01 -3.6614578E+01 
      1073      2.9547412E+01  9.4127852E-03 -1.8515352E-02  6.6456208E-04  9.4027061E-01 -4.1136951E-01 
      1073 SSD  1.2653231E+03  6.0994048E-01 -5.9067943E-01  2.7247184E-02  4.7090163E+01 -2.0872119E+01 
      1074      1.9246715E+01  3.3485105E-03 -3.1858974E-02  7.0142044E-04  2.7511194E-01 -1.1385713E+00 
      1074 SSD  7.6992446E+02  3.9405247E-01 -1.1561119E+00  2.8055218E-02  1.3319088E+01 -5.3304877E+01 
      1075      8.2155533E+00  3.4969943E-03 -3.8545367E-02  7.3383760E-04  1.3727758E-01 -1.1004520E+00 
      1075 SSD  2.6594681E+02  4.2167944E-01 -1.4278588E+00  2.6918022E-02  6.2438950E+00 -4.8970609E+01 
      1076      2.9497444E+01  2.9439303E-03 -2.5377032E-02  6.8318129E-04  4.0735354E-01 -9.4606516E-01 
      1076 SSD  1.2640296E+03  3.6241891E-01 -8.8717973E-01  2.7688640E-02  2.0765353E+01 -4.7233003E+01 
      1077      3.6754478E+01  2.3555199E-03 -1.8967429E-02  6.7544436E-04  5.2972969E-01 -5.3394043E-01 
      1077 SSD  1.6367250E+03  3.2833404E-01 -6.2019726E-01  2.7521827E-02  2.8518904E+01 -2.8634133E+01 
      1078      3.9441743E+00  2.6242415E-02 -3.0397434E-02  5.7817123E-04  6.0552697E-01 -2.9160013E-01 
      1078 SSD  7.3732927E+01  1.2828212E+00 -1.0791634E+00  2.7146241E-02  2.5749726E+01 -1.2439986E+01 
      1079      1.0025639E+01  1.8689487E-02 -3.0114563E-02  6.4459409E-04  6.1785755E-01 -6.3108566E-01 
      1079 SSD  3.4059202E+02  9.8015456E-01 -1.0799091E+00  2.6700323E-02  2.7555055E+01 -2.7907296E+01 
      1080      9.7489593E-01  2.8713122E-02 -3.4145928E-02  3.3926845E-04  2.6774327E-01 -2.8932147E-01 
      1080 SSD -5.1421432E+01  1.3728292E+00 -1.2635577E+00  1.5125773E-02  1.1067079E+01 -1.1701481E+01 
      1081      3.8138538E+00  1.9546507E-02 -3.4976725E-02  5.0242285E-04  2.8302244E-01 -6.1599836E-01 
      1081 SSD  7.0014113E+01  1.0136781E+00 -1.2968342E+00  1.8716428E-02  1.2215981E+01 -2.6076438E+01 
      1082      6.5702680E+00  2.4100557E-02 -2.4417021E-02  7.0202036E-04  9.0379733E-01 -2.4058586E-01 
      1082 SSD  1.8917358E+02  1.2038930E+00 -8.1716932E-01  3.1906821E-02  3.9441198E+01 -1.0581877E+01 
      1083      1.5608424E+01  1.7398019E-02 -2.4341303E-02  6.4521470E-04  9.2513499E-01 -5.0675269E-01 
      1083 SSD  5.9501121E+02  9.2985783E-01 -8.2834764E-01  2.6900270E-02  4.2361604E+01 -2.3540694E+01 
      1084      8.3274376E+00  2.2868307E-02 -1.8404669E-02  7.4877158E-04  1.1044311E+00 -1.3228315E-01 
      1084 SSD  2.6882852E+02  1.1557541E+00 -5.4761355E-01  3.3097695E-02  4.9066658E+01 -6.1094515E+00 
      1085      1.9355953E+01  1.6266026E-02 -1.8319810E-02  6.5362564E-04  1.1336052E+00 -2.7475777E-01 
      1085 SSD  7.7271888E+02  8.8483871E-01 -5.6611553E-01  2.7152566E-02  5.3178885E+01 -1.3318046E+01 
      1086      8.7595824E+00 -3.2317038E-02 -1.4347988E-02  7.3714685E-04 -1.1580145E+00 -1.1028432E-02 
      1086 SSD  2.8899218E+02 -1.0901006E+00 -5.0428598E-01  3.1073583E-02 -5.1709461E+01 -4.3956223E-01 
      1087      2.0367146E+01 -2.5792804E-02 -1.4285606E-02  6.6921149E-04 -1.1987076E+00 -3.0896871E-02 
      1087 SSD  8.2111051E+02 -8.2171150E-01 -4.7650707E-01  2.7415518E-02 -5.6523013E+01 -1.4961592E+00 
      1088      3.1208667E+01 -1.9144657E-02 -1.4023432E-02  6.7232537E-04 -1.0030361E+00 -4.1873253E-02 
      1088 SSD  1.3468757E+03 -5.5014658E-01 -4.4725259E-01  2.7408101E-02 -5.0534513E+01 -2.4341173E+00 
      1089      3.9111937E+01 -1.2291187E-02 -1.3572129E-02  6.7553526E-04 -6.0120919E-01 -4.1731851E-02 
      1089 SSD  1.7591204E+03 -2.7191996E-01 -4.1608703E-01  2.7543790E-02 -3.3439909E+01 -3.0388061E+00 
      1090      1.9352490E+01 -2.6802571E-02 -7.6336798E-03  6.5546143E-04 -1.1332671E+00  2.7181877E-01 
      1090 SSD  7.7260613E+02 -8.6099643E-01 -1.9925267E-01  2.7293928E-02 -5.3173366E+01  1.3217234E+01 
      1091      1.5631215E+01 -2.7897355E-02 -1.5315190E-03  6.6084799E-04 -9.2597910E-01  5.0418949E-01 
      1091 SSD  5.9576939E+02 -9.0518552E-01  6.5962099E-02  2.7378697E-02 -4.2385366E+01  2.3458100E+01 
      1092      1.0057916E+01 -2.9098896E-02  4.2457112E-03  6.6645731E-04 -6.1820804E-01  6.3177044E-01 
      1092 SSD  3.4172657E+02 -9.5313288E-01  3.1773221E-01  2.7358608E-02 -2.7562606E+01  2.7916122E+01 
      1093      3.8302400E+00 -2.9872726E-02  9.0667439E-03  6.4684734E-04 -2.8372366E-01  6.1853660E-01 
      1093 SSD  7.0757491E+01 -9.8477139E-01  5.3363347E-01  2.3359475E-02 -1.2238357E+01  2.6145514E+01 
      1094      6.5859644E+00 -3.4830339E-02 -1.3760022E-03  6.9318900E-04 -9.0415557E-01  2.3973269E-01 
      1094 SSD  1.8969103E+02 -1.1860662E+00  5.7655406E-02  3.1314578E-02 -3.9456138E+01  1.0550800E+01 
      1095      8.3288400E+00 -3.3472759E-02 -7.4676996E-03  7.2711927E-04 -1.1038478E+00  1.3058049E-01 
      1095 SSD  2.6885217E+02 -1.1340162E+00 -2.1531658E-01  3.2662319E-02 -4.9043457E+01  6.0477090E+00 
      1096      3.9636703E+00 -3.6904158E-02  4.7237933E-03  5.4188740E-04 -6.0778644E-01  2.9188861E-01 
      1096 SSD  7.4451717E+01 -1.2630590E+00  3.2282295E-01  2.5715142E-02 -2.5827956E+01  1.2433680E+01 
      1097      9.8151186E-01 -3.9745927E-02  8.9268461E-03  2.8670130E-04 -2.6952476E-01  2.9173430E-01 
      1097 SSD -5.1002901E+01 -1.3635929E+00  5.2082786E-01  1.3062684E-02 -1.1127791E+01  1.1771827E+01 
      1098      2.9540925E+01 -1.3504308E-02 -6.3218374E-04  6.8302064E-04 -4.0907353E-01  9.4429456E-01 
      1098 SSD  1.2653578E+03 -3.3911132E-01  1.2014396E-01  2.7683384E-02 -2.0814105E+01  4.7176756E+01 
      1099      2.3884938E+01 -2.0827044E-02 -1.2163387E-03  6.6485862E-04 -7.5401820E-01  7.5709596E-01 
      1099 SSD  9.8522352E+02 -6.2606071E-01  8.9837519E-02  2.7198966E-02 -3.6483171E+01  3.6546730E+01 
      1100      3.6770830E+01 -1.2922472E-02 -7.0365304E-03  6.7504970E-04 -5.3170608E-01  5.3033105E-01 
      1100 SSD  1.6372118E+03 -3.0513125E-01 -1.4686237E-01  2.7530386E-02 -2.8577579E+01  2.8523572E+01 
      1101      2.9548817E+01 -1.9967920E-02 -7.4606550E-03  6.6658114E-04 -9.4137356E-01  4.0770224E-01 
      1101 SSD  1.2653707E+03 -5.8650218E-01 -1.7546211E-01  2.7329666E-02 -4.7121840E+01  2.0757482E+01 
      1102      8.2400250E+00 -1.4055455E-02  1.2301300E-02  7.3369883E-04 -1.3797044E-01  1.1036305E+00 
      1102 SSD  2.6688454E+02 -3.9839000E-01  6.5439261E-01  2.6842698E-02 -6.2638777E+00  4.9054236E+01 
      1103      1.9293500E+01 -1.3902552E-02  5.7851320E-03  7.0141526E-04 -2.7622824E-01  1.1397115E+00 
      1103 SSD  7.7142308E+02 -3.7065784E-01  3.8727614E-01  2.8017834E-02 -1.3349668E+01  5.3327862E+01 
      1104      6.4418814E+00 -2.1904776E-02  1.1178358E-02  6.6029603E-04 -2.4510138E-01  9.0527636E-01 
      1104 SSD  1.8603117E+02 -6.8927625E-01  6.1129485E-01  2.3867772E-02 -1.0731285E+01  3.9494486E+01 
      1105      1.5556365E+01 -2.1611170E-02  4.9035407E-03  6.6943700E-04 -5.0174751E-01  9.3744219E-01 
      1105 SSD  5.9394431E+02 -6.6498653E-01  3.5028750E-01  2.7063719E-02 -2.3417446E+01  4.2674304E+01 
      1106      3.1637008E+00 -2.3966929E-02 -4.3458611E-02  7.7441185E-04 -2.7482309E-01 -5.4299483E-01 
      1106 SSD  4.1138111E+01 -7.2734482E-01 -1.6203064E+00  3.4050066E-02 -1.1673977E+01 -2.3166556E+01 
      1107      8.8047429E+00 -2.3853404E-02 -3.6066169E-02  6.6605254E-04 -5.9061711E-01 -5.9045088E-01 
      1107 SSD  2.8637368E+02 -7.3370649E-01 -1.3234674E+00  2.7149716E-02 -2.6141639E+01 -2.6152427E+01 
      1108      1.4319884E+01 -2.4246689E-02 -2.8554987E-02  6.7904336E-04 -8.8763878E-01 -5.0510037E-01 
      1108 SSD  5.3484119E+02 -7.5678694E-01 -1.0342077E+00  2.7254599E-02 -4.0389106E+01 -2.3163337E+01 
      1109      1.8498227E+01 -2.4943672E-02 -2.1214225E-02  6.7372527E-04 -1.1064694E+00 -3.1049118E-01 
      1109 SSD  7.3025225E+02 -7.8791788E-01 -7.5138824E-01  2.7139860E-02 -5.1500757E+01 -1.4845336E+01 
      1110      3.1224900E+00 -2.9231508E-02 -3.6934257E-02  5.9646099E-04 -5.5254090E-01 -2.7746955E-01 
      1110 SSD  3.9995170E+01 -9.6572270E-01 -1.3585078E+00  2.1940018E-02 -2.3455645E+01 -1.1784764E+01 
      1111      4.8479051E-01 -2.8323859E-02 -4.5296688E-02  6.4335573E-04 -2.5736775E-01 -2.4482476E-01 
      1111 SSD -7.1249380E+01 -9.2502109E-01 -1.6925790E+00  2.7043055E-02 -1.0571866E+01 -1.0166884E+01 
      1112      5.7790083E+00 -3.0225784E-02 -2.8974718E-02  6.6461331E-04 -8.3890294E-01 -2.3631147E-01 
      1112 SSD  1.5501939E+02 -1.0072820E+00 -1.0620019E+00  2.4523286E-02 -3.6473478E+01 -1.0305260E+01 
      1113      7.8165499E+00 -3.1292894E-02 -2.1328941E-02  6.9369936E-04 -1.0583697E+00 -1.4341931E-01 
      1113 SSD  2.4585444E+02 -1.0506450E+00 -7.7606551E-01  2.6922544E-02 -4.6832776E+01 -6.4511425E+00 
      1114      1.8476651E+01 -1.1392058E-02 -3.3961757E-02  6.8813525E-04 -3.0670046E-01 -1.1068331E+00 
      1114 SSD  7.2976246E+02 -1.9820797E-01 -1.2369641E+00  2.8222321E-02 -1.4760392E+01 -5.1511705E+01 
      1115      1.4319653E+01 -1.7800903E-02 -3.5061635E-02  6.6221780E-04 -5.0505472E-01 -8.8746430E-01 
      1115 SSD  5.3481446E+02 -4.7273763E-01 -1.2815337E+00  2.7481176E-02 -2.3169347E+01 -4.0393309E+01 
      1116      7.8189032E+00 -1.1737792E-02 -4.0893009E-02  8.2746421E-04 -1.3787318E-01 -1.0532300E+00 
      1116 SSD  2.4597449E+02 -1.9012899E-01 -1.5175166E+00  3.5059973E-02 -6.3152934E+00 -4.6694143E+01 
      1117      5.8072113E+00 -1.7869287E-02 -4.2065839E-02  7.8545093E-04 -2.3543519E-01 -8.3327278E-01 
      1117 SSD  1.5570446E+02 -4.6125460E-01 -1.5652377E+00  3.5058169E-02 -1.0297200E+01 -3.6321956E+01 
      1118      3.6018788E+01 -1.1749198E-02 -2.0240046E-02  6.7874450E-04 -5.6596512E-01 -5.6775479E-01 
      1118 SSD  1.5887909E+03 -2.4182946E-01 -6.8671154E-01  2.7630613E-02 -3.0258012E+01 -3.0300907E+01 
      1119      2.8563814E+01 -1.1412999E-02 -2.7051667E-02  6.8431679E-04 -4.5695911E-01 -9.3100912E-01 
      1119 SSD  1.2106429E+03 -2.1638493E-01 -9.6025985E-01  2.7877849E-02 -2.3104073E+01 -4.5819549E+01 
      1120      2.8579092E+01 -1.8464358E-02 -2.0823702E-02  6.7641874E-04 -9.3041402E-01 -4.5948312E-01 
      1120 SSD  1.2109953E+03 -5.1874597E-01 -7.2053808E-01  2.7449118E-02 -4.5808707E+01 -2.3165247E+01 
      1121      2.2484042E+01 -1.7989155E-02 -2.7886666E-02  6.7633342E-04 -7.5122195E-01 -7.5129747E-01 
      1121 SSD  9.1399152E+02 -4.9212986E-01 -9.9892088E-01  2.7553741E-02 -3.5740427E+01 -3.5740704E+01 

