      NODE            V1             V2             V3             VR1            VR2            VR3
      1001     -1.5755208E+00 -4.4965054E-02  1.7529075E-02  2.0965523E-02  5.9981610E-02 -5.3934303E-02 
      1001 SSD -1.5218106E+02 -1.5258591E+00  9.5828795E-01  7.3358392E-01  2.0365524E+00 -1.9560051E+00 
      1002     -1.5605126E+00 -5.9762839E-02  1.4904991E-02  6.2149984E-02 -4.1193750E-03  1.7968285E-01 
      1002 SSD -1.5163134E+02 -1.9050701E+00  8.9009180E-01  2.2582925E+00  1.7919687E-01  6.3266270E+00 
      1003     -1.5410320E+00 -3.5692559E-02  1.8671919E-02  1.9337260E-02  8.5409642E-04  5.4817229E-01 
      1003 SSD -1.5102372E+02 -1.1100439E+00  1.0006029E+00  7.9448699E-01  1.8255022E-01  1.9396065E+01 
      1004     -1.5378431E+00 -2.9105431E-02  1.8186502E-02  1.0067331E-02 -1.7120854E-02  8.8685201E-01 
      1004 SSD -1.5082507E+02 -8.8069885E-01  9.9040326E-01  5.4429664E-01 -4.2554348E-01  3.1677672E+01 
      1005     -1.5314464E+00 -1.8385801E-02  1.8727194E-02 -2.9122031E-03 -2.4304591E-02  1.1241412E+00 
      1005 SSD -1.5057081E+02 -5.2913512E-01  1.0144907E+00  5.5642303E-02 -9.6614005E-01  4.0474887E+01 
      1006     -1.5293136E+00 -8.7143581E-03  1.9091254E-02 -1.6359292E-02 -2.5760876E-02  1.1955668E+00 
      1006 SSD -1.5045277E+02 -1.7940757E-01  1.0441693E+00 -5.2565259E-01 -1.0994329E+00  4.3143142E+01 
      1007     -1.5325026E+00 -4.1763390E-04  1.9173901E-02 -2.3574723E-02 -1.9812638E-02  1.0904780E+00 
      1007 SSD -1.5058671E+02  1.7156750E-01  1.0623961E+00 -9.2887264E-01 -8.4024886E-01  3.9087710E+01 
      1008     -1.5420085E+00  5.1211719E-03  1.8709816E-02 -2.6683666E-02 -9.9477330E-03  8.3820293E-01 
      1008 SSD -1.5093811E+02  4.3503015E-01  1.0559323E+00 -1.0684113E+00 -4.8065445E-01  2.9767749E+01 
      1009     -1.5471588E+00  1.5522752E-02  2.0259033E-02 -1.5823960E-02 -7.9328974E-03  5.0225707E-01 
      1009 SSD -1.5119037E+02  8.3484127E-01  1.0977349E+00 -6.9032174E-01 -3.2893004E-01  1.7716937E+01 
      1010     -1.5707527E+00  1.4568135E-02  1.9757574E-02 -2.1595831E-02  2.6036341E-02  1.6152968E-01 
      1010 SSD -1.5189746E+02  8.9003652E-01  1.0836762E+00 -8.7660617E-01  9.3240129E-01  5.6753087E+00 
      1011     -1.5688387E+00  2.5894436E-02  2.3946836E-02  3.0386208E-02 -6.3722421E-03 -3.1345076E-02 
      1011 SSD -1.5196635E+02  1.2971520E+00  1.1895784E+00  1.0206652E+00 -2.9212251E-01 -1.0356336E+00 
      1012     -1.5601647E+00  2.6819283E-02 -5.9610666E-02  2.1581581E-02 -6.1877324E-02  5.0076364E-02 
      1012 SSD -1.5204890E+02  1.3972958E+00 -1.9945050E+00  7.5600625E-01 -2.1007414E+00  1.8236001E+00 
      1013     -1.5449974E+00  4.2224231E-02 -5.6705873E-02  5.2595255E-02  4.2041767E-03 -1.7703224E-01 
      1013 SSD -1.5149971E+02  1.7950561E+00 -1.9185299E+00  1.9456170E+00 -1.7729753E-01 -6.2475327E+00 
      1014     -1.5258768E+00  2.1899535E-02 -5.9438884E-02  2.2126523E-02 -1.0011459E-03 -5.4462784E-01 
      1014 SSD -1.5090783E+02  1.0964170E+00 -2.0017179E+00  8.7856206E-01 -1.8654299E-01 -1.9291971E+01 
      1015     -1.5231079E+00  1.2252335E-02 -5.8890510E-02  9.3784070E-03  1.7103953E-02 -8.8307915E-01 
      1015 SSD -1.5072771E+02  7.8754320E-01 -1.9893623E+00  5.2848198E-01  4.2479438E-01 -3.1577754E+01 
      1016     -1.5168251E+00  2.6151094E-03 -5.9057070E-02 -2.9482742E-03  2.4338065E-02 -1.1193664E+00 
      1016 SSD -1.5048232E+02  4.6360211E-01 -2.0041640E+00  4.6899273E-02  9.6423104E-01 -4.0347842E+01 
      1017     -1.5148213E+00 -7.2648573E-03 -5.9244643E-02 -1.4763621E-02  2.6232455E-02 -1.1912457E+00 
      1017 SSD -1.5037261E+02  1.1239822E-01 -2.0289250E+00 -4.7949782E-01  1.1160204E+00 -4.3029039E+01 
      1018     -1.5184201E+00 -1.7113849E-02 -5.9495446E-02 -2.1696172E-02  1.9656947E-02 -1.0878457E+00 
      1018 SSD -1.5052560E+02 -2.8282873E-01 -2.0514864E+00 -8.5720591E-01  8.3742832E-01 -3.9039769E+01 
      1019     -1.5283387E+00 -2.2687903E-02 -5.9251670E-02 -2.8553246E-02  9.0101437E-03 -8.3425822E-01 
      1019 SSD -1.5089596E+02 -5.4939234E-01 -2.0513086E+00 -1.1391912E+00  4.4885979E-01 -2.9679275E+01 
      1020     -1.5329357E+00 -3.0640052E-02 -6.0542823E-02 -1.7521388E-02  8.4929581E-03 -4.9704286E-01 
      1020 SSD -1.5113855E+02 -8.8089752E-01 -2.0857698E+00 -7.5391164E-01  3.4785382E-01 -1.7572079E+01 
      1021     -1.5572302E+00 -3.2688202E-02 -5.9957539E-02 -1.6756307E-02 -2.6107031E-02 -1.6145919E-01 
      1021 SSD -1.5187191E+02 -1.0175794E+00 -2.0683596E+00 -7.1523105E-01 -9.3597370E-01 -5.6831469E+00 
      1022     -1.5553243E+00 -4.1313568E-02 -6.3359109E-02  2.3028541E-02  2.3593143E-03  3.5201599E-02 
      1022 SSD -1.5194620E+02 -1.3536446E+00 -2.1532832E+00  7.8766757E-01  1.6126669E-01  1.1523070E+00 
      1023     -1.5453811E+00 -4.3542806E-02 -6.2642795E-02  3.3463147E-02 -1.4090046E-01 -9.8989435E-03 
      1023 SSD -1.5153400E+02 -1.4317980E+00 -2.1053460E+00  1.2827061E+00 -5.0572597E+00 -4.4265720E-01 
      1024     -1.5359170E+00 -4.5256397E-02 -4.9419521E-02  2.4281825E-02 -4.6933570E-01  1.2521042E-03 
      1024 SSD -1.5115690E+02 -1.4808069E+00 -1.6121117E+00  9.6105324E-01 -1.6821391E+01  9.3837037E-02 
      1025     -1.5299930E+00 -4.6009125E-02 -3.9489259E-02  1.2775647E-02 -8.1487463E-01  8.9835481E-03 
      1025 SSD -1.5086182E+02 -1.5089716E+00 -1.2832836E+00  6.3189494E-01 -2.9215349E+01  4.5464305E-01 
      1026     -1.5245543E+00 -4.6275543E-02 -2.9565710E-02  1.0217112E-03 -1.0771629E+00  1.8006646E-02 
      1026 SSD -1.5058023E+02 -1.5294915E+00 -9.4725923E-01  1.8680550E-01 -3.8750414E+01  8.1153526E-01 
      1027     -1.5243424E+00 -4.6361749E-02 -2.1387427E-02 -9.8938582E-03 -1.1967043E+00  2.3941498E-02 
      1027 SSD -1.5049714E+02 -1.5512627E+00 -6.5881117E-01 -2.8245768E-01 -4.3102570E+01  1.0618810E+00 
      1028     -1.5275779E+00 -4.6420543E-02 -1.2976529E-02 -1.7429446E-02 -1.1444600E+00  2.0478288E-02 
      1028 SSD -1.5059925E+02 -1.5649462E+00 -3.1705011E-01 -7.0520463E-01 -4.0897549E+01  8.4102320E-01 
      1029     -1.5354853E+00 -4.6351621E-02 -6.5517330E-03 -2.5451434E-02 -9.2464396E-01  1.5096431E-02 
      1029 SSD -1.5086000E+02 -1.5689691E+00 -1.4711926E-02 -1.0592334E+00 -3.2524193E+01  3.8952878E-01 
      1030     -1.5426854E+00 -4.6668518E-02  8.1880148E-04 -1.6543810E-02 -6.0166122E-01 -3.0411326E-03 
      1030 SSD -1.5113791E+02 -1.5769861E+00  3.0167972E-01 -7.4247739E-01 -2.0742981E+01 -2.8160581E-01 
      1031     -1.5636732E+00 -4.6429876E-02  8.3436916E-04 -2.9076941E-02 -2.2027219E-01  6.2487600E-03 
      1031 SSD -1.5175447E+02 -1.5761303E+00  3.8005306E-01 -1.1350143E+00 -7.3649911E+00 -1.0090926E-01 
      1032     -1.5565164E+00  2.7415114E-02  2.1144866E-02  3.2560568E-02  1.4131601E-01  1.0518199E-02 
      1032 SSD -1.5155211E+02  1.3571910E+00  1.0855188E+00  1.2542180E+00  5.0708114E+00  4.5700637E-01 
      1033     -1.5434436E+00  2.8905265E-02  8.8186997E-03  2.4905197E-02  4.7188083E-01 -1.2111634E-03 
      1033 SSD -1.5114184E+02  1.3999648E+00  6.1514402E-01  9.7846336E-01  1.6892056E+01 -1.0106192E-01 
      1034     -1.5345340E+00  2.9509768E-02 -9.4185888E-04  1.2764425E-02  8.1905544E-01 -8.6293378E-03 
      1034 SSD -1.5082858E+02  1.4236155E+00  2.8974095E-01  6.3082902E-01  2.9333317E+01 -4.4823614E-01 
      1035     -1.5260971E+00  2.9726545E-02 -1.0530911E-02  9.5608978E-04  1.0807027E+00 -1.8283160E-02 
      1035 SSD -1.5053084E+02  1.4419383E+00 -3.7957894E-02  1.8352417E-01  3.8851097E+01 -8.2923796E-01 
      1036     -1.5226275E+00  2.9851063E-02 -1.8382844E-02 -1.0032521E-02  1.1983335E+00 -2.3069172E-02 
      1036 SSD -1.5041815E+02  1.4652633E+00 -3.1493417E-01 -2.8515234E-01  4.3163609E+01 -1.0338907E+00 
      1037     -1.5230803E+00  2.9850328E-02 -2.6610595E-02 -1.7644111E-02  1.1428888E+00 -2.0979778E-02 
      1037 SSD -1.5051752E+02  1.4766218E+00 -6.5216908E-01 -7.1523554E-01  4.0861306E+01 -8.8593167E-01 
      1038     -1.5291055E+00  2.9718299E-02 -3.2892220E-02 -2.5762011E-02  9.1931335E-01 -1.6290210E-02 
      1038 SSD -1.5078564E+02  1.4810359E+00 -9.4728318E-01 -1.0663409E+00  3.2390694E+01 -4.1470318E-01 
      1039     -1.5335185E+00  2.9942938E-02 -4.0473147E-02 -1.6215139E-02  5.9634996E-01  4.3288615E-03 
      1039 SSD -1.5104384E+02  1.4872910E+00 -1.2704465E+00 -7.3163686E-01  2.0612120E+01  3.1344491E-01 
      1040     -1.5488945E+00  3.0117556E-02 -3.8777067E-02 -2.9136142E-02  2.1834634E-01 -3.7491629E-03 
      1040 SSD -1.5157543E+02  1.4969217E+00 -1.3020375E+00 -1.1385601E+00  7.3171684E+00  1.6649959E-01 
      1041      1.1868224E+01 -9.0231012E-03  1.0972163E-02  9.8118218E-04  1.5944728E-03  1.5309861E+00 
      1041 SSD  3.5559439E+02 -1.5371367E-01  7.2322289E-01  3.6384316E-02  2.3645645E-01  5.9961551E+01 
      1042      2.7158829E+01 -9.3293846E-03  3.1403957E-03  8.1892976E-04  2.5939958E-02  1.5725001E+00 
      1042 SSD  9.7024790E+02 -1.3237376E-01  4.1766577E-01  3.1648989E-02  1.4047677E+00  6.5009810E+01 
      1043      4.1296661E+01 -9.2199647E-03 -4.6009039E-03  8.0680663E-04  4.0351231E-02  1.2968992E+00 
      1043 SSD  1.5717534E+03 -1.0505301E-01  1.1432083E-01  3.1313350E-02  2.4419928E+00  5.7402562E+01 
      1044      5.1442360E+01 -8.7631610E-03 -1.2283406E-02  7.9735711E-04  4.0757947E-02  7.6126786E-01 
      1044 SSD  2.0371580E+03 -7.2752832E-02 -1.8744270E-01  3.1055944E-02  3.0765203E+00  3.7349813E+01 
      1045      5.5189098E+01 -8.1146828E-03 -1.9956478E-02  7.9508773E-04 -1.5974491E-03 -2.7342615E-03 
      1045 SSD  2.2222610E+03 -3.7917317E-02 -4.8864171E-01  3.0985828E-02 -4.4343155E-02 -7.2119219E-02 
      1046      5.1391141E+01 -7.4810465E-03 -2.7643037E-02  7.9849156E-04 -4.3821186E-02 -7.6603023E-01 
      1046 SSD  2.0357821E+03 -3.5008415E-03 -7.9016288E-01  3.1071198E-02 -3.1603475E+00 -3.7479558E+01 
      1047      4.1212383E+01 -7.0653696E-03 -3.5371322E-02  8.1049734E-04 -4.3061476E-02 -1.2985884E+00 
      1047 SSD  1.5694646E+03  2.7664519E-02 -1.0930205E+00  3.1400949E-02 -2.5145031E+00 -5.7451242E+01 
      1048      2.7079088E+01 -7.0086838E-03 -4.3225291E-02  8.2928142E-04 -2.7602349E-02 -1.5698466E+00 
      1048 SSD  9.6801063E+02  5.3655916E-02 -1.3992451E+00  3.1906955E-02 -1.4464875E+00 -6.4949390E+01 
      1049      1.1830541E+01 -7.3602649E-03 -5.1360094E-02  9.8184037E-04 -1.7131931E-03 -1.5253278E+00 
      1049 SSD  3.5435931E+02  7.4000718E-02 -1.7129314E+00  3.6178598E-02 -2.3802120E-01 -5.9825813E+01 
      1050      5.1441604E+01  1.1525214E-04 -1.9303147E-02  7.9134970E-04  7.6034650E-01  3.9686864E-02 
      1050 SSD  2.0370619E+03  2.8016508E-01 -4.5347894E-01  3.0861552E-02  3.7342581E+01  3.0502197E+00 
      1051      4.1318193E+01  8.1796069E-03 -1.8835224E-02  7.8491520E-04  1.2939532E+00  4.0710136E-02 
      1051 SSD  1.5720354E+03  5.9288498E-01 -4.2070554E-01  3.0643013E-02  5.7345384E+01  2.4408408E+00 
      1052      2.7215986E+01  1.5994532E-02 -1.8656620E-02  7.8065045E-04  1.5690475E+00  3.0177394E-02 
      1052 SSD  9.7122977E+02  8.9824193E-01 -3.9129011E-01  3.0477537E-02  6.4946750E+01  1.4910018E+00 
      1053      1.1927125E+01  2.3601089E-02 -1.8749368E-02  8.8323046E-04  1.5340957E+00  9.1729299E-03 
      1053 SSD  3.5658991E+02  1.1985791E+00 -3.6388283E-01  3.4488399E-02  6.0025198E+01  3.9600531E-01 
      1054      3.8040616E+01  7.2331686E-03 -1.0909234E-02  7.9095324E-04  1.2049911E+00  5.8366954E-01 
      1054 SSD  1.4206999E+03  5.5501904E-01 -1.1604318E-01  3.0715286E-02  5.2172977E+01  2.6076178E+01 
      1055      3.0174052E+01  6.5376335E-03 -2.6114073E-03  7.9167033E-04  9.7889061E-01  9.7912927E-01 
      1055 SSD  1.0828576E+03  5.2210399E-01  1.9562848E-01  3.0890137E-02  4.0933691E+01  4.0939985E+01 
      1056      1.9437067E+01  6.2029018E-03  5.8286939E-03  7.7863260E-04  6.6348459E-01  1.1758713E+00 
      1056 SSD  6.4561466E+02  4.9715937E-01  5.1244574E-01  3.0825923E-02  2.6713002E+01  4.6849140E+01 
      1057      8.0825750E+00  6.2159192E-03  1.4122387E-02  9.6575703E-04  3.1187403E-01  1.1186735E+00 
      1057 SSD  2.0364509E+02  4.8181388E-01  8.3298368E-01  4.0118528E-02  1.1953995E+01  4.2564372E+01 
      1058      3.8031293E+01 -1.0879300E-03 -3.5576385E-03  7.9622498E-04  5.8238805E-01  1.2055732E+00 
      1058 SSD  1.4205799E+03  2.1445432E-01  1.5513593E-01  3.1149907E-02  2.6061378E+01  5.2181229E+01 
      1059      4.7598194E+01 -6.1053475E-04 -1.1524479E-02  7.9392040E-04  7.1701341E-01  7.1749385E-01 
      1059 SSD  1.8483072E+03  2.4492627E-01 -1.5098167E-01  3.0948466E-02  3.3907784E+01  3.3907256E+01 
      1060      2.4853215E+01 -1.1761291E-03  4.5044785E-03  7.9062328E-04  3.9401383E-01  1.4560827E+00 
      1060 SSD  8.6911331E+02  1.9180230E-01  4.6422784E-01  3.1349967E-02  1.6776764E+01  5.9407372E+01 
      1061      1.0729740E+01 -8.1302046E-04  1.2511656E-02  9.8029908E-04  1.7973589E-01  1.4054582E+00 
      1061 SSD  3.0797858E+02  1.8012942E-01  7.7555079E-01  3.9689217E-02  7.2666955E+00  5.4463684E+01 
      1062      8.0549640E+00  2.0732695E-02 -1.4797008E-03  8.0168919E-04  1.1268411E+00  3.1444109E-01 
      1062 SSD  2.0308018E+02  1.0981842E+00  2.5940895E-01  2.7425306E-02  4.2766303E+01  1.2000103E+01 
      1063      1.9443484E+01  1.3840144E-02 -1.8855193E-03  7.9396226E-04  1.1750516E+00  6.6364008E-01 
      1063 SSD  6.4581165E+02  8.1931747E-01  2.3194745E-01  3.0412788E-02  4.6815497E+01  2.6708192E+01 
      1064      1.0733936E+01  2.2235827E-02 -1.0593637E-02  8.4818302E-04  1.4109544E+00  1.8496229E-01 
      1064 SSD  3.0792976E+02  1.1518772E+00 -6.2239188E-02  3.0596262E-02  5.4597044E+01  7.3525350E+00 
      1065      2.4875167E+01  1.4814336E-02 -1.0570624E-02  7.9358406E-04  1.4545235E+00  3.9625766E-01 
      1065 SSD  8.6947854E+02  8.5721959E-01 -8.5380018E-02  3.0434122E-02  5.9373548E+01  1.6798493E+01 
      1066      9.2482057E-01  1.7391198E-02  1.8000155E-02  6.5380257E-04  3.5212116E-01  3.3413598E-01 
      1066 SSD -6.2769802E+01  9.8046865E-01  9.6952337E-01  2.7523484E-02  1.2586995E+01  1.2073618E+01 
      1067      4.4977069E+00  1.9174582E-02  8.0661420E-03  6.9879372E-04  7.4766120E-01  3.7381568E-01 
      1067 SSD  6.8525092E+01  1.0429626E+00  5.9517239E-01  2.5184232E-02  2.7668032E+01  1.3853224E+01 
      1068      4.5553544E+00  1.3520415E-02  1.5699387E-02  9.2564665E-04  3.6906673E-01  7.3335386E-01 
      1068 SSD  6.9980654E+01  7.8704026E-01  8.8944316E-01  3.8282050E-02  1.3688100E+01  2.7275687E+01 
      1069      1.2131550E+01  1.3303441E-02  7.0320718E-03  7.8103507E-04  7.8810223E-01  7.8856252E-01 
      1069 SSD  3.5743832E+02  7.9205760E-01  5.5761626E-01  3.0284620E-02  3.0491323E+01  3.0522994E+01 
      1070      8.7706464E+00  1.1381815E-02 -4.7732083E-02  8.0871343E-04  3.2575754E-01 -1.1938729E+00 
      1070 SSD  2.3500655E+02  7.4240638E-01 -1.5951047E+00  2.7652520E-02  1.2487412E+01 -4.5810914E+01 
      1071      2.0751978E+01  1.1270347E-02 -4.0494201E-02  7.9700289E-04  6.5792509E-01 -1.2296395E+00 
      1071 SSD  7.0648095E+02  7.2175774E-01 -1.3042816E+00  3.0666797E-02  2.6937483E+01 -4.9215451E+01 
      1072      3.1647197E+01  1.0371658E-02 -3.3492543E-02  7.7851210E-04  9.8019872E-01 -9.8867661E-01 
      1072 SSD  1.1560005E+03  6.8020251E-01 -1.0149261E+00  3.0496492E-02  4.1676520E+01 -4.1869332E+01 
      1073      3.9057817E+01  9.2822551E-03 -2.6392860E-02  7.7653387E-04  1.2150772E+00 -5.3594682E-01 
      1073 SSD  1.4766813E+03  6.3554408E-01 -7.2209769E-01  3.0528473E-02  5.3510385E+01 -2.3767544E+01 
      1074      2.5649741E+01  1.9908944E-03 -4.1842831E-02  8.3024215E-04  3.6201521E-01 -1.4885835E+00 
      1074 SSD  9.1016461E+02  3.8795532E-01 -1.3524767E+00  3.1626967E-02  1.5286166E+01 -6.1233675E+01 
      1075      1.1153232E+01  1.9707881E-03 -4.9686720E-02  8.8812467E-04  1.8277304E-01 -1.4536230E+00 
      1075 SSD  3.2863461E+02  4.1435176E-01 -1.6576712E+00  3.0795561E-02  7.2356579E+00 -5.6774937E+01 
      1076      3.8986962E+01  1.6062974E-03 -3.4322175E-02  8.0291237E-04  5.3026475E-01 -1.2232678E+00 
      1076 SSD  1.4750412E+03  3.5514005E-01 -1.0520214E+00  3.1105828E-02  2.3631477E+01 -5.3690580E+01 
      1077      4.8343908E+01  9.2182807E-04 -2.6895660E-02  7.9179450E-04  6.7960687E-01 -6.8558985E-01 
      1077 SSD  1.8971954E+03  3.1799119E-01 -7.5395109E-01  3.0879985E-02  3.2122701E+01 -3.2269585E+01 
      1078      5.4923243E+00  2.9589217E-02 -3.9956273E-02  6.5173806E-04  8.0389980E-01 -3.8862341E-01 
      1078 SSD  1.0573822E+02  1.3986402E+00 -1.2646449E+00  2.9981334E-02  3.0056072E+01 -1.4529785E+01 
      1079      1.3530202E+01  2.0579059E-02 -3.9552692E-02  7.4925866E-04  8.1498885E-01 -8.3346847E-01 
      1079 SSD  4.1566361E+02  1.0564988E+00 -1.2641289E+00  2.9871757E-02  3.1926711E+01 -3.2363377E+01 
      1080      1.5346891E+00  3.2930700E-02 -4.3806690E-02  3.2545656E-04  3.5723174E-01 -3.8755044E-01 
      1080 SSD -4.0614856E+01  1.5059229E+00 -1.4637274E+00  1.5930479E-02  1.2986040E+01 -1.3769775E+01 
      1081      5.3100808E+00  2.1709720E-02 -4.4927199E-02  5.6303396E-04  3.7679825E-01 -8.1854375E-01 
      1081 SSD  1.0115167E+02  1.0955686E+00 -1.5029523E+00  2.0748234E-02  1.4254761E+01 -3.0456002E+01 
      1082      8.9792153E+00  2.6738476E-02 -3.3303175E-02  8.1054511E-04  1.1956934E+00 -3.1986710E-01 
      1082 SSD  2.3994397E+02  1.3055069E+00 -9.7707520E-01  3.5430953E-02  4.5845078E+01 -1.2305988E+01 
      1083      2.0877969E+01  1.8879970E-02 -3.3086427E-02  7.4612861E-04  1.2132815E+00 -6.6589506E-01 
      1083 SSD  7.0939362E+02  9.9788513E-01 -9.8697416E-01  3.0003806E-02  4.8834092E+01 -2.7111084E+01 
      1084      1.1311708E+01  2.5086018E-02 -2.6591783E-02  8.8169292E-04  1.4590670E+00 -1.7577791E-01 
      1084 SSD  3.3224157E+02  1.2487292E+00 -6.8118447E-01  3.7015874E-02  5.6895229E+01 -7.0685047E+00 
      1085      2.5803734E+01  1.7373668E-02 -2.6280895E-02  7.5907187E-04  1.4816436E+00 -3.6162206E-01 
      1085 SSD  9.1367271E+02  9.4515449E-01 -6.9740817E-01  3.0330028E-02  6.1078624E+01 -1.5286861E+01 
      1086      1.1905531E+01 -3.9769169E-02 -2.1119641E-02  8.7588008E-04 -1.5317116E+00 -1.1669303E-02 
      1086 SSD  3.5590403E+02 -1.2732532E+00 -6.1268065E-01  3.4958330E-02 -5.9960275E+01 -4.5924524E-01 
      1087      2.7172516E+01 -3.2158406E-02 -2.1272785E-02  7.8282075E-04 -1.5669196E+00 -3.4180665E-02 
      1087 SSD  9.6995589E+02 -9.7272082E-01 -5.8671355E-01  3.0722497E-02 -6.4893573E+01 -1.5955551E+00 
      1088      4.1270389E+01 -2.4383460E-02 -2.1099413E-02  7.8798569E-04 -1.2949258E+00 -4.5810995E-02 
      1088 SSD  1.5706904E+03 -6.6826707E-01 -5.5728212E-01  3.0749244E-02 -5.7376395E+01 -2.5760999E+00 
      1089      5.1412422E+01 -1.6339094E-02 -2.0618835E-02  7.9160784E-04 -7.6298162E-01 -4.5003892E-02 
      1089 SSD  2.0362503E+03 -3.5593888E-01 -5.2407275E-01  3.0897257E-02 -3.7416793E+01 -3.1905739E+00 
      1090      2.5799133E+01 -3.3521887E-02 -1.3546574E-02  7.5958430E-04 -1.4811033E+00  3.5769986E-01 
      1090 SSD  9.1350582E+02 -1.0192068E+00 -2.7724698E-01  3.0455644E-02 -6.1068974E+01  1.5165277E+01 
      1091      2.0908312E+01 -3.4976564E-02 -6.6489186E-03  7.6618651E-04 -1.2143625E+00  6.6250905E-01 
      1091 SSD  7.1027764E+02 -1.0708667E+00  1.5568667E-02  3.0565753E-02 -4.8861607E+01  2.7011830E+01 
      1092      1.3572474E+01 -3.6554419E-02 -1.8201300E-04  7.7940356E-04 -8.1542847E-01  8.3449904E-01 
      1092 SSD  4.1698574E+02 -1.1266082E+00  2.9288485E-01  3.0682655E-02 -3.1935364E+01  3.2376764E+01 
      1093      5.3298148E+00 -3.7573101E-02  5.1321098E-03  7.5365001E-04 -3.7771706E-01  8.2206905E-01 
      1093 SSD  1.0197261E+02 -1.1633597E+00  5.3034806E-01  2.6260979E-02 -1.4280774E+01  3.0542330E+01 
      1094      9.0002951E+00 -4.3128776E-02 -6.3353350E-03  7.9842264E-04 -1.1961964E+00  3.1876004E-01 
      1094 SSD  2.4055623E+02 -1.3864203E+00  8.8853868E-03  3.4756757E-02 -4.5861165E+01  1.2269163E+01 
      1095      1.1313824E+01 -4.1319853E-02 -1.3127855E-02  8.4719546E-04 -1.4583550E+00  1.7353056E-01 
      1095 SSD  3.3226265E+02 -1.3251816E+00 -2.9057622E-01  3.6370623E-02 -5.6866309E+01  6.9954061E+00 
      1096      5.5178286E+00 -4.5886661E-02  4.6969616E-04  6.0672786E-04 -8.0689371E-01  3.8913443E-01 
      1096 SSD  1.0657548E+02 -1.4771830E+00  3.0019364E-01  2.8369805E-02 -3.0147544E+01  1.4525801E+01 
      1097      1.5415854E+00 -4.9697330E-02  4.9060340E-03  2.6049221E-04 -3.5958078E-01  3.9094479E-01 
      1097 SSD -4.0172174E+01 -1.5967096E+00  5.1524450E-01  1.3582404E-02 -1.3057056E+01  1.3857742E+01 
      1098      3.9046020E+01 -1.7790777E-02 -5.5844342E-03  8.0255523E-04 -5.3270526E-01  1.2209073E+00 
      1098 SSD  1.4766595E+03 -4.2996381E-01  7.5294160E-02  3.1097086E-02 -2.3695624E+01  5.3622570E+01 
      1099      3.1688206E+01 -2.6550992E-02 -6.3144639E-03  7.7691761E-04 -9.8133288E-01  9.8589819E-01 
      1099 SSD  1.1571525E+03 -7.5509364E-01  4.1151733E-02  3.0481340E-02 -4.1704741E+01  4.1787144E+01 
      1100      4.8366187E+01 -1.7115246E-02 -1.2999086E-02  7.9081953E-04 -6.8237302E-01  6.8066425E-01 
      1100 SSD  1.8977797E+03 -3.9295312E-01 -2.2269522E-01  3.0879807E-02 -3.2198607E+01  3.2132780E+01 
      1101      3.9059370E+01 -2.5457705E-02 -1.3465167E-02  7.7870011E-04 -1.2165689E+00  5.3098858E-01 
      1101 SSD  1.4767013E+03 -7.1015903E-01 -2.5347223E-01  3.0615035E-02 -5.3550194E+01  2.3626893E+01 
      1102      1.1184762E+01 -1.8154238E-02  9.4597496E-03  8.8838353E-04 -1.8376986E-01  1.4580261E+00 
      1102 SSD  3.2971402E+02 -4.8923028E-01  6.7302068E-01  3.0723798E-02 -7.2614498E+00  5.6881184E+01 
      1103      2.5712535E+01 -1.8166915E-02  1.8470741E-03  8.3058621E-04 -3.6363412E-01  1.4902406E+00 
      1103 SSD  9.1196853E+02 -4.6266908E-01  3.7351488E-01  3.1592612E-02 -1.5327265E+01  6.1265684E+01 
      1104      8.7956746E+00 -2.7784630E-02  7.9464196E-03  7.8940271E-04 -3.2593849E-01  1.1980111E+00 
      1104 SSD  2.3594154E+02 -8.2371824E-01  6.2202833E-01  2.7202582E-02 -1.2485794E+01  4.5914316E+01 
      1105      2.0801992E+01 -2.7507118E-02  6.7074492E-04  7.8769772E-04 -6.5884912E-01  1.2304499E+00 
      1105 SSD  7.0797930E+02 -7.9839989E-01  3.3019604E-01  3.0442620E-02 -2.6957203E+01  4.9223270E+01 
      1106      4.5250700E+00 -2.9745836E-02 -5.6237808E-02  9.1372507E-04 -3.6837767E-01 -7.2898266E-01 
      1106 SSD  6.8897528E+01 -8.6414227E-01 -1.8838430E+00  3.8148851E-02 -1.3679727E+01 -2.7170282E+01 
      1107      1.2057244E+01 -2.9579008E-02 -4.7423881E-02  7.7947496E-04 -7.8458032E-01 -7.8406789E-01 
      1107 SSD  3.5526788E+02 -8.7043216E-01 -1.5484135E+00  3.0451753E-02 -3.0405105E+01 -3.0410225E+01 
      1108      1.9343123E+01 -3.0082721E-02 -3.8367408E-02  8.0181901E-04 -1.1709505E+00 -6.6326922E-01 
      1108 SSD  6.4300299E+02 -8.9650992E-01 -1.2193123E+00  3.0700604E-02 -4.6713268E+01 -2.6703129E+01 
      1109      2.4792074E+01 -3.1007416E-02 -2.9510276E-02  7.9424367E-04 -1.4514572E+00 -4.0041511E-01 
      1109 SSD  8.6715923E+02 -9.3268305E-01 -8.9729660E-01  3.0544110E-02 -5.9292049E+01 -1.6909255E+01 
      1110      4.4659735E+00 -3.5639413E-02 -4.8549556E-02  7.0042431E-04 -7.4234757E-01 -3.7182777E-01 
      1110 SSD  6.7444453E+01 -1.1272357E+00 -1.5888807E+00  2.4802391E-02 -2.7527000E+01 -1.3807207E+01 
      1111      9.1815251E-01 -3.4392540E-02 -5.8747288E-02  7.4744070E-04 -3.4855247E-01 -3.3090531E-01 
      1111 SSD -6.3244260E+01 -1.0791868E+00 -1.9698790E+00  3.0242865E-02 -1.2489484E+01 -1.1990809E+01 
      1112      8.0069604E+00 -3.6974143E-02 -3.8841024E-02  8.0107115E-04 -1.1200333E+00 -3.1370978E-01 
      1112 SSD  2.0162006E+02 -1.1759294E+00 -1.2493713E+00  2.8035629E-02 -4.2586950E+01 -1.1984555E+01 
      1113      1.0691011E+01 -3.8392998E-02 -2.9487550E-02  8.3628297E-04 -1.4055017E+00 -1.8705004E-01 
      1113 SSD  3.0666439E+02 -1.2266120E+00 -9.2119696E-01  3.0668560E-02 -5.4454615E+01 -7.4153190E+00 
      1114      2.4760843E+01 -1.5408821E-02 -4.4667610E-02  8.0394470E-04 -3.9492142E-01 -1.4518191E+00 
      1114 SSD  8.6655433E+02 -2.7773749E-01 -1.4481122E+00  3.1593851E-02 -1.6799480E+01 -5.9301782E+01 
      1115      1.9343300E+01 -2.2725167E-02 -4.6112894E-02  7.6838753E-04 -6.6307984E-01 -1.1704955E+00 
      1115 SSD  6.4299807E+02 -5.8190374E-01 -1.4999360E+00  3.0683379E-02 -2.6709590E+01 -4.6712377E+01 
      1116      1.0693664E+01 -1.6009887E-02 -5.2814061E-02  9.8378891E-04 -1.7908393E-01 -1.3984110E+00 
      1116 SSD  3.0682889E+02 -2.7272358E-01 -1.7632487E+00  3.9385073E-02 -7.2421616E+00 -5.4285257E+01 
      1117      8.0479549E+00 -2.2901819E-02 -5.4365421E-02  9.2324587E-04 -3.1220364E-01 -1.1121540E+00 
      1117 SSD  2.0252991E+02 -5.7116564E-01 -1.8189059E+00  3.9164101E-02 -1.1969139E+01 -4.2398633E+01 
      1118      4.7518999E+01 -1.5677723E-02 -2.8452846E-02  7.9603802E-04 -7.1961318E-01 -7.2220765E-01 
      1118 SSD  1.8461618E+03 -3.2252277E-01 -8.2814590E-01  3.1005686E-02 -3.3979587E+01 -3.4033678E+01 
      1119      3.7923142E+01 -1.5315356E-02 -3.6498663E-02  8.0233108E-04 -5.8461011E-01 -1.2064807E+00 
      1119 SSD  1.4176478E+03 -2.9531298E-01 -1.1363022E+00  3.1272549E-02 -2.6122199E+01 -5.2206759E+01 
      1120      3.7945599E+01 -2.3496363E-02 -2.9131081E-02  7.9453407E-04 -1.2055290E+00 -5.8823825E-01 
      1120 SSD  1.4180946E+03 -6.3215416E-01 -8.6507452E-01  3.0829777E-02 -5.2192610E+01 -2.6199337E+01 
      1121      3.0054784E+01 -2.2905711E-02 -3.7555725E-02  7.9265479E-04 -9.7910414E-01 -9.7929735E-01 
      1121 SSD  1.0795990E+03 -6.0236173E-01 -1.1801546E+00  3.0911794E-02 -4.0944227E+01 -4.0944195E+01 

