      NODE            V1             V2             V3             VR1            VR2            VR3
      1001     -1.8544673E+00 -5.6524688E-02  1.0476866E-02  3.0872524E-02  8.5495460E-02 -7.6683089E-02 
      1001 SSD -1.5943246E+02 -1.7875691E+00  9.6260470E-01  9.0210928E-01  2.4712961E+00 -2.3596661E+00 
      1002     -1.8326583E+00 -7.8552904E-02  7.2194989E-03  8.9278258E-02 -8.3881424E-03  2.5437854E-01 
      1002 SSD -1.5876439E+02 -2.2693077E+00  8.8479083E-01  2.7392499E+00  1.3663407E-01  7.6394417E+00 
      1003     -1.8050446E+00 -4.6543087E-02  1.2647716E-02  2.6608273E-02 -5.1394531E-04  7.8084225E-01 
      1003 SSD -1.5802721E+02 -1.3287899E+00  1.0216489E+00  9.3184584E-01  1.7117274E-01  2.3458880E+01 
      1004     -1.8004744E+00 -3.8393561E-02  1.2099757E-02  1.2806283E-02 -2.5614066E-02  1.2631979E+00 
      1004 SSD -1.5779795E+02 -1.0620289E+00  1.0108577E+00  6.1153807E-01 -5.5897660E-01  3.8251327E+01 
      1005     -1.7915275E+00 -2.4494421E-02  1.2875870E-02 -5.9103234E-03 -3.3746865E-02  1.6006606E+00 
      1005 SSD -1.5750000E+02 -6.4624982E-01  1.0394497E+00  1.9556742E-02 -1.1359883E+00  4.8798342E+01 
      1006     -1.7887849E+00 -1.2719222E-02  1.3242774E-02 -2.4127618E-02 -3.5560558E-02  1.7051261E+00 
      1006 SSD -1.5737101E+02 -2.4745077E-01  1.0707406E+00 -6.5220593E-01 -1.2825226E+00  5.2032886E+01 
      1007     -1.7926887E+00 -3.2127172E-03  1.3285609E-02 -3.3456200E-02 -2.7435591E-02  1.5610380E+00 
      1007 SSD -1.5752292E+02  1.4162897E-01  1.0896787E+00 -1.1046781E+00 -9.8573883E-01  4.7269254E+01 
      1008     -1.8054213E+00  2.4834913E-03  1.2664687E-02 -3.7697034E-02 -1.3114453E-02  1.2048227E+00 
      1008 SSD -1.5793475E+02  4.2620959E-01  1.0814391E+00 -1.2692689E+00 -5.4977710E-01  3.6119429E+01 
      1009     -1.8122779E+00  1.4745929E-02  1.4909217E-02 -2.2125163E-02 -1.0875916E-02  7.2478190E-01 
      1009 SSD -1.5822868E+02  8.7377804E-01  1.1336721E+00 -8.1284230E-01 -3.8573770E-01  2.1563277E+01 
      1010     -1.8458626E+00  1.1479964E-02  1.4302230E-02 -3.0122186E-02  3.8482508E-02  2.3393850E-01 
      1010 SSD -1.5909724E+02  9.1010471E-01  1.1180537E+00 -1.0375648E+00  1.1483055E+00  6.9256852E+00 
      1011     -1.8431254E+00  2.5491760E-02  2.0414834E-02  4.4280723E-02 -9.7901531E-03 -4.5789714E-02 
      1011 SSD -1.5917331E+02  1.3760890E+00  1.2516275E+00  1.2544123E+00 -3.5835002E-01 -1.2751311E+00 
      1012     -1.8279193E+00  2.7670009E-02 -7.8691373E-02  3.1524979E-02 -8.8260110E-02  7.1175858E-02 
      1012 SSD -1.5916006E+02  1.5023018E+00 -2.3429583E+00  9.2622386E-01 -2.5496963E+00  2.1997951E+00 
      1013     -1.8062540E+00  5.0615974E-02 -7.5053459E-02  7.5649920E-02  8.4941500E-03 -2.5066461E-01 
      1013 SSD -1.5849206E+02  2.0074072E+00 -2.2558000E+00  2.3581167E+00 -1.3379153E-01 -7.5424560E+00 
      1014     -1.7795152E+00  2.3712242E-02 -7.9057496E-02  3.0625267E-02  2.6077407E-04 -7.7597619E-01 
      1014 SSD -1.5777358E+02  1.1833124E+00 -2.3594736E+00  1.0359956E+00 -1.7615427E-01 -2.3333006E+01 
      1015     -1.7758773E+00  1.1345805E-02 -7.8419775E-02  1.1748051E-02  2.5555313E-02 -1.2579320E+00 
      1015 SSD -1.5756586E+02  8.1984188E-01 -2.3460746E+00  5.9006590E-01  5.5825733E-01 -3.8127583E+01 
      1016     -1.7674429E+00 -1.0545015E-03 -7.8666848E-02 -5.8690490E-03  3.3772218E-02 -1.5939281E+00 
      1016 SSD -1.5727794E+02  4.3773176E-01 -2.3631419E+00  1.1397619E-02  1.1343938E+00 -4.8639575E+01 
      1017     -1.7652539E+00 -1.3194467E-02 -7.8794076E-02 -2.1816996E-02  3.6162763E-02 -1.6989416E+00 
      1017 SSD -1.5715877E+02  3.5509767E-02 -2.3885609E+00 -5.9501129E-01  1.3020434E+00 -5.1887295E+01 
      1018     -1.7700602E+00 -2.4779845E-02 -7.9065955E-02 -3.0901786E-02  2.7170848E-02 -1.5569841E+00 
      1018 SSD -1.5733258E+02 -4.0590241E-01 -2.4127083E+00 -1.0210217E+00  9.8189088E-01 -4.7197264E+01 
      1019     -1.7837038E+00 -3.0471842E-02 -7.8737283E-02 -4.0256545E-02  1.1743079E-02 -1.1989107E+00 
      1019 SSD -1.5776634E+02 -6.9333772E-01 -2.4118463E+00 -1.3522710E+00  5.1102538E-01 -3.5998040E+01 
      1020     -1.7901476E+00 -3.9423345E-02 -8.0639147E-02 -2.4454771E-02  1.1622477E-02 -7.1724788E-01 
      1020 SSD -1.5804773E+02 -1.0593932E+00 -2.4553951E+00 -8.8793538E-01  4.0825011E-01 -2.1378894E+01 
      1021     -1.8250380E+00 -4.0294706E-02 -7.9934836E-02 -2.3324644E-02 -3.8590677E-02 -2.3376415E-01 
      1021 SSD -1.5894680E+02 -1.1942204E+00 -2.4360520E+00 -8.4289111E-01 -1.1519591E+00 -6.9310997E+00 
      1022     -1.8226626E+00 -5.0510083E-02 -8.4949659E-02  3.3796045E-02  4.0249173E-03  5.1334958E-02 
      1022 SSD -1.5902846E+02 -1.5730182E+00 -2.5440306E+00  9.7028068E-01  1.9897894E-01  1.4192341E+00 
      1023     -1.8083632E+00 -5.3879378E-02 -8.5953701E-02  4.9135503E-02 -2.0329426E-01 -1.4476957E-02 
      1023 SSD -1.5853524E+02 -1.6706739E+00 -2.5130054E+00  1.5650857E+00 -6.1464400E+00 -5.3197608E-01 
      1024     -1.7953395E+00 -5.6332343E-02 -6.8549520E-02  3.3596419E-02 -6.7588706E-01  1.0103628E-03 
      1024 SSD -1.5809295E+02 -1.7313309E+00 -1.9334482E+00  1.1343831E+00 -2.0420489E+01  9.6242199E-02 
      1025     -1.7874039E+00 -5.7456863E-02 -5.6047257E-02  1.6564647E-02 -1.1698493E+00  1.1570974E-02 
      1025 SSD -1.5775531E+02 -1.7660065E+00 -1.5508942E+00  7.1777587E-01 -3.5391536E+01  5.1564071E-01 
      1026     -1.7805778E+00 -5.7785571E-02 -4.3313598E-02 -6.7279638E-04 -1.5417743E+00  2.4519831E-02 
      1026 SSD -1.5744217E+02 -1.7885371E+00 -1.1562326E+00  1.7461959E-01 -4.6832842E+01  9.4318588E-01 
      1027     -1.7809134E+00 -5.7793235E-02 -3.3209018E-02 -1.5804962E-02 -1.7083442E+00  3.2700561E-02 
      1027 SSD -1.5736236E+02 -1.8106579E+00 -8.2298339E-01 -3.7464863E-01 -5.2001203E+01  1.2313598E+00 
      1028     -1.7855667E+00 -5.7831316E-02 -2.3380832E-02 -2.5404021E-02 -1.6325783E+00  2.8321331E-02 
      1028 SSD -1.5748831E+02 -1.8251724E+00 -4.4117493E-01 -8.4636229E-01 -4.9364961E+01  9.8602210E-01 
      1029     -1.7968616E+00 -5.7776072E-02 -1.6703214E-02 -3.5708736E-02 -1.3209777E+00  2.2481843E-02 
      1029 SSD -1.5780732E+02 -1.8300463E+00 -1.1521330E-01 -1.2488356E+00 -3.9364275E+01  5.0812019E-01 
      1030     -1.8071268E+00 -5.8352592E-02 -8.7410805E-03 -2.2791307E-02 -8.6098453E-01 -2.5565842E-03 
      1030 SSD -1.5814370E+02 -1.8418842E+00  2.2981652E-01 -8.6717932E-01 -2.5186004E+01 -2.8746623E-01 
      1031     -1.8373448E+00 -5.8145738E-02 -1.0588326E-02 -4.0319520E-02 -3.1524610E-01  1.1713703E-02 
      1031 SSD -1.5890902E+02 -1.8420878E+00  2.9561603E-01 -1.3443877E+00 -8.9713084E+00 -3.6723019E-02 
      1032     -1.8248228E+00  2.7838285E-02  1.8499456E-02  4.7863909E-02  2.0383682E-01  1.5420449E-02 
      1032 SSD -1.5865417E+02  1.4511040E+00  1.1520493E+00  1.5308591E+00  6.1641229E+00  5.5174730E-01 
      1033     -1.8060756E+00  2.9994376E-02  2.4102435E-03  3.4493731E-02  6.7943648E-01 -9.0641537E-04 
      1033 SSD -1.5814768E+02  1.5044159E+00  6.0142171E-01  1.1561991E+00  2.0511531E+01 -1.0278912E-01 
      1034     -1.7932859E+00  3.0924648E-02 -9.8400672E-03  1.6569908E-02  1.1756511E+00 -1.1063336E-02 
      1034 SSD -1.5776438E+02  1.5338663E+00  2.2345354E-01  7.1689876E-01  3.5542166E+01 -5.0692016E-01 
      1035     -1.7815848E+00  3.1203584E-02 -2.2093684E-02 -7.5553122E-04  1.5465153E+00 -2.4849181E-02 
      1035 SSD -1.5740787E+02  1.5541465E+00 -1.6075521E-01  1.7069997E-01  4.6960323E+01 -9.6243941E-01 
      1036     -1.7767816E+00  3.1262167E-02 -3.1783642E-02 -1.6004424E-02  1.7100747E+00 -3.1497220E-02 
      1036 SSD -1.5727075E+02  1.5780581E+00 -4.8101945E-01 -3.7850470E-01  5.2071859E+01 -1.1976236E+00 
      1037     -1.7767654E+00  3.1231862E-02 -4.1361013E-02 -2.5665602E-02  1.6297693E+00 -2.8772575E-02 
      1037 SSD -1.5736727E+02  1.5900631E+00 -8.5728691E-01 -8.5753971E-01  4.9315560E+01 -1.0320361E+00 
      1038     -1.7847543E+00  3.1060014E-02 -4.7908597E-02 -3.6141700E-02  1.3128100E+00 -2.4249289E-02 
      1038 SSD -1.5767287E+02  1.5947029E+00 -1.1758844E+00 -1.2579314E+00  3.9191630E+01 -5.4177155E-01 
      1039     -1.7905946E+00  3.1487055E-02 -5.6156225E-02 -2.2363552E-02  8.5284933E-01  4.3734670E-03 
      1039 SSD -1.5796500E+02  1.6040331E+00 -1.5288715E+00 -8.5451222E-01  2.5015035E+01  3.2773827E-01 
      1040     -1.8123090E+00  3.1841306E-02 -5.1985910E-02 -4.0332335E-02  3.1226908E-01 -7.9866698E-03 
      1040 SSD -1.5860295E+02  1.6169590E+00 -1.5384311E+00 -1.3475962E+00  8.9084521E+00  1.2129073E-01 
      1041      1.7140887E+01 -1.3519035E-02  3.7437720E-03  1.2056110E-03 -3.1775073E-03  2.1456279E+00 
      1041 SSD  4.4745779E+02 -2.2653839E-01  7.1041347E-01  4.1624762E-02  1.8094904E-01  7.1149964E+01 
      1042      3.8446692E+01 -1.4279229E-02 -5.4864571E-03  9.7125187E-04  2.5938142E-02  2.1773291E+00 
      1042 SSD  1.1728449E+03 -2.0978165E-01  3.6593767E-01  3.5732909E-02  1.4540790E+00  7.6280287E+01 
      1043      5.7919659E+01 -1.4373063E-02 -1.4582593E-02  9.5436936E-04  4.2689596E-02  1.7731186E+00 
      1043 SSD  1.8747954E+03 -1.8358581E-01  2.4356313E-02  3.5324200E-02  2.5550338E+00  6.6502920E+01 
      1044      7.1706020E+01 -1.3897961E-02 -2.3599256E-02  9.4115847E-04  4.2861067E-02  1.0224337E+00 
      1044 SSD  2.4106629E+03 -1.4933644E-01 -3.1527691E-01  3.5007968E-02  3.2040375E+00  4.2538980E+01 
      1045      7.6735742E+01 -1.3103851E-02 -3.2609665E-02  9.3809193E-04 -2.3262982E-03 -4.0200936E-03 
      1045 SSD  2.6213148E+03 -1.1079066E-01 -6.5433434E-01  3.4924231E-02 -5.8286387E-02 -9.3687246E-02 
      1046      7.1631365E+01 -1.2330145E-02 -4.1640548E-02  9.4295224E-04 -4.7370728E-02 -1.0293140E+00 
      1046 SSD  2.4088923E+03 -7.2750748E-02 -9.9381771E-01  3.5031913E-02 -3.3153979E+00 -4.2704402E+01 
      1047      5.7797633E+01 -1.1912104E-02 -5.0725835E-02  9.5973577E-04 -4.6750206E-02 -1.7754716E+00 
      1047 SSD  1.8718718E+03 -3.9882466E-02 -1.3348854E+00  3.5436396E-02 -2.6528907E+00 -6.6562512E+01 
      1048      3.8332442E+01 -1.2081661E-02 -5.9983805E-02  9.8594619E-04 -2.8506105E-02 -2.1733191E+00 
      1048 SSD  1.1700249E+03 -1.5359819E-02 -1.6800912E+00  3.6055952E-02 -1.5126215E+00 -7.6197597E+01 
      1049      1.7088831E+01 -1.2910165E-02 -6.9634124E-02  1.2099509E-03  2.8682491E-03 -2.1373318E+00 
      1049 SSD  4.4596840E+02  6.8510207E-05 -2.0344822E+00  4.1459562E-02 -1.8640451E-01 -7.0971500E+01 
      1050      7.1706513E+01 -3.3429519E-03 -3.1819529E-02  9.3329606E-04  1.0207591E+00  4.1289469E-02 
      1050 SSD  2.4105696E+03  2.4830235E-01 -6.1544201E-01  3.4781518E-02  4.2524302E+01  3.1709051E+00 
      1051      5.7956455E+01  6.1959889E-03 -3.1338125E-02  9.2509398E-04  1.7684218E+00  4.3313731E-02 
      1051 SSD  1.8752408E+03  6.0111478E-01 -5.8065527E-01  3.4530231E-02  6.6424782E+01  2.5562276E+00 
      1052      3.8538341E+01  1.5389021E-02 -3.1344796E-02  9.2054983E-04  2.1721416E+00  3.2393519E-02 
      1052 SSD  1.1742249E+03  9.4501973E-01 -5.5197277E-01  3.4351169E-02  7.6196580E+01  1.5687887E+00 
      1053      1.7235148E+01  2.4292252E-02 -3.1821869E-02  1.0779934E-03  2.1502636E+00  8.4322336E-03 
      1053 SSD  4.4886389E+02  1.2826380E+00 -5.2802114E-01  3.9310914E-02  7.1231794E+01  3.9345268E-01 
      1054      5.3581470E+01  4.8956455E-03 -2.1904597E-02  9.3507945E-04  1.6527747E+00  7.9021036E-01 
      1054 SSD  1.7023572E+03  5.5666021E-01 -2.3581427E-01  3.4657222E-02  6.0671891E+01  3.0053491E+01 
      1055      4.2802050E+01  3.9880357E-03 -1.1886824E-02  9.3313826E-04  1.3507586E+00  1.3512931E+00 
      1055 SSD  1.3093967E+03  5.1917905E-01  1.1911942E-01  3.4803772E-02  4.7898097E+01  4.7907371E+01 
      1056      2.7881596E+01  3.6351574E-03 -1.6968811E-03  9.0864659E-04  9.2256596E-01  1.6430108E+00 
      1056 SSD  7.9467665E+02  4.9249328E-01  4.7979046E-01  3.4585289E-02  3.1485238E+01  5.5427364E+01 
      1057      1.1914324E+01  3.7978755E-03  8.1597552E-03  1.1609835E-03  4.3831155E-01  1.5827429E+00 
      1057 SSD  2.6894844E+02  4.7796665E-01  8.4194162E-01  4.5257878E-02  1.4226080E+01  5.0903229E+01 
      1058      5.3564823E+01 -4.8095702E-03 -1.3149957E-02  9.3769726E-04  7.8800418E-01  1.6539021E+00 
      1058 SSD  1.7021611E+03  1.7564713E-01  7.2393647E-02  3.5074415E-02  3.0029031E+01  6.0685644E+01 
      1059      6.6597694E+01 -4.2718261E-03 -2.2630865E-02  9.3672671E-04  9.6420731E-01  9.6519842E-01 
      1059 SSD  2.1964462E+03  2.0857563E-01 -2.7409700E-01  3.4882967E-02  3.8771096E+01  3.8775102E+01 
      1060      3.5354606E+01 -4.7401450E-03 -3.5481503E-03  9.2390779E-04  5.3668804E-01  2.0230100E+00 
      1060 SSD  1.0564934E+03  1.5366908E-01  4.2232194E-01  3.5173026E-02  1.9478354E+01  6.9920183E+01 
      1061      1.5602268E+01 -3.9991361E-03  5.9045865E-03  1.1826060E-03  2.4707649E-01  1.9777609E+00 
      1061 SSD  3.9224723E+02  1.4593522E-01  7.7332740E-01  4.4843703E-02  8.5117192E+00  6.4830265E+01 
      1062      1.1871047E+01  2.0253262E-02 -1.0509565E-02  9.8870272E-04  1.5947752E+00  4.4249475E-01 
      1062 SSD  2.6815850E+02  1.1620604E+00  1.8960409E-01  3.1737817E-02  5.1160796E+01  1.4292241E+01 
      1063      2.7890438E+01  1.2340195E-02 -1.0967803E-02  9.4623520E-04  1.6421779E+00  9.2306412E-01 
      1063 SSD  7.9490252E+02  8.5028883E-01  1.5987260E-01  3.4453862E-02  5.5392750E+01  3.1482884E+01 
      1064      1.5610777E+01  2.2356927E-02 -2.1910233E-02  1.0510910E-03  1.9858567E+00  2.5548107E-01 
      1064 SSD  3.9221581E+02  1.2261579E+00 -1.8314365E-01  3.5326744E-02  6.4999561E+01  8.6362393E+00 
      1065      3.5390532E+01  1.3701018E-02 -2.1628006E-02  9.4523768E-04  2.0208986E+00  5.4054973E-01 
      1065 SSD  1.0570094E+03  8.9525215E-01 -2.0426646E-01  3.4462997E-02  6.9879842E+01  1.9516986E+01 
      1066      1.7468608E+00  1.5492699E-02  1.3773663E-02  7.3145110E-04  5.0577055E-01  4.7902406E-01 
      1066 SSD -5.0866399E+01  1.0200468E+00  1.0083884E+00  3.0511506E-02  1.5261695E+01  1.4612439E+01 
      1067      6.8438235E+00  1.8050415E-02  1.3972129E-03  8.2198549E-04  1.0650787E+00  5.3125435E-01 
      1067 SSD  1.0733635E+02  1.0957693E+00  5.7767479E-01  2.8535949E-02  3.3293123E+01  1.6641530E+01 
      1068      6.9310247E+00  1.1945539E-02  1.0432140E-02  1.1120693E-03  5.2464896E-01  1.0439889E+00 
      1068 SSD  1.0922774E+02  8.1457709E-01  9.1045494E-01  4.3260662E-02  1.6444415E+01  3.2797775E+01 
      1069      1.7655370E+01  1.1618116E-02 -2.6419187E-05  9.2143540E-04  1.1095176E+00  1.1097542E+00 
      1069 SSD  4.5316996E+02  8.1897110E-01  5.3327188E-01  3.4159473E-02  3.6312954E+01  3.6343027E+01 
      1070      1.2742174E+01  1.0318200E-02 -6.4495443E-02  9.8380724E-04  4.5933653E-01 -1.6737586E+00 
      1070 SSD  3.0366456E+02  7.7024379E-01 -1.8915193E+00  3.1781473E-02  1.4878225E+01 -5.4498540E+01 
      1071      2.9460183E+01  1.0321875E-02 -5.6117253E-02  9.4725904E-04  9.1538418E-01 -1.7094439E+00 
      1071 SSD  8.6167983E+02  7.4981733E-01 -1.5654654E+00  3.4700383E-02  3.1700014E+01 -5.8039442E+01 
      1072      4.4545100E+01  9.1805576E-03 -4.8199864E-02  9.1442853E-04  1.3510246E+00 -1.3638612E+00 
      1072 SSD  1.3890275E+03  7.0307168E-01 -1.2441025E+00  3.4327892E-02  4.8651669E+01 -4.8903837E+01 
      1073      5.4764046E+01  7.7162606E-03 -4.0135068E-02  9.1102377E-04  1.6625437E+00 -7.3978227E-01 
      1073 SSD  1.7626469E+03  6.5134783E-01 -9.1858461E-01  3.4338754E-02  6.2047772E+01 -2.7632248E+01 
      1074      3.6279724E+01 -1.1701943E-03 -5.8010005E-02  9.9356415E-04  5.0507722E-01 -2.0611547E+00 
      1074 SSD  1.1009614E+03  3.6538372E-01 -1.6232147E+00  3.5863728E-02  1.7936167E+01 -7.1881653E+01 
      1075      1.6099314E+01 -1.5197394E-03 -6.7263824E-02  1.0973158E-03  2.5831213E-01 -2.0344497E+00 
      1075 SSD  4.1482697E+02  3.8886306E-01 -1.9674738E+00  3.5554951E-02  8.5885128E+00 -6.7348758E+01 
      1076      5.4657296E+01 -1.4843935E-03 -4.9287137E-02  9.5055042E-04  7.3127210E-01 -1.6748755E+00 
      1076 SSD  1.7605002E+03  3.3184111E-01 -1.2866160E+00  3.5113284E-02  2.7453966E+01 -6.2283138E+01 
      1077      6.7432926E+01 -2.3030821E-03 -4.0692103E-02  9.3369824E-04  9.2315234E-01 -9.3215441E-01 
      1077 SSD  2.2482662E+03  2.9108606E-01 -9.5298414E-01  3.4801386E-02  3.6876322E+01 -3.7068884E+01 
      1078      8.1443239E+00  3.2768870E-02 -5.5445286E-02  7.1966877E-04  1.1307593E+00 -5.4916612E-01 
      1078 SSD  1.5025080E+02  1.5248097E+00 -1.5211391E+00  3.3069776E-02  3.5920736E+01 -1.7385378E+01 
      1079      1.9399629E+01  2.1849806E-02 -5.4834556E-02  8.7123353E-04  1.1389324E+00 -1.1663767E+00 
      1079 SSD  5.1858556E+02  1.1351884E+00 -1.5185514E+00  3.3521100E-02  3.7844154E+01 -3.8403811E+01 
      1080      2.5524341E+00  3.7556823E-02 -5.8943942E-02  2.4647598E-04  5.0505436E-01 -5.5026714E-01 
      1080 SSD -2.5079839E+01  1.6560827E+00 -1.7327156E+00  1.6243376E-02  1.5611172E+01 -1.6610683E+01 
      1081      7.8735136E+00  2.3427959E-02 -6.0545369E-02  6.1280011E-04  5.3179907E-01 -1.1525157E+00 
      1081 SSD  1.4440681E+02  1.1817973E+00 -1.7801386E+00  2.2888284E-02  1.7035896E+01 -3.6426086E+01 
      1082      1.3053886E+01  2.8751835E-02 -4.8254765E-02  9.3520067E-04  1.6759700E+00 -4.5109903E-01 
      1082 SSD  3.1001168E+02  1.4121351E+00 -1.2067483E+00  3.9451694E-02  5.4537652E+01 -1.4656980E+01 
      1083      2.9647888E+01  1.9484351E-02 -4.7768248E-02  8.6105321E-04  1.6852998E+00 -9.2736317E-01 
      1083 SSD  8.6543085E+02  1.0652600E+00 -1.2140701E+00  3.3542658E-02  5.7552465E+01 -3.1926801E+01 
      1084      1.6338552E+01  2.6402461E-02 -4.0941569E-02  1.0499995E-03  2.0423566E+00 -2.4791270E-01 
      1084 SSD  4.1950805E+02  1.3434478E+00 -8.8281954E-01  4.1640509E-02  6.7503694E+01 -8.3737478E+00 
      1085      3.6510808E+01  1.7360035E-02 -4.0203088E-02  8.8215183E-04  2.0507932E+00 -5.0463303E-01 
      1085 SSD  1.1055180E+03  1.0019630E+00 -8.9467447E-01  3.3981618E-02  7.1683364E+01 -1.7939094E+01 
      1086      1.7205194E+01 -5.0397986E-02 -3.3313413E-02  1.0561386E-03 -2.1468226E+00 -1.2127571E-02 
      1086 SSD  4.4800542E+02 -1.5024489E+00 -7.7943044E-01  3.9602699E-02 -7.1144808E+01 -4.7623802E-01 
      1087      3.8476451E+01 -4.1494389E-02 -3.3884055E-02  9.2011128E-04 -2.1689704E+00 -3.8395034E-02 
      1087 SSD  1.1725839E+03 -1.1647051E+00 -7.5736857E-01  3.4569725E-02 -7.6125321E+01 -1.7069007E+00 
      1088      5.7887388E+01 -3.2361748E-02 -3.3905352E-02  9.2884447E-04 -1.7697304E+00 -5.0865652E-02 
      1088 SSD  1.8734864E+03 -8.2200834E-01 -7.2877785E-01  3.4648584E-02 -6.6462985E+01 -2.7329314E+00 
      1089      7.1664035E+01 -2.2854853E-02 -3.3410882E-02  9.3298584E-04 -1.0245756E+00 -4.9132476E-02 
      1089 SSD  2.4095037E+03 -4.6976289E-01 -6.9353081E-01  3.4810786E-02 -4.2621248E+01 -3.3537808E+00 
      1090      3.6505301E+01 -4.3446267E-02 -2.4897605E-02  8.7998361E-04 -2.0499004E+00  4.9914048E-01 
      1090 SSD  1.1052870E+03 -1.2211427E+00 -4.1086120E-01  3.4076730E-02 -7.1667734E+01  1.7789187E+01 
      1091      2.9691068E+01 -4.5495783E-02 -1.7225128E-02  8.8805535E-04 -1.6867478E+00  9.2269070E-01 
      1091 SSD  8.6649518E+02 -1.2830329E+00 -8.7903729E-02  3.4216718E-02 -5.7585119E+01  3.1805076E+01 
      1092      1.9458071E+01 -4.7689003E-02 -1.0165676E-02  9.1521736E-04 -1.1394965E+00  1.1680504E+00 
      1092 SSD  5.2016524E+02 -1.3493570E+00  2.1664505E-01  3.4548361E-02 -3.7854286E+01  3.8424602E+01 
      1093      7.8977915E+00 -4.9108031E-02 -4.5492407E-03  8.7882647E-04 -5.3306486E-01  1.1577260E+00 
      1093 SSD  1.4532245E+02 -1.3930311E+00  4.7636875E-01  2.9602528E-02 -1.7066976E+01  3.6537318E+01 
      1094      1.3084173E+01 -5.5157279E-02 -1.6614662E-02  9.1704807E-04 -1.6767534E+00  4.4962622E-01 
      1094 SSD  3.1075904E+02 -1.6393105E+00 -9.1552491E-02  3.8661499E-02 -5.4555968E+01  1.4612732E+01 
      1095      1.6342582E+01 -5.2601658E-02 -2.4006237E-02  9.9281775E-04 -2.0415048E+00  2.4480708E-01 
      1095 SSD  4.1953284E+02 -1.5654171E+00 -4.1916992E-01  4.0676542E-02 -6.7467994E+01  8.2853037E+00 
      1096      8.1795143E+00 -5.9040721E-02 -9.2226827E-03  6.6114621E-04 -1.1349730E+00  5.5011177E-01 
      1096 SSD  1.5124913E+02 -1.7490047E+00  2.2732238E-01  3.1225026E-02 -3.6030797E+01  1.7385660E+01 
      1097      2.5588980E+00 -6.4451716E-02 -4.9297829E-03  1.6255747E-04 -5.0833432E-01  5.5535304E-01 
      1097 SSD -2.4616988E+01 -1.8948347E+00  4.5806262E-01  1.3527635E-02 -1.5696544E+01  1.6724146E+01 
      1098      5.4741838E+01 -2.4660054E-02 -1.5933681E-02  9.4985134E-04 -7.3487096E-01  1.6715918E+00 
      1098 SSD  1.7625250E+03 -5.5214504E-01 -2.1589053E-02  3.5099427E-02 -2.7539442E+01  6.2199156E+01 
      1099      4.4603160E+01 -3.5312522E-02 -1.6887074E-02  9.1144973E-04 -1.3526800E+00  1.3600006E+00 
      1099 SSD  1.3904307E+03 -9.2332673E-01 -6.0608533E-02  3.4293009E-02 -4.8689558E+01  4.8802291E+01 
      1100      6.7465212E+01 -2.3853937E-02 -2.4504834E-02  9.3166442E-04 -9.2717737E-01  9.2509549E-01 
      1100 SSD  2.2489913E+03 -5.1157363E-01 -3.5497462E-01  3.4787187E-02 -3.6975893E+01  3.6895662E+01 
      1101      5.4766492E+01 -3.3844713E-02 -2.5010388E-02  9.1330787E-04 -1.6646337E+00  7.3274334E-01 
      1101 SSD  1.7626369E+03 -8.7132435E-01 -3.8807392E-01  3.4428926E-02 -6.2098562E+01  2.7455715E+01 
      1102      1.6141498E+01 -2.4625550E-02  1.5805021E-03  1.0984752E-03 -2.5981429E-01  2.0408891E+00 
      1102 SSD  4.1609468E+02 -6.0927614E-01  6.4922804E-01  3.5492687E-02 -8.6226413E+00  6.7487018E+01 
      1103      3.6368240E+01 -2.4962481E-02 -7.3410874E-03  9.9463546E-04 -5.0751345E-01  2.0637090E+00 
      1103 SSD  1.1031874E+03 -5.8554536E-01  3.1215492E-01  3.5836398E-02 -1.7992020E+01  7.1926925E+01 
      1104      1.2774260E+01 -3.6751136E-02 -5.7944646E-04  9.5670370E-04 -4.5967960E-01  1.6797760E+00 
      1104 SSD  3.0473013E+02 -9.9813724E-01  5.8733705E-01  3.1217423E-02 -1.4878671E+01  5.4630545E+01 
      1105      2.9529578E+01 -3.6530075E-02 -9.0006757E-03  9.3355900E-04 -9.1674508E-01  1.7108049E+00 
      1105 SSD  8.6348794E+02 -9.7212787E-01  2.6022571E-01  3.4409997E-02 -3.1727171E+01  5.8053796E+01 
      1106      6.8878202E+00 -3.8115319E-02 -7.6520211E-02  1.0902535E-03 -5.2350455E-01 -1.0374719E+00 
      1106 SSD  1.0791592E+02 -1.0371223E+00 -2.2399841E+00  4.2987746E-02 -1.6427829E+01 -3.2654863E+01 
      1107      1.7546941E+01 -3.7857966E-02 -6.5846000E-02  9.1654169E-04 -1.1042443E+00 -1.1031322E+00 
      1107 SSD  4.5039863E+02 -1.0430569E+00 -1.8581768E+00  3.4295489E-02 -3.6196648E+01 -3.6192667E+01 
      1108      2.7743800E+01 -3.8540034E-02 -5.4702808E-02  9.5570302E-04 -1.6360255E+00 -9.2254666E-01 
      1108 SSD  7.9127340E+02 -1.0730333E+00 -1.4804110E+00  3.4770805E-02 -5.5255243E+01 -3.1473990E+01 
      1109      3.5269652E+01 -3.9840716E-02 -4.3801921E-02  9.4420035E-04 -2.0163078E+00 -5.4671682E-01 
      1109 SSD  1.0540021E+03 -1.1160461E+00 -1.1105429E+00  3.4552680E-02 -6.9771433E+01 -1.9660626E+01 
      1110      6.7983127E+00 -4.4535307E-02 -6.7385248E-02  8.2628384E-04 -1.0573057E+00 -5.2830350E-01 
      1110 SSD  1.0601155E+02 -1.3266706E+00 -1.9059069E+00  2.8154796E-02 -3.3108713E+01 -1.6577989E+01 
      1111      1.7381768E+00 -4.2714716E-02 -8.0154200E-02  8.6832295E-04 -5.0066767E-01 -4.7435575E-01 
      1111 SSD -5.1378442E+01 -1.2684303E+00 -2.3451689E+00  3.3919655E-02 -1.5137739E+01 -1.4504838E+01 
      1112      1.1801754E+01 -4.6437343E-02 -5.5237648E-02  9.8291731E-04 -1.5848133E+00 -4.4148511E-01 
      1112 SSD  2.6631765E+02 -1.3851843E+00 -1.5129543E+00  3.2318026E-02 -5.0925471E+01 -1.4271125E+01 
      1113      1.5549177E+01 -4.8439081E-02 -4.3502118E-02  1.0268379E-03 -1.9778854E+00 -2.5855685E-01 
      1113 SSD  3.9060865E+02 -1.4459090E+00 -1.1322431E+00  3.5228865E-02 -6.4811200E+01 -8.7154284E+00 
      1114      3.5220295E+01 -2.1946519E-02 -6.2026486E-02  9.4383842E-04 -5.3821383E-01 -2.0166807E+00 
      1114 SSD  1.0532108E+03 -3.8727856E-01 -1.7391942E+00  3.5511902E-02 -1.9513028E+01 -6.9779327E+01 
      1115      2.7744108E+01 -3.0221687E-02 -6.4037411E-02  8.9189136E-04 -9.2199415E-01 -1.6350915E+00 
      1115 SSD  7.9129644E+02 -7.2442322E-01 -1.8008825E+00  3.4356824E-02 -3.1479696E+01 -5.5246407E+01 
      1116      1.5550777E+01 -2.3012638E-02 -7.1675306E-02  1.1900957E-03 -2.4636530E-01 -1.9674468E+00 
      1116 SSD  3.9082157E+02 -3.8754195E-01 -2.0949117E+00  4.4577971E-02 -8.4863821E+00 -6.4597007E+01 
      1117      1.1864047E+01 -3.0604267E-02 -7.3851550E-02  1.0964427E-03 -4.3877721E-01 -1.5730968E+00 
      1117 SSD  2.6755414E+02 -7.1539541E-01 -2.1614295E+00  4.3989950E-02 -1.4243141E+01 -5.0683604E+01 
      1118      6.6481837E+01 -2.2012341E-02 -4.2675793E-02  9.3946812E-04 -9.6803676E-01 -9.7208427E-01 
      1118 SSD  2.1936543E+03 -4.3220605E-01 -1.0367763E+00  3.4950072E-02 -3.8866325E+01 -3.8937732E+01 
      1119      5.3406828E+01 -2.1629866E-02 -5.2270394E-02  9.4668879E-04 -7.9138180E-01 -1.6551926E+00 
      1119 SSD  1.6983659E+03 -4.0316939E-01 -1.3858289E+00  3.5239090E-02 -3.0111772E+01 -6.0716730E+01 
      1120      5.3442516E+01 -3.1138734E-02 -4.3481423E-02  9.3971553E-04 -1.6535173E+00 -7.9697479E-01 
      1120 SSD  1.6989619E+03 -7.7961107E-01 -1.0773297E+00  3.4789563E-02 -6.0696460E+01 -3.0213231E+01 
      1121      4.2627098E+01 -3.0369133E-02 -5.3677848E-02  9.3441891E-04 -1.3510759E+00 -1.3515775E+00 
      1121 SSD  1.3051595E+03 -7.4579805E-01 -1.4364574E+00  3.4831294E-02 -4.7911392E+01 -4.7912019E+01 

