      NODE            V1             V2             V3             VR1            VR2            VR3
      1001     -2.2069571E+00 -7.4160723E-02 -9.9205761E-03  4.9882026E-02  1.3347895E-01 -1.1938350E-01 
      1001 SSD -1.6843117E+02 -2.1256011E+00  8.6931304E-01  1.1578903E+00  3.1202643E+00 -2.9575542E+00 
      1002     -2.1721629E+00 -1.1035468E-01 -1.4192971E-02  1.4049549E-01 -1.7091410E-02  3.9395489E-01 
      1002 SSD -1.6758459E+02 -2.7704126E+00  7.7871917E-01  3.4552987E+00  5.5857165E-02  9.5819084E+00 
      1003     -2.1292955E+00 -6.4556440E-02 -5.6283313E-03  3.9938678E-02 -3.5705133E-03  1.2178431E+00 
      1003 SSD -1.6665218E+02 -1.6255434E+00  9.5558378E-01  1.1289018E+00  1.4419909E-01  2.9496953E+01 
      1004     -2.1220774E+00 -5.4218747E-02 -6.2487441E-03  1.7433650E-02 -4.1938743E-02  1.9707046E+00 
      1004 SSD -1.6637858E+02 -1.3117712E+00  9.4428206E-01  6.9987346E-01 -7.6640516E-01  4.8022957E+01 
      1005     -2.1083201E+00 -3.5192947E-02 -5.0322381E-03 -1.2117018E-02 -5.1481860E-02  2.4971006E+00 
      1005 SSD -1.6601553E+02 -8.0978760E-01  9.7940247E-01 -4.5436575E-02 -1.3858865E+00  6.1172535E+01 
      1006     -2.1043931E+00 -2.0410838E-02 -4.6908806E-03 -3.9104309E-02 -5.3750709E-02  2.6646768E+00 
      1006 SSD -1.6587027E+02 -3.4966258E-01  1.0122218E+00 -8.4661159E-01 -1.5474993E+00  6.5260525E+01 
      1007     -2.1094623E+00 -9.6578328E-03 -4.7462567E-03 -5.2147926E-02 -4.1457379E-02  2.4484151E+00 
      1007 SSD -1.6604525E+02  8.2110124E-02  1.0315136E+00 -1.3653231E+00 -1.1946807E+00  5.9466840E+01 
      1008     -2.1279960E+00 -4.7129935E-03 -5.6561703E-03 -5.8320936E-02 -1.8677024E-02  1.8973736E+00 
      1008 SSD -1.6654255E+02  3.8362122E-01  1.0204336E+00 -1.5637897E+00 -6.4403179E-01  4.5610844E+01 
      1009     -2.1378637E+00  9.8615005E-03 -2.0979733E-03 -3.3833895E-02 -1.6201558E-02  1.1459050E+00 
      1009 SSD -1.6689316E+02  8.8697027E-01  1.0886550E+00 -9.8960323E-01 -4.6618557E-01  2.7323315E+01 
      1010     -2.1900874E+00  1.3224812E-03 -2.8573660E-03 -4.5847492E-02  6.2297149E-02  3.7126650E-01 
      1010 SSD -1.6800327E+02  8.8144727E-01  1.0711673E+00 -1.2698470E+00  1.4746717E+00  8.8021143E+00 
      1011     -2.1858561E+00  1.9357542E-02  6.8984374E-03  7.0651897E-02 -1.6463901E-02 -7.3274702E-02 
      1011 SSD -1.6808554E+02  1.4224472E+00  1.2475676E+00  1.6073047E+00 -4.5807343E-01 -1.6382087E+00 
      1012     -2.1570506E+00  2.4199352E-02 -1.1158658E-01  5.0508338E-02 -1.3789780E-01  1.1077857E-01 
      1012 SSD -1.6791400E+02  1.5895312E+00 -2.8329771E+00  1.1833072E+00 -3.2202891E+00  2.7565109E+00 
      1013     -2.1231665E+00  6.1906488E-02 -1.0675262E-01  1.1921535E-01  1.7221075E-02 -3.8827672E-01 
      1013 SSD -1.6707053E+02  2.2651216E+00 -2.7307357E+00  2.9717322E+00 -5.1928160E-02 -9.4585059E+00 
      1014     -2.0823325E+00  2.3679905E-02 -1.1317829E-01  4.6268451E-02  3.0963549E-03 -1.2105843E+00 
      1014 SSD -1.6616495E+02  1.2663717E+00 -2.8656705E+00  1.2633763E+00 -1.5110811E-01 -2.9339305E+01 
      1015     -2.0771894E+00  7.0095562E-03 -1.1241643E-01  1.5664183E-02  4.1778160E-02 -1.9627330E+00 
      1015 SSD -1.6592094E+02  8.3024561E-01 -2.8510739E+00  6.6953961E-01  7.6529068E-01 -4.7864054E+01 
      1016     -2.0648802E+00 -9.7505390E-03 -1.1281491E-01 -1.1907135E-02  5.1473413E-02 -2.4868034E+00 
      1016 SSD -1.6557327E+02  3.7103703E-01 -2.8712529E+00 -5.2221246E-02  1.3844544E+00 -6.0966743E+01 
      1017     -2.0624946E+00 -2.5201759E-02 -1.1279963E-01 -3.5430186E-02  5.4569786E-02 -2.6551035E+00 
      1017 SSD -1.6544373E+02 -9.5728380E-02 -2.8967700E+00 -7.7244585E-01  1.5708765E+00 -6.5068334E+01 
      1018     -2.0695666E+00 -3.8984873E-02 -1.1308367E-01 -4.8351741E-02  4.0967497E-02 -2.4417431E+00 
      1018 SSD -1.6564832E+02 -5.9166178E-01 -2.9225691E+00 -1.2643035E+00  1.1888362E+00 -5.9358462E+01 
      1019     -2.0901195E+00 -4.3833968E-02 -1.1259491E-01 -6.2152191E-02  1.6476896E-02 -1.8878056E+00 
      1019 SSD -1.6617544E+02 -8.9538176E-01 -2.9204550E+00 -1.6645454E+00  5.9460186E-01 -4.5439664E+01 
      1020     -2.1000364E+00 -5.3538911E-02 -1.1566009E-01 -3.7314499E-02  1.7274833E-02 -1.1340707E+00 
      1020 SSD -1.6651287E+02 -1.2978165E+00 -2.9780547E+00 -1.0812424E+00  4.9364346E-01 -2.7079962E+01 
      1021     -2.1548780E+00 -5.1210036E-02 -1.1478534E-01 -3.5424583E-02 -6.2484649E-02 -3.7089431E-01 
      1021 SSD -1.6766335E+02 -1.4160950E+00 -2.9563955E+00 -1.0260497E+00 -1.4786659E+00 -8.8038534E+00 
      1022     -2.1518629E+00 -6.3418976E-02 -1.2287246E-01  5.4315690E-02  7.3960381E-03  8.2009502E-02 
      1022 SSD -1.6775519E+02 -1.8455401E+00 -3.1002766E+00  1.2465742E+00  2.5568020E-01  1.8236602E+00 
      1023     -2.1293680E+00 -6.8998781E-02 -1.2809908E-01  7.9114030E-02 -3.2149486E-01 -2.3232914E-02 
      1023 SSD -1.6714199E+02 -1.9730858E+00 -3.1069304E+00  1.9888129E+00 -7.7756227E+00 -6.6396833E-01 
      1024     -2.1098593E+00 -7.2844543E-02 -1.0362094E-01  5.0675983E-02 -1.0667838E+00  2.0891944E-04 
      1024 SSD -1.6660547E+02 -2.0514425E+00 -2.4090065E+00  1.3840773E+00 -2.5800086E+01  9.3947270E-02 
      1025     -2.0983712E+00 -7.4684331E-02 -8.7152541E-02  2.3078506E-02 -1.8406574E+00  1.5982014E-02 
      1025 SSD -1.6620868E+02 -2.0959728E+00 -1.9562700E+00  8.3302516E-01 -4.4611873E+01  5.9668168E-01 
      1026     -2.0892341E+00 -7.5120265E-02 -6.9944149E-02 -4.6006529E-03 -2.4188070E+00  3.6333275E-02 
      1026 SSD -1.6585371E+02 -2.1210682E+00 -1.4835874E+00  1.4319226E-01 -5.8884566E+01  1.1287834E+00 
      1027     -2.0908087E+00 -7.4957695E-02 -5.7106156E-02 -2.7490313E-02 -2.6733420E+00  4.8869102E-02 
      1027 SSD -1.6578247E+02 -2.1428960E+00 -1.0942222E+00 -5.2091612E-01 -6.5258301E+01  1.4741894E+00 
      1028     -2.0982721E+00 -7.4935424E-02 -4.5619252E-02 -4.0695131E-02 -2.5527772E+00  4.3040359E-02 
      1028 SSD -1.6594492E+02 -2.1580515E+00 -6.6611563E-01 -1.0580017E+00 -6.1981555E+01  1.1981780E+00 
      1029     -2.1160105E+00 -7.4907143E-02 -3.9544510E-02 -5.4946580E-02 -2.0680865E+00  3.6690490E-02 
      1029 SSD -1.6635094E+02 -2.1640349E+00 -3.2014450E-01 -1.5260518E+00 -4.9568280E+01  6.9172052E-01 
      1030     -2.1320917E+00 -7.6011223E-02 -3.1653653E-02 -3.4314064E-02 -1.3497309E+00 -1.1165939E-03 
      1030 SSD -1.6677305E+02 -2.1821639E+00  5.1579833E-02 -1.0452978E+00 -3.1824102E+01 -2.8530310E-01 
      1031     -2.1797513E+00 -7.5919504E-02 -3.7942903E-02 -6.1003682E-02 -4.9400341E-01  2.2768397E-02 
      1031 SSD -1.6776316E+02 -2.1844342E+00  8.5230918E-02 -1.6467860E+00 -1.1374824E+01  7.7084907E-02 
      1032     -2.1560176E+00  2.3322615E-02  7.6626031E-03  7.7151629E-02  3.2221587E-01  2.4809945E-02 
      1032 SSD -1.6740731E+02  1.5203906E+00  1.1669589E+00  1.9459651E+00  7.7985450E+00  6.9207393E-01 
      1033     -2.1265420E+00  2.6740554E-02 -1.4707829E-02  5.2085968E-02  1.0720557E+00  3.3159795E-05 
      1033 SSD -1.6675675E+02  1.5897935E+00  5.0735573E-01  1.4125462E+00  2.5919687E+01 -9.9225550E-02 
      1034     -2.1064047E+00  2.8304104E-02 -3.0769224E-02  2.3123882E-02  1.8492238E+00 -1.5173885E-02 
      1034 SSD -1.6626976E+02  1.6280757E+00  6.1006448E-02  8.3254988E-01  4.4808147E+01 -5.8440563E-01 
      1035     -2.0885867E+00  2.8693502E-02 -4.7226490E-02 -4.7075096E-03  2.4254280E+00 -3.6735610E-02 
      1035 SSD -1.6582724E+02  1.6509011E+00 -3.9798456E-01  1.3845794E-01  5.9047675E+01 -1.1499946E+00 
      1036     -2.0812195E+00  2.8604479E-02 -5.9494479E-02 -2.7794367E-02  2.6748179E+00 -4.7030546E-02 
      1036 SSD -1.6565403E+02  1.6748546E+00 -7.7224565E-01 -5.2642797E-01  6.5337501E+01 -1.4319006E+00 
      1037     -2.0801696E+00  2.8499944E-02 -7.0605355E-02 -4.1029402E-02  2.5472291E+00 -4.3336978E-02 
      1037 SSD -1.6574325E+02  1.6872707E+00 -1.1932803E+00 -1.0706302E+00  6.1906798E+01 -1.2445843E+00 
      1038     -2.0916267E+00  2.8251005E-02 -7.6591741E-02 -5.5597525E-02  2.0542513E+00 -3.9524976E-02 
      1038 SSD -1.6610139E+02  1.6919660E+00 -1.5319657E+00 -1.5380516E+00  4.9331607E+01 -7.3847390E-01 
      1039     -2.0999468E+00  2.9095139E-02 -8.4909560E-02 -3.3714269E-02  1.3360287E+00  3.9294541E-03 
      1039 SSD -1.6643969E+02  1.7063877E+00 -1.9134321E+00 -1.0300817E+00  3.1588522E+01  3.3826681E-01 
      1040     -2.1334301E+00  2.9829542E-02 -7.5198956E-02 -6.0902698E-02  4.8895317E-01 -1.6669499E-02 
      1040 SSD -1.6723551E+02  1.7246600E+00 -1.8770127E+00 -1.6491108E+00  1.1287688E+01  3.6939162E-02 
      1041      2.7186907E+01 -2.2237153E-02 -1.5795326E-02  1.5337184E-03 -1.3437482E-02  3.2914498E+00 
      1041 SSD  5.8460107E+02 -3.3820682E-01  6.0619392E-01  4.8244145E-02  7.5795223E-02  8.7519683E+01 
      1042      5.9676684E+01 -2.3939248E-02 -2.6690722E-02  1.1611358E-03  2.3792520E-02  3.2986455E+00 
      1042 SSD  1.4712406E+03 -3.3032009E-01  2.1619527E-01  4.0574246E-02  1.4858380E+00  9.2608520E+01 
      1043      8.9024354E+01 -2.4483148E-02 -3.7369422E-02  1.1351930E-03  4.4779685E-02  2.6523980E+00 
      1043 SSD  2.3181253E+03 -3.0735082E-01 -1.6986467E-01  4.0053489E-02  2.6676467E+00  7.9557576E+01 
      1044      1.0952302E+02 -2.4020775E-02 -4.7932605E-02  1.1149215E-03  4.4952446E-02  1.5024529E+00 
      1044 SSD  2.9546002E+03 -2.7128777E-01 -5.5345664E-01  3.9648094E-02  3.3319881E+00  4.9877729E+01 
      1045      1.1691094E+02 -2.2987478E-02 -5.8497543E-02  1.1103549E-03 -3.6287465E-03 -6.3947989E-03 
      1045 SSD  3.2013610E+03 -2.2803056E-01 -9.3649201E-01  3.9543983E-02 -7.8545629E-02 -1.2608029E-01 
      1046      1.0940524E+02 -2.1984839E-02 -6.9096330E-02  1.1179428E-03 -5.2065102E-02 -1.5132167E+00 
      1046 SSD  2.9522390E+03 -1.8540855E-01 -1.3201152E+00  3.9685648E-02 -3.4835704E+00 -5.0096370E+01 
      1047      8.8833193E+01 -2.1608998E-02 -7.9771641E-02  1.1436378E-03 -5.1303173E-02 -2.6559200E+00 
      1047 SSD  2.3142548E+03 -1.5109513E-01 -1.7056700E+00  4.0202820E-02 -2.8029208E+00 -7.9633049E+01 
      1048      5.9499906E+01 -2.2271668E-02 -9.0704157E-02  1.1837178E-03 -2.8034134E-02 -3.2920581E+00 
      1048 SSD  1.4675578E+03 -1.3032292E-01 -2.0964879E+00  4.0994177E-02 -1.5695484E+00 -9.2491723E+01 
      1049      2.7110057E+01 -2.4085835E-02 -1.0223486E-01  1.5449584E-03  1.2757372E-02 -3.2782434E+00 
      1049 SSD  5.8274732E+02 -1.2428344E-01 -2.4990699E+00  4.8147127E-02 -8.7365684E-02 -8.7276607E+01 
      1050      1.0952714E+02 -1.1318637E-02 -5.7498676E-02  1.1036986E-03  1.4990949E+00  4.2428280E-02 
      1050 SSD  2.9545231E+03  1.7966472E-01 -8.9297484E-01  3.9375287E-02  4.9848973E+01  3.2881007E+00 
      1051      8.9094566E+01  2.4696937E-05 -5.7051935E-02  1.0924429E-03  2.6440085E+00  4.5952303E-02 
      1051 SSD  2.3188673E+03  5.7973218E-01 -8.5638086E-01  3.9078649E-02  7.9443483E+01  2.6733089E+00 
      1052      5.9841169E+01  1.0843928E-02 -5.7486910E-02  1.0878927E-03  3.2899650E+00  3.4587756E-02 
      1052 SSD  1.4733102E+03  9.6859541E-01 -8.3042536E-01  3.8886832E-02  9.2490517E+01  1.6469340E+00 
      1053      2.7355766E+01  2.1225451E-02 -5.8786737E-02  1.3526804E-03  3.2991517E+00  6.0525300E-03 
      1053 SSD  5.8671786E+02  1.3492909E+00 -8.1372277E-01  4.5303309E-02  8.7631359E+01  3.7416232E-01 
      1054      8.2711568E+01 -1.9274196E-03 -4.5726055E-02  1.1102799E-03  2.4797478E+00  1.1702490E+00 
      1054 SSD  2.1154960E+03  5.2580363E-01 -4.6372915E-01  3.9295789E-02  7.2892691E+01  3.5732071E+01 
      1055      6.6551333E+01 -3.2103158E-03 -3.3398472E-02  1.1025479E-03  2.0388963E+00  2.0402724E+00 
      1055 SSD  1.6432333E+03  4.8209366E-01 -5.6007370E-02  3.9385378E-02  5.7962017E+01  5.7977559E+01 
      1056      4.3865451E+01 -3.5600000E-03 -2.0848772E-02  1.0548130E-03  1.4035617E+00  2.5118434E+00 
      1056 SSD  1.0159901E+03  4.5369177E-01  3.5823906E-01  3.8904133E-02  3.8425766E+01  6.7932559E+01 
      1057      1.9290774E+01 -3.0681235E-03 -9.0181405E-03  1.4257509E-03  6.7437417E-01  2.4512113E+00 
      1057 SSD  3.6754011E+02  4.4146746E-01  7.6993341E-01  5.1507246E-02  1.7562578E+01  6.3178180E+01 
      1058      8.2678172E+01 -1.3211423E-02 -3.5227640E-02  1.1066730E-03  1.1660290E+00  2.4822225E+00 
      1058 SSD  2.1151572E+03  9.8273533E-02 -1.1145812E-01  3.9664085E-02  3.5689966E+01  7.2917297E+01 
      1059      1.0210260E+02 -1.2600516E-02 -4.6610926E-02  1.1087499E-03  1.4180949E+00  1.4202924E+00 
      1059 SSD  2.7047090E+03  1.3393009E-01 -5.0601143E-01  3.9498166E-02  4.5666475E+01  4.5679713E+01 
      1060      5.5146391E+01 -1.2787394E-02 -2.3679464E-02  1.0760930E-03  7.9956489E-01  3.0751173E+00 
      1060 SSD  1.3332606E+03  7.8615503E-02  2.8717229E-01  3.9582369E-02  2.3358218E+01  8.5182990E+01 
      1061      2.4914665E+01 -1.1262725E-02 -1.2476145E-02  1.4631825E-03  3.7169153E-01  3.0462832E+00 
      1061 SSD  5.1852102E+02  7.8379554E-02  6.8479584E-01  5.1172200E-02  1.0315539E+01  8.0033708E+01 
      1062      1.9219390E+01  1.4997850E-02 -3.1644590E-02  1.2572572E-03  2.4706208E+00  6.8192536E-01 
      1062 SSD  3.6639737E+02  1.1988401E+00  2.2759670E-02  3.7186075E-02  6.3522367E+01  1.7662856E+01 
      1063      4.3880612E+01  6.1176427E-03 -3.2156359E-02  1.1388466E-03  2.5109397E+00  1.4050117E+00 
      1063 SSD  1.0162657E+03  8.5053257E-01 -9.4346545E-03  3.9276577E-02  6.7897591E+01  3.8429527E+01 
      1064      2.4936071E+01  1.8223696E-02 -4.6482963E-02  1.3469476E-03  3.0594284E+00  3.8650106E-01 
      1064 SSD  5.1855000E+02  1.2783035E+00 -4.1574389E-01  4.1325416E-02  8.0259514E+01  1.0505365E+01 
      1065      5.5213802E+01  8.2002676E-03 -4.5632497E-02  1.1364252E-03  3.0718668E+00  8.0684398E-01 
      1065 SSD  1.3340495E+03  9.0581145E-01 -4.3220040E-01  3.9264592E-02  8.5132313E+01  2.3427512E+01 
      1066      3.4764484E+00  7.5654342E-03 -1.1670201E-04  7.7925022E-04  7.9565137E-01  7.5222195E-01 
      1066 SSD -3.1236919E+01  1.0206165E+00  9.8123290E-01  3.3646954E-02  1.9250760E+01  1.8391879E+01 
      1067      1.1439800E+01  1.1585973E-02 -1.6183107E-02  9.6489587E-04  1.6611472E+00  8.2682011E-01 
      1067 SSD  1.6687203E+02  1.1161231E+00  4.7813047E-01  3.2444947E-02  4.1620037E+01  2.0767079E+01 
      1068      1.1582931E+01  5.5901693E-03 -5.4322263E-03  1.3620873E-03  8.1664184E-01  1.6271955E+00 
      1068 SSD  1.6944455E+02  8.1046871E-01  8.5646091E-01  4.9300680E-02  2.0522614E+01  4.0965947E+01 
      1069      2.8201212E+01  5.0556128E-03 -1.8316996E-02  1.0900230E-03  1.7093993E+00  1.7092518E+00 
      1069 SSD  5.9657955E+02  8.1354718E-01  4.2382542E-01  3.8703337E-02  4.4850001E+01  4.4875983E+01 
      1070      2.0342130E+01  5.7558876E-03 -9.4282357E-02  1.2230452E-03  7.0959645E-01 -2.5683884E+00 
      1070 SSD  4.0652376E+02  7.7534276E-01 -2.3187114E+00  3.6877284E-02  1.8400052E+01 -6.7228460E+01 
      1071      4.5873596E+01  6.0210592E-03 -8.4728622E-02  1.1344912E-03  1.3943923E+00 -2.6008312E+00 
      1071 SSD  1.0908563E+03  7.5633331E-01 -1.9528423E+00  3.9490632E-02  3.8629262E+01 -7.0881747E+01 
      1072      6.8733841E+01  4.4623395E-03 -7.6091757E-02  1.0730995E-03  2.0379487E+00 -2.0593895E+00 
      1072 SSD  1.7310758E+03  7.0266606E-01 -1.5970838E+00  3.8783037E-02  5.8725231E+01 -5.9072675E+01 
      1073      8.4160417E+01  2.3163303E-03 -6.7206949E-02  1.0670595E-03  2.4890309E+00 -1.1179755E+00 
      1073 SSD  2.1811160E+03  6.4092587E-01 -1.2360537E+00  3.8760064E-02  7.4305596E+01 -3.3204321E+01 
      1074      5.6271948E+01 -8.7176642E-03 -8.7627429E-02  1.2051690E-03  7.7193542E-01 -3.1229649E+00 
      1074 SSD  1.3819222E+03  3.0764137E-01 -2.0246023E+00  4.0958816E-02  2.1793349E+01 -8.7317572E+01 
      1075      2.5526082E+01 -9.7673478E-03 -9.8566936E-02  1.4012033E-03  4.0032966E-01 -3.1166766E+00 
      1075 SSD  5.4348116E+02  3.2494713E-01 -2.4146206E+00  4.1581883E-02  1.0583698E+01 -8.2813600E+01 
      1076      8.3983376E+01 -8.8388263E-03 -7.7626608E-02  1.1317186E-03  1.1039953E+00 -2.5095216E+00 
      1076 SSD  2.1781658E+03  2.7436570E-01 -1.6469978E+00  3.9842719E-02  3.2960252E+01 -7.4629652E+01 
      1077      1.0307417E+02 -9.8691531E-03 -6.7812148E-02  1.1039153E-03  1.3722980E+00 -1.3871568E+00 
      1077 SSD  2.7599428E+03  2.2916081E-01 -1.2731885E+00  3.9395987E-02  4.3649781E+01 -4.3913617E+01 
      1078      1.3281556E+01  3.4352960E-02 -8.3839048E-02  7.4581947E-04  1.7407651E+00 -8.5003584E-01 
      1078 SSD  2.1775943E+02  1.6540656E+00 -1.9025373E+00  3.6247142E-02  4.4540992E+01 -2.1599673E+01 
      1079      3.0531283E+01  2.0809643E-02 -8.2827775E-02  1.0029947E-03  1.7420660E+00 -1.7868521E+00 
      1079 SSD  6.7159884E+02  1.2060099E+00 -1.8963421E+00  3.7685479E-02  4.6489702E+01 -4.7243795E+01 
      1080      4.6293438E+00  4.1859183E-02 -8.5700503E-02 -7.1473543E-06  7.8154583E-01 -8.5542067E-01 
      1080 SSD -3.4563802E-01  1.8213220E+00 -2.1191979E+00  1.5321483E-02  1.9487007E+01 -2.0823985E+01 
      1081      1.2839802E+01  2.3217551E-02 -8.8204422E-02  6.1010914E-04  8.2192178E-01 -1.7762227E+00 
      1081 SSD  2.0994032E+02  1.2636961E+00 -2.1788237E+00  2.4899007E-02  2.1132008E+01 -4.5210683E+01 
      1082      2.0854800E+01  2.8163539E-02 -7.6720690E-02  1.0657682E-03  2.5712120E+00 -6.9717182E-01 
      1082 SSD  4.1511387E+02  1.5123639E+00 -1.5627806E+00  4.3995149E-02  6.7273761E+01 -1.8120676E+01 
      1083      4.6181499E+01  1.7209343E-02 -7.5664196E-02  9.7819322E-04  2.5616339E+00 -1.4142787E+00 
      1083 SSD  1.0959408E+03  1.1194501E+00 -1.5649826E+00  3.7518347E-02  7.0227598E+01 -3.8941728E+01 
      1084      2.5924785E+01  2.4505049E-02 -6.9318695E-02  1.2682517E-03  3.1293060E+00 -3.8344335E-01 
      1084 SSD  5.4989387E+02  1.4259357E+00 -1.2113370E+00  4.7182423E-02  8.3022326E+01 -1.0294109E+01 
      1085      5.6654315E+01  1.3928305E-02 -6.7685725E-02  1.0157774E-03  3.1058495E+00 -7.7147741E-01 
      1085 SSD  1.3881536E+03  1.0405013E+00 -1.2147860E+00  3.8143363E-02  8.7049059E+01 -2.1799399E+01 
      1086      2.7312138E+01 -6.7015817E-02 -5.8040559E-02  1.3007701E-03 -3.2938791E+00 -1.1978899E-02 
      1086 SSD  5.8562058E+02 -1.8025758E+00 -1.0571732E+00  4.5274582E-02 -8.7513181E+01 -4.8660110E-01 
      1087      5.9747454E+01 -5.6643962E-02 -5.9499164E-02  1.0815715E-03 -3.2848291E+00 -4.4317468E-02 
      1087 SSD  1.4711477E+03 -1.4218916E+00 -1.0430866E+00  3.9049190E-02 -9.2391934E+01 -1.8358175E+00 
      1088      8.8987861E+01 -4.5924968E-02 -5.9969247E-02  1.0972871E-03 -2.6458555E+00 -5.8055243E-02 
      1088 SSD  2.3165220E+03 -1.0347210E+00 -1.0174250E+00  3.9212783E-02 -7.9491430E+01 -2.9124127E+00 
      1089      1.0946094E+02 -3.4637600E-02 -5.9510638E-02  1.1021169E-03 -1.5050075E+00 -5.4944218E-02 
      1089 SSD  2.9530882E+03 -6.3550473E-01 -9.8035914E-01  3.9391703E-02 -4.9978779E+01 -3.5348919E+00 
      1090      5.6649118E+01 -5.9704839E-02 -4.9126834E-02  1.0077287E-03 -3.1042647E+00  7.6316462E-01 
      1090 SSD  1.3878514E+03 -1.4931977E+00 -6.5428636E-01  3.8179384E-02 -8.7024109E+01  2.1608318E+01 
      1091      4.6249392E+01 -6.2869287E-02 -4.1019029E-02  1.0174821E-03 -2.5637166E+00  1.4073530E+00 
      1091 SSD  1.0972872E+03 -1.5702382E+00 -3.0014878E-01  3.8353893E-02 -7.0267748E+01  3.8787800E+01 
      1092      3.0619242E+01 -6.6203795E-02 -3.3879959E-02  1.0730742E-03 -1.7428129E+00  1.7898679E+00 
      1092 SSD  6.7355933E+02 -1.6520893E+00  3.1090794E-02  3.9043493E-02 -4.6501842E+01  4.7277667E+01 
      1093      1.2870646E+01 -6.8365697E-02 -2.8665283E-02  1.0153801E-03 -8.2380735E-01  1.7846817E+00 
      1093 SSD  2.1097462E+02 -1.7058944E+00  3.1089599E-01  3.3404397E-02 -2.1170630E+01  4.5360885E+01 
      1094      2.0902925E+01 -7.4397037E-02 -3.9789260E-02  1.0351432E-03 -2.5726009E+00  6.9512532E-01 
      1094 SSD  4.1607155E+02 -1.9747027E+00 -2.9801726E-01  4.3025317E-02 -6.7296646E+01  1.8066502E+01 
      1095      2.5933906E+01 -7.0441981E-02 -4.7254888E-02  1.1661177E-03 -3.1283378E+00  3.7881984E-01 
      1095 SSD  5.4994097E+02 -1.8819735E+00 -6.5317760E-01  4.5698188E-02 -8.2978693E+01  1.0183602E+01 
      1096      1.3334376E+01 -8.0377518E-02 -3.2384927E-02  6.6358396E-04 -1.7472708E+00  8.5192257E-01 
      1096 SSD  2.1899341E+02 -2.1125040E+00  4.7273630E-02  3.4078215E-02 -4.4679317E+01  2.1608224E+01 
      1097      4.6332790E+00 -8.8779359E-02 -2.9356347E-02 -1.2396122E-04 -7.8655131E-01  8.6379940E-01 
      1097 SSD  1.2398971E-01 -2.2976717E+00  2.8776015E-01  1.2097922E-02 -1.9593976E+01  2.0977469E+01 
      1098      8.4114836E+01 -3.7039771E-02 -3.9387036E-02  1.1303560E-03 -1.1096787E+00  2.5046243E+00 
      1098 SSD  2.1808012E+03 -7.2875298E-01 -2.2570032E-01  3.9820844E-02 -3.3077039E+01  7.4522675E+01 
      1099      6.8823840E+01 -5.0313929E-02 -4.0725282E-02  1.0673384E-03 -2.0405045E+00  2.0536431E+00 
      1099 SSD  1.7328630E+03 -1.1568160E+00 -2.7132246E-01  3.8715408E-02 -5.8777056E+01  5.8943443E+01 
      1100      1.0312551E+02 -3.6028136E-02 -4.9153316E-02  1.0997310E-03 -1.3785686E+00  1.3762114E+00 
      1100 SSD  2.7608884E+03 -6.8379685E-01 -5.9898578E-01  3.9357912E-02 -4.3783763E+01  4.3686438E+01 
      1101      8.4165876E+01 -4.8164459E-02 -4.9678791E-02  1.0693464E-03 -2.4921434E+00  1.1071663E+00 
      1101 SSD  2.1810798E+03 -1.0947915E+00 -6.3447587E-01  3.8852568E-02 -7.4371989E+01  3.2974954E+01 
      1102      2.5586059E+01 -3.6116642E-02 -1.9175817E-02  1.4045189E-03 -4.0277455E-01  3.1269311E+00 
      1102 SSD  5.4501199E+02 -7.7953184E-01  5.2864265E-01  4.1541220E-02 -1.0630570E+01  8.3000607E+01 
      1103      5.6406867E+01 -3.7143522E-02 -2.9594300E-02  1.2078775E-03 -7.7585918E-01  3.1272757E+00 
      1103 SSD  1.3847714E+03 -7.6183853E-01  1.4809514E-01  4.0946573E-02 -2.1871136E+01  8.7383935E+01 
      1104      2.0385325E+01 -5.2050009E-02 -2.2546458E-02  1.1815995E-03 -7.1023996E-01  2.5779646E+00 
      1104 SSD  4.0776330E+02 -1.2389285E+00  4.5050820E-01  3.6140903E-02 -1.8403959E+01  6.7404421E+01 
      1105      4.5977994E+01 -5.1983489E-02 -3.2149317E-02  1.1124604E-03 -1.3965169E+00  2.6033444E+00 
      1105 SSD  1.0931211E+03 -1.2129879E+00  8.3544692E-02  3.9098001E-02 -3.8667360E+01  7.0907627E+01 
      1106      1.1516829E+01 -5.1452063E-02 -1.1287818E-01  1.3197158E-03 -8.1465184E-01 -1.6166990E+00 
      1106 SSD  1.6779686E+02 -1.2668560E+00 -2.7558821E+00  4.8787678E-02 -2.0493602E+01 -4.0766884E+01 
      1107      2.8030625E+01 -5.1024601E-02 -9.9647643E-02  1.0778796E-03 -1.7008644E+00 -1.6986984E+00 
      1107 SSD  5.9291675E+02 -1.2718853E+00 -2.3170512E+00  3.8774377E-02 -4.4688424E+01 -4.4669688E+01 
      1108      4.3649555E+01 -5.2035860E-02 -8.5488335E-02  1.1507972E-03 -2.5009568E+00 -1.4042722E+00 
      1108 SSD  1.0114214E+03 -1.3073256E+00 -1.8779949E+00  3.9629966E-02 -6.7706935E+01 -3.8415645E+01 
      1109      5.5024784E+01 -5.4041597E-02 -7.1644256E-02  1.1315332E-03 -3.0644213E+00 -8.1680424E-01 
      1109 SSD  1.3300332E+03 -1.3603667E+00 -1.4479349E+00  3.9313652E-02 -8.4983466E+01 -2.3621346E+01 
      1110      1.1369731E+01 -5.7895454E-02 -1.0193719E-01  9.7449223E-04 -1.6488475E+00 -8.2210309E-01 
      1110 SSD  1.6518781E+02 -1.5825507E+00 -2.3752468E+00  3.2081182E-02 -4.1371232E+01 -2.0677652E+01 
      1111      3.4648881E+00 -5.4976402E-02 -1.1864097E-01  9.9823184E-04 -7.8774156E-01 -7.4490998E-01 
      1111 SSD -3.1801497E+01 -1.5090178E+00 -2.8898410E+00  3.8108295E-02 -1.9087755E+01 -1.8247526E+01 
      1112      1.9111841E+01 -6.0868255E-02 -8.6087364E-02  1.2397477E-03 -2.4548613E+00 -6.8044239E-01 
      1112 SSD  3.6399662E+02 -1.6556826E+00 -1.9132394E+00  3.7679848E-02 -6.3204055E+01 -1.7634039E+01 
      1113      2.4841421E+01 -6.3964535E-02 -7.0737801E-02  1.2973973E-03 -3.0468761E+00 -3.9145152E-01 
      1113 SSD  5.1644615E+02 -1.7313060E+00 -1.4646136E+00  4.0935676E-02 -8.0003654E+01 -1.0609619E+01 
      1114      5.4935679E+01 -3.3888987E-02 -9.3866494E-02  1.1084447E-03 -8.0226522E-01 -3.0649249E+00 
      1114 SSD  1.3289036E+03 -5.4952062E-01 -2.1707813E+00  4.0069072E-02 -2.3411043E+01 -8.4989028E+01 
      1115      4.3648029E+01 -4.2942173E-02 -9.6925229E-02  1.0250813E-03 -1.4026987E+00 -2.4992024E+00 
      1115 SSD  1.0114740E+03 -9.2211409E-01 -2.2469474E+00  3.8532119E-02 -3.8417043E+01 -6.7685551E+01 
      1116      2.4836130E+01 -3.5897717E-02 -1.0537051E-01  1.4783371E-03 -3.7092076E-01 -3.0299078E+00 
      1116 SSD  5.1669366E+02 -5.5925993E-01 -2.5744573E+00  5.0977067E-02 -1.0289743E+01 -7.9718146E+01 
      1117      1.9212650E+01 -4.3754916E-02 -1.0871436E-01  1.3183238E-03 -6.7512197E-01 -2.4357583E+00 
      1117 SSD  3.6573495E+02 -9.1668618E-01 -2.6570321E+00  4.9738562E-02 -1.7582780E+01 -6.2877794E+01 
      1118      1.0191979E+02 -3.3481340E-02 -7.0513112E-02  1.1125107E-03 -1.4241418E+00 -1.4312008E+00 
      1118 SSD  2.7009585E+03 -5.9244369E-01 -1.3697060E+00  3.9578649E-02 -4.5795922E+01 -4.5896799E+01 
      1119      8.2428893E+01 -3.3098441E-02 -8.2075182E-02  1.1210323E-03 -1.1715382E+00 -2.4842066E+00 
      1119 SSD  2.1100777E+03 -5.6160085E-01 -1.7676191E+00  3.9893341E-02 -3.5805212E+01 -7.2956801E+01 
      1120      8.2492722E+01 -4.4081274E-02 -7.1504798E-02  1.1167334E-03 -2.4808188E+00 -1.1811274E+00 
      1120 SSD  2.1109351E+03 -9.8327685E-01 -1.4146406E+00  3.9452958E-02 -7.2923922E+01 -3.5947261E+01 
      1121      6.6274365E+01 -4.2994872E-02 -8.4107374E-02  1.1043008E-03 -2.0393956E+00 -2.0408012E+00 
      1121 SSD  1.6375418E+03 -9.4401378E-01 -1.8277417E+00  3.9420837E-02 -5.7979160E+01 -5.7983512E+01 

