      NODE            V1             V2             V3             VR1            VR2            VR3
      1001     -2.6557764E+00 -1.0570227E-01 -7.1979853E-02  9.4347348E-02  2.4364818E-01 -2.1729347E-01 
      1001 SSD -1.7958813E+02 -2.5941536E+00  5.2125427E-01  1.5981983E+00  4.2181182E+00 -3.9603554E+00 
      1002     -2.5907168E+00 -1.7563777E-01 -7.8205905E-02  2.5855807E-01 -3.8348005E-02  7.1239443E-01 
      1002 SSD -1.7843632E+02 -3.5344828E+00  4.1188023E-01  4.6626707E+00 -1.0968922E-01  1.2834344E+01 
      1003     -2.5129471E+00 -1.0065628E-01 -6.2422395E-02  6.9862451E-02 -1.1532274E-02  2.2195892E+00 
      1003 SSD -1.7717038E+02 -2.0691130E+00  6.5759401E-01  1.4484339E+00  8.2157837E-02  3.9658398E+01 
      1004     -2.4994950E+00 -8.6930998E-02 -6.3111319E-02  2.7033355E-02 -8.0091041E-02  3.5939402E+00 
      1004 SSD -1.7682396E+02 -1.6938067E+00  6.4608748E-01  8.2853889E-01 -1.1307538E+00  6.4475304E+01 
      1005     -2.4746478E+00 -5.7996452E-02 -6.0888281E-02 -2.7488898E-02 -9.2196314E-02  4.5551190E+00 
      1005 SSD -1.7635074E+02 -1.0655910E+00  6.9191998E-01 -1.7439267E-01 -1.8034123E+00  8.2014314E+01 
      1006     -2.4678924E+00 -3.8333818E-02 -6.0661810E-02 -7.4225404E-02 -9.5060994E-02  4.8694607E+00 
      1006 SSD -1.7617755E+02 -5.2485006E-01  7.2589083E-01 -1.1853904E+00 -1.9822967E+00  8.7561290E+01 
      1007     -2.4752839E+00 -2.6884284E-02 -6.0987384E-02 -9.5306094E-02 -7.3024373E-02  4.4897585E+00 
      1007 SSD -1.7638517E+02 -4.7727057E-02  7.4458515E-01 -1.8040358E+00 -1.5338941E+00  8.0069705E+01 
      1008     -2.5065821E+00 -2.5866974E-02 -6.2545989E-02 -1.0550073E-01 -3.0685765E-02  3.4928407E+00 
      1008 SSD -1.7701893E+02  2.5471785E-01  7.2836271E-01 -2.0531477E+00 -7.8799632E-01  6.1678331E+01 
      1009     -2.5230025E+00 -8.5013439E-03 -5.5970771E-02 -6.0471741E-02 -2.8011923E-02  2.1176310E+00 
      1009 SSD -1.7745571E+02  8.2301660E-01  8.2434911E-01 -1.2781352E+00 -5.9458913E-01  3.7094549E+01 
      1010     -2.6175702E+00 -3.1056379E-02 -5.6973513E-02 -8.1318656E-02  1.1769701E-01  6.8882057E-01 
      1010 SSD -1.7897484E+02  7.2064623E-01  8.0454950E-01 -1.6485927E+00  2.0330660E+00  1.1992178E+01 
      1011     -2.6102065E+00 -5.9554178E-03 -3.8842571E-02  1.3154789E-01 -3.2334271E-02 -1.3688288E-01 
      1011 SSD -1.7905991E+02  1.3638387E+00  1.0560188E+00  2.2103530E+00 -6.2815550E-01 -2.2615152E+00 
      1012     -2.5473225E+00  5.6369936E-03 -1.8080615E-01  9.4711030E-02 -2.5190444E-01  2.0159040E-01 
      1012 SSD -1.7858912E+02  1.6035675E+00 -3.6012974E+00  1.6235405E+00 -4.3554147E+00  3.6894350E+00 
      1013     -2.4853533E+00  7.8470562E-02 -1.7361719E-01  2.1973869E-01  3.8496989E-02 -7.0229362E-01 
      1013 SSD -1.7745224E+02  2.5875924E+00 -3.4764392E+00  4.0054760E+00  1.1485560E-01 -1.2666833E+01 
      1014     -2.4126772E+00  1.6508240E-02 -1.8566465E-01  8.1502989E-02  1.0507321E-02 -2.2070625E+00 
      1014 SSD -1.7623354E+02  1.3181738E+00 -3.6654405E+00  1.6347593E+00 -9.3137036E-02 -3.9448488E+01 
      1015     -2.4043038E+00 -8.2674911E-03 -1.8471254E-01  2.3600758E-02  7.9648513E-02 -3.5800272E+00 
      1015 SSD -1.7593672E+02  7.7715954E-01 -3.6494494E+00  7.8254202E-01  1.1281630E+00 -6.4258108E+01 
      1016     -2.3834466E+00 -3.3216540E-02 -1.8546127E-01 -2.6848218E-02  9.2069969E-02 -4.5369563E+00 
      1016 SSD -1.7549441E+02  2.0726392E-01 -3.6744292E+00 -1.7801349E-01  1.8016754E+00 -8.1730292E+01 
      1017     -2.3808999E+00 -5.4261541E-02 -1.8506654E-01 -6.7388865E-02  9.6317626E-02 -4.8524261E+00 
      1017 SSD -1.7535350E+02 -3.4606878E-01 -3.6986596E+00 -1.0816348E+00  2.0112732E+00 -8.7291993E+01 
      1018     -2.3931890E+00 -7.0838115E-02 -1.8532374E-01 -8.8718808E-02  7.1975915E-02 -4.4772682E+00 
      1018 SSD -1.7560999E+02 -9.0697122E-01 -3.7260424E+00 -1.6745065E+00  1.5238569E+00 -7.9900155E+01 
      1019     -2.4294125E+00 -7.1516273E-02 -1.8446823E-01 -1.1219882E-01  2.6556257E-02 -3.4750377E+00 
      1019 SSD -1.7629301E+02 -1.2100329E+00 -3.7214047E+00 -2.1831395E+00  7.2001187E-01 -6.1422904E+01 
      1020     -2.4473645E+00 -8.0571436E-02 -1.9022417E-01 -6.6514341E-02  2.9781123E-02 -2.0960974E+00 
      1020 SSD -1.7672206E+02 -1.6451457E+00 -3.8036136E+00 -1.3966447E+00  6.2969110E-01 -3.6752257E+01 
      1021     -2.5479314E+00 -6.8837160E-02 -1.8907868E-01 -6.2706281E-02 -1.1808610E-01 -6.8799093E-01 
      1021 SSD -1.7830467E+02 -1.7091658E+00 -3.7790838E+00 -1.3228359E+00 -2.0380528E+00 -1.1987780E+01 
      1022     -2.5441458E+00 -8.3538107E-02 -2.0426178E-01  1.0187823E-01  1.5688566E-02  1.5295377E-01 
      1022 SSD -1.7841263E+02 -2.1991209E+00 -3.9862761E+00  1.7197391E+00  3.5226645E-01  2.5176756E+00 
      1023     -2.5028270E+00 -9.4325656E-02 -2.2127186E-01  1.4902977E-01 -5.9480372E-01 -4.3739578E-02 
      1023 SSD -1.7759888E+02 -2.3785483E+00 -4.0805137E+00  2.7090795E+00 -1.0537312E+01 -8.8508207E-01 
      1024     -2.4688635E+00 -1.0136569E-01 -1.8223119E-01  8.8966183E-02 -1.9697480E+00 -2.3825208E-03 
      1024 SSD -1.7690892E+02 -2.4873640E+00 -3.2030752E+00  1.7903465E+00 -3.4913185E+01  7.9544468E-02 
      1025     -2.4496876E+00 -1.0487961E-01 -1.5852998E-01  3.6795550E-02 -3.3881286E+00  2.5193359E-02 
      1025 SSD -1.7642028E+02 -2.5487960E+00 -2.6515368E+00  1.0052774E+00 -6.0213701E+01  7.1626416E-01 
      1026     -2.4358403E+00 -1.0554492E-01 -1.3279726E-01 -1.5131856E-02 -4.4400632E+00  6.2604689E-02 
      1026 SSD -1.7600402E+02 -2.5775219E+00 -2.0659952E+00  6.6961640E-02 -7.9255944E+01  1.4238177E+00 
      1027     -2.4406795E+00 -1.0495300E-01 -1.1560032E-01 -5.5482279E-02 -4.8957355E+00  8.5451609E-02 
      1027 SSD -1.7595404E+02 -2.5975224E+00 -1.6030529E+00 -7.8358654E-01 -8.7650075E+01  1.8684725E+00 
      1028     -2.4549171E+00 -1.0475079E-01 -1.0244129E-01 -7.6444679E-02 -4.6710239E+00  7.6863966E-02 
      1028 SSD -1.7618073E+02 -2.6127234E+00 -1.1223663E+00 -1.4185171E+00 -8.3294053E+01  1.5507815E+00 
      1029     -2.4876161E+00 -1.0478633E-01 -1.0001690E-01 -9.9065839E-02 -3.7875488E+00  6.9986524E-02 
      1029 SSD -1.7673465E+02 -2.6202772E+00 -7.7128834E-01 -1.9858487E+00 -6.6822855E+01  1.0132446E+00 
      1030     -2.5172017E+00 -1.0717747E-01 -9.4793443E-02 -6.0356404E-02 -2.4741743E+00  3.2690945E-03 
      1030 SSD -1.7729966E+02 -2.6500696E+00 -3.8483958E-01 -1.3329107E+00 -4.3063624E+01 -2.6328552E-01 
      1031     -2.6050322E+00 -1.0746652E-01 -1.1327364E-01 -1.0756688E-01 -9.0463453E-01  4.9672761E-02 
      1031 SSD -1.7867521E+02 -2.6566968E+00 -4.3134872E-01 -2.1403549E+00 -1.5449702E+01  2.9997781E-01 
      1032     -2.5532604E+00  1.8631219E-03 -2.9772446E-02  1.4549174E-01  5.9580247E-01  4.6820998E-02 
      1032 SSD -1.7810796E+02  1.5015300E+00  1.0310802E+00  2.6515088E+00  1.0567148E+01  9.2776441E-01 
      1033     -2.4990245E+00  8.1901094E-03 -6.4879636E-02  9.1544323E-02  1.9785935E+00  2.9834416E-03 
      1033 SSD -1.7721249E+02  1.5987498E+00  2.0841907E-01  1.8301623E+00  3.5076780E+01 -8.2146686E-02 
      1034     -2.4618859E+00  1.1249064E-02 -8.7818376E-02  3.6953260E-02  3.4023919E+00 -2.3669507E-02 
      1034 SSD -1.7655113E+02  1.6522621E+00 -3.3357220E-01  1.0057058E+00  6.0480016E+01 -6.9767250E-01 
      1035     -2.4300328E+00  1.1881314E-02 -1.1218518E-01 -1.5276743E-02  4.4501365E+00 -6.3120434E-02 
      1035 SSD -1.7596537E+02  1.6787762E+00 -8.9983796E-01  6.1139474E-02  7.9469678E+01 -1.4476003E+00 
      1036     -2.4166277E+00  1.1412573E-02 -1.2847570E-01 -5.6002907E-02  4.8956328E+00 -8.2122005E-02 
      1036 SSD -1.7573109E+02  1.7014357E+00 -1.3443063E+00 -7.9168427E-01  8.7731807E+01 -1.8115852E+00 
      1037     -2.4129045E+00  1.1101312E-02 -1.4097535E-01 -7.6912737E-02  4.6582742E+00 -7.6690188E-02 
      1037 SSD -1.7580252E+02  1.7135777E+00 -1.8153011E+00 -1.4331273E+00  8.3164945E+01 -1.5957145E+00 
      1038     -2.4318518E+00  1.0672537E-02 -1.4343904E-01 -1.0018867E-01  3.7599840E+00 -7.5235654E-02 
      1038 SSD -1.7624327E+02  1.7178646E+00 -2.1597105E+00 -2.0025936E+00  6.6467161E+01 -1.0826951E+00 
      1039     -2.4454584E+00  1.2546443E-02 -1.4941480E-01 -5.9391376E-02  2.4471540E+00  1.8327037E-03 
      1039 SSD -1.7665128E+02  1.7417745E+00 -2.5589638E+00 -1.3137092E+00  4.2709988E+01  3.3798617E-01 
      1040     -2.5056025E+00  1.4241459E-02 -1.2510714E-01 -1.0714925E-01  8.9462393E-01 -3.7999407E-02 
      1040 SSD -1.7771202E+02  1.7698378E+00 -2.4195373E+00 -2.1404919E+00  1.5318179E+01 -1.3402950E-01 
      1041      5.0527795E+01 -4.2705415E-02 -7.3358532E-02  2.0869459E-03 -3.9407140E-02  5.9026854E+00 
      1041 SSD  8.1756871E+02 -5.3325516E-01  2.6771494E-01  5.7106591E-02 -1.3913777E-01  1.1464897E+02 
      1042      1.0845024E+02 -4.6728063E-02 -8.6024428E-02  1.3916114E-03  1.4941198E-02  5.8425495E+00 
      1042 SSD  1.9702114E+03 -5.4372905E-01 -1.7495201E-01  4.6336812E-02  1.4729822E+00  1.1940759E+02 
      1043      1.6017226E+02 -4.8424151E-02 -9.8282764E-02  1.3446077E-03  4.5517761E-02  4.6409322E+00 
      1043 SSD  3.0540769E+03 -5.2876076E-01 -6.1187075E-01  4.5620500E-02  2.7728612E+00  1.0078597E+02 
      1044      1.9583588E+02 -4.8070076E-02 -1.1034845E-01  1.3081434E-03  4.6655617E-02  2.5845333E+00 
      1044 SSD  3.8534558E+03 -4.9140971E-01 -1.0454961E+00  4.5061740E-02  3.4575649E+00  6.1656021E+01 
      1045      2.0854027E+02 -4.6542855E-02 -1.2243792E-01  1.3001098E-03 -6.4545937E-03 -1.1722430E-02 
      1045 SSD  4.1581377E+03 -4.4150997E-01 -1.4786612E+00  4.4922949E-02 -1.1114362E-01 -1.8054163E-01 
      1046      1.9562169E+02 -4.5069447E-02 -1.3459230E-01  1.3139208E-03 -5.9458322E-02 -2.6039510E+00 
      1046 SSD  3.8501054E+03 -3.9246421E-01 -1.9126994E+00  4.5123152E-02 -3.6742876E+00 -6.1963516E+01 
      1047      1.5982727E+02 -4.4868572E-02 -1.4687074E-01  1.3599027E-03 -5.7502018E-02 -4.6469420E+00 
      1047 SSD  3.0486265E+03 -3.5748877E-01 -2.3492145E+00  4.5832889E-02 -2.9695166E+00 -1.0088711E+02 
      1048      1.0813597E+02 -4.6781792E-02 -1.5959231E-01  1.4315871E-03 -2.2943020E-02 -5.8300043E+00 
      1048 SSD  1.9651030E+03 -3.4562254E-01 -2.7928419E+00  4.6919106E-02 -1.5985511E+00 -1.1923193E+02 
      1049      5.0399445E+01 -5.1017839E-02 -1.7337574E-01  2.1135789E-03  3.7853967E-02 -5.8783701E+00 
      1049 SSD  8.1514024E+02 -3.5885799E-01 -3.2526030E+00  5.7134271E-02  1.1701536E-01 -1.1429607E+02 
      1050      1.9585274E+02 -3.2560237E-02 -1.2106632E-01  1.2894578E-03  2.5764160E+00  4.1933025E-02 
      1050 SSD  3.8534379E+03  2.4005198E-02 -1.4289891E+00  4.4712955E-02  6.1596078E+01  3.3945055E+00 
      1051      1.6033496E+02 -1.9135767E-02 -1.2082701E-01  1.2717437E-03  4.6227233E+00  4.8043279E-02 
      1051 SSD  3.0554516E+03  4.7964601E-01 -1.3914311E+00  4.4345815E-02  1.0059956E+02  2.7878887E+00 
      1052      1.0880867E+02 -6.6372927E-03 -1.2241025E-01  1.2682145E-03  5.8250546E+00  3.6003801E-02 
      1052 SSD  1.9736814E+03  9.2021306E-01 -1.3729044E+00  4.4145968E-02  1.1922328E+02  1.7196629E+00 
      1053      5.0895080E+01  5.0955171E-03 -1.2580082E-01  1.7882314E-03  5.9181484E+00 -1.2994658E-03 
      1053 SSD  8.2112657E+02  1.3494627E+00 -1.3720296E+00  5.3100288E-02  1.1481799E+02  3.1680773E-01 
      1054      1.4944293E+02 -2.2566980E-02 -1.0716669E-01  1.3086088E-03  4.3495414E+00  2.0274461E+00 
      1054 SSD  2.8031603E+03  4.1025413E-01 -9.4153503E-01  4.4730543E-02  9.2803094E+01  4.4924796E+01 
      1055      1.2110911E+02 -2.4675936E-02 -9.1509287E-02  1.2861973E-03  3.5971516E+00  3.6016212E+00 
      1055 SSD  2.2015860E+03  3.5695512E-01 -4.6750658E-01  4.4699773E-02  7.4435533E+01  7.4468081E+01 
      1056      8.0787574E+01 -2.4955924E-02 -7.5524970E-02  1.1819360E-03  2.4956192E+00  4.4881249E+00 
      1056 SSD  1.3892205E+03  3.2710863E-01  1.4228312E-02  4.3719838E-02  4.9858676E+01  8.8579408E+01 
      1057      3.6580791E+01 -2.3624659E-02 -6.1208959E-02  1.8177774E-03  1.2128314E+00  4.4367850E+00 
      1057 SSD  5.3711472E+02  3.2059205E-01  4.8544171E-01  5.9371261E-02  2.3112856E+01  8.3642770E+01 
      1058      1.4936050E+02 -3.5319724E-02 -9.4569155E-02  1.2883333E-03  2.0177006E+00  4.3563240E+00 
      1058 SSD  2.8025022E+03 -6.9525940E-02 -5.3668485E-01  4.4977993E-02  4.4845014E+01  9.2853896E+01 
      1059      1.8322601E+02 -3.4607667E-02 -1.0830671E-01  1.2983380E-03  2.4398635E+00  2.4456885E+00 
      1059 SSD  3.5466422E+03 -3.0785262E-02 -9.8884199E-01  4.4872284E-02  5.6753906E+01  5.6789219E+01 
      1060      1.0069469E+02 -3.3979770E-02 -8.0572887E-02  1.2166575E-03  1.3927761E+00  5.4638939E+00 
      1060 SSD  1.7974042E+03 -8.3083023E-02 -7.9455281E-02  4.4544071E-02  2.9671996E+01  1.1028263E+02 
      1061      4.6607208E+01 -3.0523941E-02 -6.7405870E-02  1.8964414E-03  6.5388608E-01  5.4844036E+00 
      1061 SSD  7.3387053E+02 -6.7919793E-02  3.7264272E-01  5.9273060E-02  1.3276801E+01  1.0528824E+02 
      1062      3.6455181E+01 -6.1371037E-03 -8.9076545E-02  1.6957642E-03  4.4733291E+00  1.2291459E+00 
      1062 SSD  5.3538466E+02  1.1488673E+00 -3.7775271E-01  4.4431407E-02  8.4139898E+01  2.3280445E+01 
      1063      8.0826019E+01 -1.5221027E-02 -8.9613848E-02  1.3816054E-03  4.4864775E+00  2.5004269E+00 
      1063 SSD  1.3896198E+03  7.6305564E-01 -4.1249121E-01  4.5085290E-02  8.8543204E+01  4.9880180E+01 
      1064      4.6678080E+01 -3.4588863E-04 -1.0995499E-01  1.8426029E-03  5.5096835E+00  6.8441937E-01 
      1064 SSD  7.3411947E+02  1.2540779E+00 -9.0664405E-01  4.9372057E-02  1.0561613E+02  1.3591921E+01 
      1065      1.0085422E+02 -1.1483046E-02 -1.0763315E-01  1.3751274E-03  5.4574332E+00  1.4089519E+00 
      1065 SSD  1.7987927E+03  8.3544485E-01 -9.1235915E-01  4.5031868E-02  1.1021120E+02  2.9804827E+01 
      1066      7.8313890E+00 -1.9714227E-02 -4.4724660E-02  6.8255125E-04  1.4627665E+00  1.3810693E+00 
      1066 SSD  6.0819623E+00  9.0943622E-01  7.7291223E-01  3.6408167E-02  2.5989534E+01  2.4766239E+01 
      1067      2.2377903E+01 -1.2319891E-02 -6.7348169E-02  1.1043386E-03  3.0277501E+00  1.5046173E+00 
      1067 SSD  2.7124265E+02  1.0385005E+00  1.7022112E-01  3.6911410E-02  5.5581201E+01  2.7683274E+01 
      1068      2.2646345E+01 -1.6062996E-02 -5.4600126E-02  1.7243051E-03  1.4856337E+00  2.9643612E+00 
      1068 SSD  2.7500268E+02  7.1684336E-01  6.0245582E-01  5.6858188E-02  2.7357176E+01  5.4651160E+01 
      1069      5.2746536E+01 -1.7057230E-02 -7.1058313E-02  1.2745564E-03  3.0774821E+00  3.0770782E+00 
      1069 SSD  8.4092557E+02  7.1709736E-01  9.9748143E-02  4.3989553E-02  5.9027073E+01  5.9045965E+01 
      1070      3.8070556E+01 -9.9095170E-03 -1.5903519E-01  1.5780983E-03  1.2822542E+00 -4.6073278E+00 
      1070 SSD  5.8207963E+02  7.1556837E-01 -3.0092770E+00  4.3378291E-02  2.4279358E+01 -8.8355143E+01 
      1071      8.3657801E+01 -8.9671433E-03 -1.4884648E-01  1.3607313E-03  2.4842362E+00 -4.6267258E+00 
      1071 SSD  1.4752716E+03  7.0073952E-01 -2.6007907E+00  4.5201268E-02  5.0052685E+01 -9.2056196E+01 
      1072      1.2417576E+02 -1.1416906E-02 -1.4068684E-01  1.2308608E-03  3.5951800E+00 -3.6376736E+00 
      1072 SSD  2.3009928E+03  6.3670127E-01 -2.2125879E+00  4.3872634E-02  7.5210961E+01 -7.5734062E+01 
      1073      1.5142307E+02 -1.5091532E-02 -1.3203140E-01  1.2190574E-03  4.3582395E+00 -1.9768420E+00 
      1073 SSD  2.8761021E+03  5.5885154E-01 -1.8170204E+00  4.3790497E-02  9.4252776E+01 -4.2313757E+01 
      1074      1.0220515E+02 -2.9195588E-02 -1.5401169E-01  1.4870989E-03  1.3804251E+00 -5.5325346E+00 
      1074 SSD  1.8517175E+03  1.6560943E-01 -2.6957671E+00  4.7189609E-02  2.8158745E+01 -1.1266906E+02 
      1075      4.7436948E+01 -3.1996132E-02 -1.6676266E-01  1.9063179E-03  7.2630514E-01 -5.5820237E+00 
      1075 SSD  7.6205628E+02  1.6948925E-01 -3.1388580E+00  4.9643437E-02  1.3921048E+01 -1.0843386E+02 
      1076      1.5107520E+02 -2.8767473E-02 -1.4316678E-01  1.3421057E-03  1.9497086E+00 -4.3986742E+00 
      1076 SSD  2.8716902E+03  1.3499044E-01 -2.2737814E+00  4.5416765E-02  4.1952478E+01 -9.4740757E+01 
      1077      1.8445568E+02 -3.0215801E-02 -1.3263171E-01  1.2889570E-03  2.3870134E+00 -2.4159755E+00 
      1077 SSD  3.6062145E+03  8.3760520E-02 -1.8569059E+00  4.4732194E-02  5.4596411E+01 -5.4987290E+01 
      1078      2.5394989E+01  2.8846369E-02 -1.4753162E-01  5.9054304E-04  3.1321813E+00 -1.5390603E+00 
      1078 SSD  3.3470771E+02  1.7597163E+00 -2.5422007E+00  3.8879582E-02  5.8889552E+01 -2.8647845E+01 
      1079      5.6298404E+01  1.1343819E-02 -1.4557877E-01  1.0974081E-03  3.1150395E+00 -3.2009597E+00 
      1079 SSD  9.3030578E+02  1.2370179E+00 -2.5289912E+00  4.2246556E-02  6.0795719E+01 -6.1900606E+01 
      1080      9.7401637E+00  4.2586595E-02 -1.4356608E-01 -8.1366272E-04  1.4133267E+00 -1.5543972E+00 
      1080 SSD  4.5061905E+01  1.9881244E+00 -2.7413527E+00  1.1087962E-02  2.5966153E+01 -2.7902548E+01 
      1081      2.4549866E+01  1.5637305E-02 -1.4813348E-01  3.9708783E-04  1.4852820E+00 -3.1998168E+00 
      1081 SSD  3.2335601E+02  1.3131918E+00 -2.8215492E+00  2.5982537E-02  2.7965374E+01 -5.9850326E+01 
      1082      3.9064163E+01  1.7712895E-02 -1.4287293E-01  1.1459020E-03  4.6113873E+00 -1.2610788E+00 
      1082 SSD  5.9474800E+02  1.5691609E+00 -2.1875142E+00  4.8904036E-02  8.8409250E+01 -2.3906084E+01 
      1083      8.4254057E+01  4.9410789E-03 -1.4037857E-01  1.0365332E-03  4.5518131E+00 -2.5234760E+00 
      1083 SSD  1.4827836E+03  1.1227174E+00 -2.1788208E+00  4.1723809E-02  9.1099833E+01 -5.0523866E+01 
      1084      4.8225568E+01  1.1048836E-02 -1.3747175E-01  1.5612209E-03  5.6059147E+00 -6.9463083E-01 
      1084 SSD  7.7167647E+02  1.4527648E+00 -1.8168128E+00  5.3955921E-02  1.0873851E+02 -1.3499099E+01 
      1085      1.0295538E+02 -9.9050968E-04 -1.3360269E-01  1.1144783E-03  5.4989443E+00 -1.3804178E+00 
      1085 SSD  1.8610210E+03  1.0174477E+00 -1.8027940E+00  4.2697058E-02  1.1226931E+02 -2.8170741E+01 
      1086      5.0824839E+01 -9.7793830E-02 -1.1869775E-01  1.6618737E-03 -5.9090369E+00 -9.6770405E-03 
      1086 SSD  8.1967287E+02 -2.2278356E+00 -1.5814912E+00  5.2438723E-02 -1.1465138E+02 -4.7968390E-01 
      1087      1.0864851E+02 -8.6099960E-02 -1.2240236E-01  1.2464106E-03 -5.8154136E+00 -5.4189744E-02 
      1087 SSD  1.9707056E+03 -1.7988874E+00 -1.5845641E+00  4.4184782E-02 -1.1907829E+02 -1.9946275E+00 
      1088      1.6014745E+02 -7.3796290E-02 -1.2407360E-01  1.2787215E-03 -4.6255930E+00 -7.0419462E-02 
      1088 SSD  3.0521636E+03 -1.3608843E+00 -1.5667498E+00  4.4502714E-02 -1.0066172E+02 -3.1322502E+00 
      1089      1.9573516E+02 -6.0485304E-02 -1.2382939E-01  1.2845394E-03 -2.5868415E+00 -6.4952140E-02 
      1089 SSD  3.8514100E+03 -9.0661554E-01 -1.5287462E+00  4.4702026E-02 -6.1778404E+01 -3.7488547E+00 
      1090      1.0295547E+02 -9.1718074E-02 -1.1093980E-01  1.0912180E-03 -5.4957083E+00  1.3659409E+00 
      1090 SSD  1.8606545E+03 -1.8954121E+00 -1.1492409E+00  4.2609588E-02 -1.1222797E+02  2.7912854E+01 
      1091      8.4379881E+01 -9.7441877E-02 -1.0399696E-01  1.1022878E-03 -4.5552169E+00  2.5117651E+00 
      1091 SSD  1.4846342E+03 -1.9979342E+00 -7.6878015E-01  4.2820908E-02 -9.1152159E+01  5.0318655E+01 
      1092      5.6452002E+01 -1.0337048E-01 -9.8869221E-02  1.2273105E-03 -3.1160761E+00  3.2073462E+00 
      1092 SSD  9.3290184E+02 -2.1056461E+00 -4.1913132E-01  4.4175832E-02 -6.0810638E+01  6.1960689E+01 
      1093      2.4591367E+01 -1.0722390E-01 -9.6639423E-02  1.1160928E-03 -1.4885048E+00  3.2158909E+00 
      1093 SSD  3.2454565E+02 -2.1762966E+00 -1.3073469E-01  3.7509808E-02 -2.8016543E+01  6.0069768E+01 
      1094      3.9154411E+01 -1.1117873E-01 -1.0121860E-01  1.0839505E-03 -4.6143342E+00  1.2579770E+00 
      1094 SSD  5.9608032E+02 -2.4594815E+00 -7.5466291E-01  4.7615117E-02 -8.8442426E+01  2.3837712E+01 
      1095      4.8249782E+01 -1.0401756E-01 -1.0663125E-01  1.3513898E-03 -5.6049998E+00  6.8674498E-01 
      1095 SSD  7.7180004E+02 -2.3349522E+00 -1.1288766E+00  5.1514690E-02 -1.0868603E+02  1.3353272E+01 
      1096      2.5486960E+01 -1.2193392E-01 -9.6098896E-02  4.5712542E-04 -3.1439359E+00  1.5433752E+00 
      1096 SSD  3.3633078E+02 -2.6445692E+00 -3.9278714E-01  3.6200752E-02 -5.9076672E+01  2.8674133E+01 
      1097      9.7345692E+00 -1.3715935E-01 -9.8084091E-02 -1.0009014E-03 -1.4222280E+00  1.5705680E+00 
      1097 SSD  4.5497627E+01 -2.8963856E+00 -1.6212932E-01  7.0757870E-03 -2.6109890E+01  2.8127422E+01 
      1098      1.5131162E+02 -6.4149769E-02 -1.0177098E-01  1.3391883E-03 -1.9599406E+00  4.3903670E+00 
      1098 SSD  2.8753564E+03 -1.0156748E+00 -6.8361907E-01  4.5380769E-02 -4.2120211E+01  9.4597104E+01 
      1099      1.2433854E+02 -8.1438618E-02 -1.0391369E-01  1.2183658E-03 -3.5996009E+00  3.6279518E+00 
      1099 SSD  2.3034453E+03 -1.5168081E+00 -7.3918403E-01  4.3744139E-02 -7.5284751E+01  7.5561004E+01 
      1100      1.8455106E+02 -6.2732193E-02 -1.1219896E-01  1.2795249E-03 -2.3981419E+00  2.3964252E+00 
      1100 SSD  3.6075513E+03 -9.6479550E-01 -1.0994506E+00  4.4648742E-02 -5.4785790E+01  5.4670716E+01 
      1101      1.5143842E+02 -7.7758684E-02 -1.1265346E-01  1.2209128E-03 -4.3634533E+00  1.9577258E+00 
      1101 SSD  2.8760641E+03 -1.4386538E+00 -1.1370860E+00  4.3881826E-02 -9.4343477E+01  4.1997426E+01 
      1102      4.7532445E+01 -6.0940088E-02 -7.9512330E-02  1.9156148E-03 -7.3088201E-01  5.6009660E+00 
      1102 SSD  7.6398933E+02 -1.0505368E+00  1.6257414E-01  4.9652623E-02 -1.3989657E+01  1.0870454E+02 
      1103      1.0244163E+02 -6.3693149E-02 -9.1313121E-02  1.4941251E-03 -1.3876294E+00  5.5410217E+00 
      1103 SSD  1.8555955E+03 -1.0460265E+00 -2.6710332E-01  4.7211105E-02 -2.8272694E+01  1.1277345E+02 
      1104      3.8134265E+01 -8.3705386E-02 -8.5645173E-02  1.5044782E-03 -1.2835574E+00  4.6251016E+00 
      1104 SSD  5.8356863E+02 -1.6081243E+00  5.7033135E-02  4.2347594E-02 -2.4289493E+01  8.8607599E+01 
      1105      8.3839005E+01 -8.4077626E-02 -9.5888756E-02  1.3194882E-03 -2.4879606E+00  4.6321377E+00 
      1105 SSD  1.4782925E+03 -1.5841068E+00 -3.5255079E-01  4.4630109E-02 -5.0108418E+01  9.2105078E+01 
      1106      2.2531100E+01 -7.6714862E-02 -1.9259064E-01  1.6306464E-03 -1.4817497E+00 -2.9448911E+00 
      1106 SSD  2.7281054E+02 -1.5987750E+00 -3.5956144E+00  5.5883766E-02 -2.7307334E+01 -5.4358002E+01 
      1107      5.2438353E+01 -7.5911128E-02 -1.7548902E-01  1.2438442E-03 -3.0615661E+00 -3.0576771E+00 
      1107 SSD  8.3578949E+02 -1.6016934E+00 -3.0839812E+00  4.3918468E-02 -5.8789175E+01 -5.8746429E+01 
      1108      8.0407713E+01 -7.7676684E-02 -1.5634367E-01  1.3981058E-03 -4.4677980E+00 -2.4992981E+00 
      1108 SSD  1.3827685E+03 -1.6458237E+00 -2.5634702E+00  4.5488281E-02 -8.8262775E+01 -4.9859431E+01 
      1109      1.0051592E+02 -8.1305938E-02 -1.3766862E-01  1.3599767E-03 -5.4434843E+00 -1.4276265E+00 
      1109 SSD  1.7931316E+03 -1.7155677E+00 -2.0536390E+00  4.4994328E-02 -1.0999419E+02 -3.0084913E+01 
      1110      2.2254723E+01 -8.1187249E-02 -1.7943634E-01  1.1263128E-03 -3.0053144E+00 -1.4959592E+00 
      1110 SSD  2.6897338E+02 -1.9331682E+00 -3.1591968E+00  3.6603686E-02 -5.5225380E+01 -2.7551140E+01 
      1111      7.8153462E+00 -7.5700335E-02 -2.0326239E-01  1.0911363E-03 -1.4486097E+00 -1.3678413E+00 
      1111 SSD  5.4430047E+00 -1.8335879E+00 -3.7785353E+00  4.2691285E-02 -2.5761854E+01 -2.4560758E+01 
      1112      3.6264122E+01 -8.6629830E-02 -1.5698095E-01  1.6471346E-03 -4.4446018E+00 -1.2266907E+00 
      1112 SSD  5.3207002E+02 -2.0310012E+00 -2.6015209E+00  4.4707084E-02 -8.3683923E+01 -2.3239897E+01 
      1113      4.6512516E+01 -9.2239365E-02 -1.3519333E-01  1.7307709E-03 -5.4869973E+00 -6.9370403E-01 
      1113 SSD  7.3121756E+02 -2.1317134E+00 -2.0588297E+00  4.8425362E-02 -1.0524965E+02 -1.3739333E+01 
      1114      1.0031497E+02 -6.0297231E-02 -1.6529703E-01  1.2773288E-03 -1.3981928E+00 -5.4449064E+00 
      1114 SSD  1.7912676E+03 -8.1943538E-01 -2.8926321E+00  4.5289572E-02 -2.9755490E+01 -1.0999882E+02 
      1115      8.0392600E+01 -6.8969728E-02 -1.7072119E-01  1.1210209E-03 -2.4941525E+00 -4.4648094E+00 
      1115 SSD  1.3828198E+03 -1.2256508E+00 -2.9928402E+00  4.3078422E-02 -4.9844675E+01 -8.8221634E+01 
      1116      4.6471411E+01 -6.4590962E-02 -1.7899939E-01  1.9292344E-03 -6.5308889E-01 -5.4543496E+00 
      1116 SSD  7.3139913E+02 -8.4788646E-01 -3.3530397E+00  5.9216511E-02 -1.3251333E+01 -1.0483396E+02 
      1117      3.6442763E+01 -7.0843590E-02 -1.8500452E-01  1.6091714E-03 -1.2142941E+00 -4.4082137E+00 
      1117 SSD  5.3464226E+02 -1.2280654E+00 -3.4625090E+00  5.6697923E-02 -2.3139026E+01 -8.3206675E+01 
      1118      1.8289465E+02 -5.8649196E-02 -1.3679026E-01  1.3040834E-03 -2.4507724E+00 -2.4656543E+00 
      1118 SSD  3.5413065E+03 -8.5532378E-01 -1.9720921E+00  4.4972672E-02 -5.6938820E+01 -5.7098144E+01 
      1119      1.4890805E+02 -5.8325752E-02 -1.5085521E-01  1.3148020E-03 -2.0279984E+00 -4.3598268E+00 
      1119 SSD  2.7952882E+03 -8.2292436E-01 -2.4289857E+00  4.5318839E-02 -4.5013948E+01 -9.2907647E+01 
      1120      1.4904753E+02 -7.0539009E-02 -1.3809319E-01  1.3188815E-03 -4.3512424E+00 -2.0477022E+00 
      1120 SSD  2.7966833E+03 -1.2946486E+00 -2.0226317E+00  4.4926468E-02 -9.2843986E+01 -4.5234412E+01 
      1121      1.2060493E+02 -6.8752776E-02 -1.5424394E-01  1.2888671E-03 -3.5980476E+00 -3.6027599E+00 
      1121 SSD  2.1934815E+03 -1.2470499E+00 -2.5040660E+00  4.4746888E-02 -7.4458558E+01 -7.4477442E+01 

