      NODE            V1             V2             V3             VR1            VR2            VR3
      1001     -3.2045856E+00 -1.8602914E-01 -3.2145276E-01  2.4559178E-01  6.1190713E-01 -5.4436571E-01 
      1001 SSD -1.9338485E+02 -3.3520185E+00 -6.6017279E-01  2.5575357E+00  6.5674265E+00 -6.0866287E+00 
      1002     -3.0369427E+00 -3.7195029E-01 -3.3307788E-01  6.5476836E-01 -1.1231700E-01  1.7695314E+00 
      1002 SSD -1.9157288E+02 -4.9709741E+00 -8.0348398E-01  7.2361291E+00 -5.2194433E-01  1.9710101E+01 
      1003     -2.8430713E+00 -2.0650286E-01 -2.9314804E-01  1.6826306E-01 -4.0433230E-02  5.5592876E+00 
      1003 SSD -1.8958619E+02 -2.8793954E+00 -4.0798232E-01  2.1036991E+00 -8.2488877E-02  6.1261745E+01 
      1004     -2.8081492E+00 -1.8601082E-01 -2.9376222E-01  5.6685696E-02 -2.0909676E-01  9.0095458E+00 
      1004 SSD -1.8908820E+02 -2.4160261E+00 -4.1847540E-01  1.0610363E+00 -1.9360998E+00  9.9477878E+01 
      1005     -2.7461051E+00 -1.2920205E-01 -2.8818579E-01 -8.1574943E-02 -2.2822664E-01  1.1424765E+01 
      1005 SSD -1.8837858E+02 -1.5650766E+00 -3.5039437E-01 -4.8890545E-01 -2.6873120E+00  1.2638052E+02 
      1006     -2.7295400E+00 -9.8756927E-02 -2.8847095E-01 -1.9333259E-01 -2.3195466E-01  1.2233737E+01 
      1006 SSD -1.8814384E+02 -9.0559777E-01 -3.1677296E-01 -1.9310695E+00 -2.8860392E+00  1.3508079E+02 
      1007     -2.7438080E+00 -9.0791427E-02 -2.8980636E-01 -2.4012721E-01 -1.7694001E-01  1.1314045E+01 
      1007 SSD -1.8840813E+02 -3.9257147E-01 -3.0178839E-01 -2.7392979E+00 -2.2299769E+00  1.2404717E+02 
      1008     -2.8162137E+00 -1.0874983E-01 -2.9347102E-01 -2.6268551E-01 -6.9076549E-02  8.8325655E+00 
      1008 SSD -1.8931678E+02 -1.5107111E-01 -3.2971248E-01 -3.0819270E+00 -1.0642379E+00  9.6044667E+01 
      1009     -2.8538771E+00 -8.8914423E-02 -2.7687459E-01 -1.4908172E-01 -6.6519665E-02  5.3742153E+00 
      1009 SSD -1.8991757E+02  4.8935364E-01 -1.7288646E-01 -1.8740175E+00 -8.5347831E-01  5.8034840E+01 
      1010     -3.0879672E+00 -1.6308744E-01 -2.7832401E-01 -1.9821118E-01  3.0390729E-01  1.7554329E+00 
      1010 SSD -1.9231092E+02  1.2083537E-01 -1.9563049E-01 -2.4286173E+00  3.2368492E+00  1.8844349E+01 
      1011     -3.0720955E+00 -1.2014177E-01 -2.3240767E-01  3.3506393E-01 -8.7106322E-02 -3.4978942E-01 
      1011 SSD -1.9238719E+02  9.2623292E-01  2.2171489E-01  3.5095708E+00 -9.9470207E-01 -3.6108733E+00 
      1012     -2.8872619E+00 -8.4260730E-02 -3.9556526E-01  2.4446384E-01 -6.3308690E-01  5.0498789E-01 
      1012 SSD -1.9120054E+02  1.3286040E+00 -5.1014736E+00  2.5774916E+00 -6.7858824E+00  5.6658258E+00 
      1013     -2.7311271E+00  1.0921194E-01 -3.8167849E-01  5.5747300E-01  1.1243859E-01 -1.7449583E+00 
      1013 SSD -1.8944341E+02  3.0196655E+00 -4.9345971E+00  6.2069598E+00  5.2841174E-01 -1.9449736E+01 
      1014     -2.5536384E+00 -2.5714765E-02 -4.1268284E-01  1.9760969E-01  3.7459750E-02 -5.5299139E+00 
      1014 SSD -1.8756198E+02  1.2296869E+00 -5.2418011E+00  2.4019029E+00  6.1051517E-02 -6.0943842E+01 
      1015     -2.5348389E+00 -7.2546932E-02 -4.1138841E-01  4.7635648E-02  2.0758920E-01 -8.9767443E+00 
      1015 SSD -1.8717025E+02  5.0799918E-01 -5.2242060E+00  9.8025280E-01  1.9285746E+00 -9.9139855E+01 
      1016     -2.4863293E+00 -1.1977809E-01 -4.1333162E-01 -7.9393694E-02  2.2759424E-01 -1.1381466E+01 
      1016 SSD -1.8653880E+02 -2.5110625E-01 -5.2585171E+00 -4.8409522E-01  2.6836059E+00 -1.2593399E+02 
      1017     -2.4839448E+00 -1.5399572E-01 -4.1155510E-01 -1.7588956E-01  2.3450862E-01 -1.2192882E+01 
      1017 SSD -1.8638606E+02 -9.3688822E-01 -5.2771270E+00 -1.7621797E+00  2.9250101E+00 -1.3465280E+02 
      1018     -2.5137611E+00 -1.7381381E-01 -4.1157988E-01 -2.2438446E-01  1.7391635E-01 -1.1282839E+01 
      1018 SSD -1.8675385E+02 -1.5748498E+00 -5.3054267E+00 -2.5504751E+00  2.2092229E+00 -1.2375057E+02 
      1019     -2.6017582E+00 -1.5462594E-01 -4.0951657E-01 -2.7880671E-01  5.8434424E-02 -8.7878598E+00 
      1019 SSD -1.8776663E+02 -1.8124868E+00 -5.2945539E+00 -3.2728851E+00  9.5555856E-01 -9.5611651E+01 
      1020     -2.6470520E+00 -1.5509690E-01 -4.2426068E-01 -1.6345300E-01  7.0445886E-02 -5.3208702E+00 
      1020 SSD -1.8838557E+02 -2.2518834E+00 -5.4311205E+00 -2.0475797E+00  9.0335973E-01 -5.7484413E+01 
      1021     -2.8993960E+00 -1.0661623E-01 -4.2260933E-01 -1.5268850E-01 -3.0501259E-01 -1.7530381E+00 
      1021 SSD -1.9090582E+02 -2.1402305E+00 -5.4028655E+00 -1.9302763E+00 -3.2449209E+00 -1.8827367E+01 
      1022     -2.8960571E+00 -1.2424802E-01 -4.6142426E-01  2.6135413E-01  4.5278280E-02  3.9029360E-01 
      1022 SSD -1.9104787E+02 -2.7024239E+00 -5.7507405E+00  2.7411316E+00  5.6041120E-01  4.0198543E+00 
      1023     -2.7918077E+00 -1.5275814E-01 -5.2334562E-01  3.8588089E-01 -1.5145881E+00 -1.1408009E-01 
      1023 SSD -1.8981197E+02 -2.9953889E+00 -6.0866461E+00  4.2559562E+00 -1.6458766E+01 -1.3549383E+00 
      1024     -2.7106775E+00 -1.7040325E-01 -4.4008110E-01  2.1433213E-01 -5.0057003E+00 -1.3322383E-02 
      1024 SSD -1.8880730E+02 -3.1702999E+00 -4.8738376E+00  2.6246841E+00 -5.4441397E+01  2.5765221E-02 
      1025     -2.6669827E+00 -1.7958580E-01 -3.9733338E-01  7.9400037E-02 -8.5847376E+00  5.3573208E-02 
      1025 SSD -1.8814045E+02 -3.2683224E+00 -4.1580424E+00  1.3257301E+00 -9.3613477E+01  9.3513337E-01 
      1026     -2.6388936E+00 -1.8098524E-01 -3.4790338E-01 -5.4389799E-02 -1.1222025E+01  1.4835332E-01 
      1026 SSD -1.8761344E+02 -3.3034365E+00 -3.3767145E+00 -1.4466185E-01 -1.2282802E+02  2.0156396E+00 
      1027     -2.6556853E+00 -1.7888727E-01 -3.2140415E-01 -1.5218475E-01 -1.2348070E+01  2.0661468E-01 
      1027 SSD -1.8762380E+02 -3.3169274E+00 -2.8068038E+00 -1.3780064E+00 -1.3551391E+02  2.6798775E+00 
      1028     -2.6934632E+00 -1.7798994E-01 -3.0846148E-01 -1.9782082E-01 -1.1770955E+01  1.9035739E-01 
      1028 SSD -1.8799486E+02 -3.3300828E+00 -2.2726147E+00 -2.1969017E+00 -1.2885479E+02  2.2944299E+00 
      1029     -2.7766148E+00 -1.7824934E-01 -3.2433697E-01 -2.4661597E-01 -9.5490895E+00  1.8322824E-01 
      1029 SSD -1.8886802E+02 -3.3403116E+00 -1.9757809E+00 -2.9524038E+00 -1.0373862E+02  1.7233226E+00 
      1030     -2.8519039E+00 -1.8511863E-01 -3.3484079E-01 -1.4649567E-01 -6.2400061E+00  2.0911900E-02 
      1030 SSD -1.8973535E+02 -3.3971492E+00 -1.6270950E+00 -1.9200900E+00 -6.7136090E+01 -1.7868968E-01 
      1031     -3.0740206E+00 -1.8700118E-01 -3.9947647E-01 -2.6079543E-01 -2.2775146E+00  1.4349972E-01 
      1031 SSD -1.9194694E+02 -3.4148690E+00 -1.9048359E+00 -3.1581315E+00 -2.4186268E+01  8.3893558E-01 
      1032     -2.9228384E+00 -9.9072988E-02 -1.8978880E-01  3.7713975E-01  1.5161656E+00  1.2231933E-01 
      1032 SSD -1.9083990E+02  1.1507829E+00  3.6967147E-01  4.1665439E+00  1.6498601E+01  1.4299049E+00 
      1033     -2.7855069E+00 -8.3046469E-02 -2.6304881E-01  2.2077195E-01  5.0253809E+00  1.5233469E-02 
      1033 SSD -1.8941714E+02  1.3086042E+00 -7.5199547E-01  2.6888660E+00  5.4687739E+01 -2.1370194E-02 
      1034     -2.6910941E+00 -7.4887106E-02 -3.0385169E-01  7.9994679E-02  8.6161270E+00 -4.9597339E-02 
      1034 SSD -1.8838412E+02  1.3952389E+00 -1.4512502E+00  1.3286056E+00  9.4010785E+01 -9.0217906E-01 
      1035     -2.6122609E+00 -7.3462165E-02 -3.4989235E-01 -5.4616507E-02  1.1241081E+01 -1.4911384E-01 
      1035 SSD -1.8749515E+02  1.4284275E+00 -2.2011403E+00 -1.5209182E-01  1.2312538E+02 -2.0431515E+00 
      1036     -2.5781684E+00 -7.5277361E-02 -3.7441267E-01 -1.5335443E-01  1.2339775E+01 -1.9820274E-01 
      1036 SSD -1.8712871E+02  1.4456470E+00 -2.7457581E+00 -1.3910062E+00  1.3557202E+02 -2.5911556E+00 
      1037     -2.5647579E+00 -7.6360548E-02 -3.8576048E-01 -1.9864243E-01  1.1731463E+01 -1.8833279E-01 
      1037 SSD -1.8715050E+02  1.4551889E+00 -3.2645771E+00 -2.2147038E+00  1.2858193E+02 -2.3318378E+00 
      1038     -2.6074327E+00 -7.7383465E-02 -3.7042920E-01 -2.4922230E-01  9.4736034E+00 -1.9642145E-01 
      1038 SSD -1.8775400E+02  1.4575360E+00 -3.5570500E+00 -2.9788178E+00  1.0310353E+02 -1.8419896E+00 
      1039     -2.6377364E+00 -7.1891196E-02 -3.6176292E-01 -1.4439702E-01  6.1670001E+00 -8.1674548E-03 
      1039 SSD -1.8829265E+02  1.5035443E+00 -3.9252098E+00 -1.8930965E+00  6.6510258E+01  3.0061206E-01 
      1040     -2.7857910E+00 -6.6751947E-02 -2.8362703E-01 -2.5915187E-01  2.2503881E+00 -1.1286005E-01 
      1040 SSD -1.8991430E+02  1.5540631E+00 -3.5069645E+00 -3.1520127E+00  2.3952549E+01 -5.5721484E-01 
      1041      1.2923121E+02 -1.1201430E-01 -3.0085497E-01  3.3909358E-03 -1.3191786E-01  1.4580457E+01 
      1041 SSD  1.3194881E+03 -9.6402968E-01 -8.2858686E-01  7.0638772E-02 -6.7254399E-01  1.7152998E+02 
      1042      2.7155502E+02 -1.2408453E-01 -3.1387382E-01  1.6040341E-03 -2.3892221E-02  1.4271564E+01 
      1042 SSD  3.0274688E+03 -1.0202321E+00 -1.3275516E+00  5.3045127E-02  1.3186590E+00  1.7509486E+02 
      1043      3.9735476E+02 -1.2982707E-01 -3.2584325E-01  1.4859441E-03  3.8758672E-02  1.1216576E+01 
      1043 SSD  4.6021505E+03 -1.0271680E+00 -1.8168047E+00  5.1896078E-02  2.8434344E+00  1.4453945E+02 
      1044      4.8313699E+02 -1.2993281E-01 -3.3737553E-01  1.3954250E-03  4.5728287E-02  6.1558840E+00 
      1044 SSD  5.7360840E+03 -9.9029670E-01 -2.3011187E+00  5.1003427E-02  3.5696637E+00  8.5661246E+01 
      1045      5.1339061E+02 -1.2679469E-01 -3.4901237E-01  1.3756695E-03 -1.5405427E-02 -2.9104524E-02 
      1045 SSD  6.1587692E+03 -9.2850579E-01 -2.7853127E+00  5.0789664E-02 -1.7584566E-01 -2.9484508E-01 
      1046      4.8260921E+02 -1.2378666E-01 -3.6081853E-01  1.4100896E-03 -7.6688303E-02 -6.2033654E+00 
      1046 SSD  5.7306659E+03 -8.6803812E-01 -3.2710130E+00  5.1117002E-02 -3.9167177E+00 -8.6153907E+01 
      1047      3.9651180E+02 -1.2426544E-01 -3.7290044E-01  1.5232366E-03 -6.8412137E-02 -1.1230268E+01 
      1047 SSD  4.5934123E+03 -8.3489005E-01 -3.7602643E+00  5.2242638E-02 -3.1648752E+00 -1.4469190E+02 
      1048      2.7080088E+02 -1.3055180E-01 -3.8602460E-01  1.6995769E-03  3.5690405E-03 -1.4239020E+01 
      1048 SSD  3.0194295E+03 -8.4690614E-01 -4.2604585E+00  5.3968944E-02 -1.5305755E+00 -1.7479154E+02 
      1049      1.2894764E+02 -1.4317545E-01 -4.0173064E-01  3.4663254E-03  1.2737035E-01 -1.4519644E+01 
      1049 SSD  1.3159516E+03 -9.0790466E-01 -4.7861426E+00  7.0944136E-02  6.2807045E-01 -1.7094318E+02 
      1050      4.8322270E+02 -1.1069217E-01 -3.4675573E-01  1.3525590E-03  6.1266245E+00  3.3667199E-02 
      1050 SSD  5.7363173E+03 -3.9577411E-01 -2.7262239E+00  5.0497234E-02  8.5507703E+01  3.4635424E+00 
      1051      3.9791877E+02 -9.5909736E-02 -3.4761768E-01  1.3148533E-03  1.1157691E+01  4.5977211E-02 
      1051 SSD  4.6053552E+03  1.2233075E-01 -2.6911912E+00  4.9992789E-02  1.4415702E+02  2.8824832E+00 
      1052      2.7271839E+02 -8.3373028E-02 -3.5352896E-01  1.3174456E-03  1.4219787E+01  3.2016538E-02 
      1052 SSD  3.0347709E+03  6.1711921E-01 -2.6945676E+00  4.9805194E-02  1.7474002E+02  1.7639274E+00 
      1053      1.3042072E+02 -7.2662990E-02 -3.6447523E-01  2.7156126E-03  1.4626504E+01 -3.0739925E-02 
      1053 SSD  1.3269798E+03  1.0939478E+00 -2.7350102E+00  6.4350457E-02  1.7184738E+02  1.4683130E-01 
      1054      3.7218864E+02 -1.0431942E-01 -3.3161740E-01  1.4191838E-03  1.0526269E+01  4.8571953E+00 
      1054 SSD  4.2534421E+03  2.0714333E-02 -2.1737411E+00  5.0771462E-02  1.3388476E+02  6.3797797E+01 
      1055      3.0358602E+02 -1.0918318E-01 -3.1018844E-01  1.3455227E-03  8.7495633E+00  8.7721455E+00 
      1055 SSD  3.3846827E+03 -5.1457454E-02 -1.6114234E+00  5.0439349E-02  1.0856817E+02  1.0866811E+02 
      1056      2.0477684E+02 -1.0915897E-01 -2.8809019E-01  1.0457880E-03  6.1126980E+00  1.1049383E+01 
      1056 SSD  2.1867711E+03 -8.1695026E-02 -1.0391150E+00  4.8287378E-02  7.3686305E+01  1.3171696E+02 
      1057      9.5270374E+01 -1.0489262E-01 -2.7096732E-01  2.5513300E-03  3.0018114E+00  1.1051723E+01 
      1057 SSD  9.0711908E+02 -7.2531532E-02 -4.9662661E-01  7.0022579E-02  3.4789008E+01  1.2679087E+02 
      1058      3.7187743E+02 -1.1625637E-01 -3.1710480E-01  1.3372413E-03  4.8237859E+00  1.0555199E+01 
      1058 SSD  4.2517947E+03 -5.1060416E-01 -1.7075874E+00  5.0683976E-02  6.3609682E+01  1.3402528E+02 
      1059      4.5346778E+02 -1.1527839E-01 -3.3324826E-01  1.3752577E-03  5.8052940E+00  5.8284234E+00 
      1059 SSD  5.3139611E+03 -4.6803635E-01 -2.2279379E+00  5.0737951E-02  7.9368526E+01  7.9475985E+01 
      1060      2.5321080E+02 -1.1169621E-01 -3.0039869E-01  1.1228588E-03  3.3490974E+00  1.3383453E+01 
      1060 SSD  2.7836075E+03 -5.0700301E-01 -1.1801855E+00  4.9406347E-02  4.2684539E+01  1.6252885E+02 
      1061      1.1989333E+02 -1.0154764E-01 -2.8621634E-01  2.7775531E-03  1.5866078E+00  1.3594385E+01 
      1061 SSD  1.1996357E+03 -4.5363841E-01 -6.6790234E-01  7.0646869E-02  1.9430219E+01  1.5835138E+02 
      1062      9.5050977E+01 -1.0061891E-01 -3.0610412E-01  2.6797774E-03  1.1146070E+01  3.0531271E+00 
      1062 SSD  9.0436890E+02  7.8664876E-01 -1.5048348E+00  5.5265331E-02  1.2762979E+02  3.5132657E+01 
      1063      2.0495841E+02 -1.0498544E-01 -3.0641139E-01  1.6546713E-03  1.1039756E+01  6.1362553E+00 
      1063 SSD  2.1876750E+03  3.7665952E-01 -1.5414623E+00  5.2061274E-02  1.3166237E+02  7.3778047E+01 
      1064      1.2026375E+02 -8.6259118E-02 -3.4211628E-01  3.0013300E-03  1.3663564E+01  1.6736996E+00 
      1064 SSD  1.2009113E+03  9.4657479E-01 -2.1779057E+00  6.1640339E-02  1.5891938E+02  2.0051534E+01 
      1065      2.5380594E+02 -9.5654885E-02 -3.3438762E-01  1.6306164E-03  1.3361500E+01  3.4001796E+00 
      1065 SSD  2.7868573E+03  4.8518864E-01 -2.1546026E+00  5.1902097E-02  1.6239407E+02  4.2988290E+01 
      1066      2.3398798E+01 -1.3479412E-01 -2.2913232E-01 -1.8195613E-04  3.6942938E+00  3.4882141E+00 
      1066 SSD  9.6047275E+01  4.1614973E-01 -4.5927448E-02  3.6503971E-02  4.0374415E+01  3.8362312E+01 
      1067      5.9965630E+01 -1.1606688E-01 -2.6857356E-01  1.0655715E-03  7.5888147E+00  3.7695004E+00 
      1067 SSD  5.0370859E+02  6.1729438E-01 -8.0862371E-01  4.1458076E-02  8.5174653E+01  4.2352328E+01 
      1068      6.0615020E+01 -1.0707896E-01 -2.5427419E-01  2.3732437E-03  3.7159374E+00  7.4295248E+00 
      1068 SSD  5.0998144E+02  3.1924696E-01 -3.1450432E-01  6.6951350E-02  4.1835488E+01  8.3645673E+01 
      1069      1.3566198E+02 -1.0946995E-01 -2.7733667E-01  1.3472265E-03  7.6245774E+00  7.6294236E+00 
      1069 SSD  1.3687714E+03  3.1251372E-01 -9.1227180E-01  4.9751355E-02  8.8798568E+01  8.8817972E+01 
      1070      9.8043859E+01 -7.5202641E-02 -3.6634556E-01  2.2248842E-03  3.1898667E+00 -1.1384360E+01 
      1070 SSD  9.6239763E+02  4.3659185E-01 -4.4090298E+00  5.2256697E-02  3.6694403E+01 -1.3270795E+02 
      1071      2.1022881E+02 -7.1885014E-02 -3.5966268E-01  1.5598463E-03  6.1007752E+00 -1.1348616E+01 
      1071 SSD  2.2926122E+03  4.3404543E-01 -3.9667859E+00  5.1846419E-02  7.3887416E+01 -1.3625040E+02 
      1072      3.0931107E+02 -7.7214820E-02 -3.5887881E-01  1.1953361E-03  8.7495020E+00 -8.8699442E+00 
      1072 SSD  3.5044260E+03  3.5022873E-01 -3.5685348E+00  4.9087089E-02  1.0937411E+02 -1.1031968E+02 
      1073      3.7575859E+02 -8.5979666E-02 -3.5671512E-01  1.1664214E-03  1.0535142E+01 -4.8261792E+00 
      1073 SSD  4.3389282E+03  2.3929415E-01 -3.1579227E+00  4.8881776E-02  1.3537684E+02 -6.1190721E+01 
      1074      2.5583260E+02 -1.0505117E-01 -3.7222212E-01  1.8728558E-03  3.4027001E+00 -1.3518358E+01 
      1074 SSD  2.8472671E+03 -2.3365897E-01 -4.1101819E+00  5.4964939E-02  4.1460377E+01 -1.6538499E+02 
      1075      1.2134893E+02 -1.1396747E-01 -3.8541751E-01  3.0625922E-03  1.8146609E+00 -1.3773020E+01 
      1075 SSD  1.2331582E+03 -2.6416798E-01 -4.6103270E+00  6.1842186E-02  2.0986581E+01 -1.6213317E+02 
      1076      3.7478080E+02 -1.0261340E-01 -3.6423061E-01  1.4857215E-03  4.7508356E+00 -1.0649486E+01 
      1076 SSD  4.3310491E+03 -2.5449707E-01 -3.6510114E+00  5.1713926E-02  6.0557345E+01 -1.3626078E+02 
      1077      4.5543852E+02 -1.0537970E-01 -3.5692573E-01  1.3482355E-03  5.7379100E+00 -5.8184603E+00 
      1077 SSD  5.3802648E+03 -3.1593766E-01 -3.1995362E+00  5.0504522E-02  7.7032446E+01 -7.7717603E+01 
      1078      6.6734286E+01 -1.3504745E-02 -3.5719063E-01 -5.1230002E-04  7.7593246E+00 -3.8392784E+00 
      1078 SSD  5.9223737E+02  1.7292218E+00 -3.8946480E+00  3.8204429E-02  8.9092124E+01 -4.3565758E+01 
      1079      1.4299038E+02 -3.8547429E-02 -3.5201276E-01  8.4393262E-04  7.6731528E+00 -7.9033341E+00 
      1079 SSD  1.4851031E+03  1.1033663E+00 -3.8643781E+00  4.6238131E-02  9.0739873E+01 -9.2656749E+01 
      1080      2.7723277E+01  2.1046417E-02 -3.2813898E-01 -4.1289061E-03  3.5162394E+00 -3.8868279E+00 
      1080 SSD  1.5119756E+02  2.0890574E+00 -3.9959513E+00 -4.1655104E-03  3.9655619E+01 -4.2943206E+01 
      1081      6.4491627E+01 -2.7961929E-02 -3.3954662E-01 -8.8952005E-04  3.6941482E+00 -7.9371413E+00 
      1081 SSD  5.7282188E+02  1.2188210E+00 -4.1199247E+00  2.2855788E-02  4.2379154E+01 -9.0707502E+01 
      1082      1.0074577E+02 -4.1048715E-02 -3.6699048E-01  8.2007797E-04  1.1392868E+01 -3.1449444E+00 
      1082 SSD  9.8460694E+02  1.4346145E+00 -3.5720930E+00  5.3054925E-02  1.3278033E+02 -3.6141184E+01 
      1083      2.1185777E+02 -5.4271253E-02 -3.5931250E-01  6.5782631E-04  1.1148253E+01 -6.2118319E+00 
      1083 SSD  2.3058331E+03  9.3028448E-01 -3.5352528E+00  4.4894399E-02  1.3459228E+02 -7.4742839E+01 
      1084      1.2357713E+02 -5.7780656E-02 -3.7423831E-01  1.9784709E-03  1.3837835E+01 -1.7360304E+00 
      1084 SSD  1.2505226E+03  1.2540920E+00 -3.2225550E+00  6.2481112E-02  1.6266166E+02 -2.0275357E+01 
      1085      2.5793524E+02 -6.9096362E-02 -3.6238357E-01  8.7890956E-04  1.3424383E+01 -3.4081813E+00 
      1085 SSD  2.8639148E+03  7.6878643E-01 -3.1643007E+00  4.6692342E-02  1.6466590E+02 -4.1494705E+01 
      1086      1.3027614E+02 -1.7982488E-01 -3.3242512E-01  2.3260123E-03 -1.4605637E+01  3.1291676E-03 
      1086 SSD  1.3248955E+03 -2.9419495E+00 -2.8276052E+00  6.2152097E-02 -1.7158906E+02 -4.1705990E-01 
      1087      2.7235616E+02 -1.6926999E-01 -3.4421800E-01  1.2383773E-03 -1.4195105E+01 -7.8098422E-02 
      1087 SSD  3.0302500E+03 -2.4661683E+00 -2.8750767E+00  4.9520640E-02 -1.7449613E+02 -2.2213893E+00 
      1088      3.9747812E+02 -1.5725222E-01 -3.5041029E-01  1.3279532E-03 -1.1163339E+01 -1.0209293E-01 
      1088 SSD  4.6002171E+03 -1.9759181E+00 -2.8802341E+00  5.0190421E-02 -1.4424358E+02 -3.4487473E+00 
      1089      4.8294271E+02 -1.4278234E-01 -3.5130296E-01  1.3352974E-03 -6.1512282E+00 -9.1022000E-02 
      1089 SSD  5.7331144E+03 -1.4603851E+00 -2.8449160E+00  5.0415916E-02 -8.5793367E+01 -4.0438866E+00 
      1090      2.5796657E+02 -1.8351546E-01 -3.3478932E-01  7.9993082E-04 -1.3415434E+01  3.3740307E+00 
      1090 SSD  2.8635585E+03 -2.6170105E+00 -2.3979351E+00  4.6290349E-02 -1.6458821E+02  4.1101877E+01 
      1091      2.1218045E+02 -1.9784557E-01 -3.3760170E-01  8.0632912E-04 -1.1155610E+01  6.1853215E+00 
      1091 SSD  2.3088297E+03 -2.7740059E+00 -2.0217984E+00  4.6522414E-02 -1.3466906E+02  7.4436507E+01 
      1092      1.4335671E+02 -2.1242439E-01 -3.4515490E-01  1.1720978E-03 -7.6747179E+00  7.9218068E+00 
      1092 SSD  1.4890357E+03 -2.9364732E+00 -1.6942387E+00  4.9408097E-02 -9.0758746E+01  9.2782688E+01 
      1093      6.4555920E+01 -2.2194458E-01 -3.5851284E-01  8.5794448E-04 -3.7015389E+00  7.9790382E+00 
      1093 SSD  5.7423546E+02 -3.0428161E+00 -1.4462702E+00  4.0819873E-02 -4.2456288E+01  9.1082412E+01 
      1094      1.0098046E+02 -2.1327416E-01 -3.2927376E-01  6.4410449E-04 -1.1401474E+01  3.1391012E+00 
      1094 SSD  9.8678939E+02 -3.3008681E+00 -1.9772335E+00  5.1040848E-02 -1.3284173E+02  3.6049148E+01 
      1095      1.2366220E+02 -1.9539538E-01 -3.2181764E-01  1.3969616E-03 -1.3837985E+01  1.7179083E+00 
      1095 SSD  1.2509123E+03 -3.1083145E+00 -2.3293259E+00  5.7830660E-02 -1.6260151E+02  2.0059319E+01 
      1096      6.6953426E+01 -2.3988888E-01 -3.3808505E-01 -8.0987733E-04 -7.7885213E+00  3.8524671E+00 
      1096 SSD  5.9467083E+02 -3.5866469E+00 -1.6442269E+00  3.4502184E-02 -8.9385793E+01  4.3638852E+01 
      1097      2.7675529E+01 -2.7778656E-01 -3.6257836E-01 -4.5404205E-03 -3.5379105E+00  3.9296638E+00 
      1097 SSD  1.5145560E+02 -3.9812690E+00 -1.4954790E+00 -9.7237815E-03 -3.9878313E+01  4.3329159E+01 
      1098      3.7535848E+02 -1.5058148E-01 -3.3401029E-01  1.4775106E-03 -4.7755231E+00  1.0630711E+01 
      1098 SSD  4.3368936E+03 -1.5987998E+00 -1.9205909E+00  5.1646569E-02 -6.0827419E+01  1.3604501E+02 
      1099      3.0971463E+02 -1.7579922E-01 -3.3856402E-01  1.1594918E-03 -8.7595020E+00  8.8480304E+00 
      1099 SSD  3.5083342E+03 -2.2021847E+00 -1.9945948E+00  4.8817482E-02 -1.0948982E+02  1.1006116E+02 
      1100      4.5568130E+02 -1.4787854E-01 -3.4100393E-01  1.3204334E-03 -5.7643588E+00  5.7711683E+00 
      1100 SSD  5.3824769E+03 -1.5379001E+00 -2.3698082E+00  5.0313625E-02 -7.7331776E+01  7.7216360E+01 
      1101      3.7581551E+02 -1.6701504E-01 -3.4084361E-01  1.1656818E-03 -1.0546603E+01  4.7803904E+00 
      1101 SSD  4.3389971E+03 -2.0908651E+00 -2.4078183E+00  4.8960317E-02 -1.3551357E+02  6.0695937E+01 
      1102      1.2154664E+02 -1.3930499E-01 -3.1616998E-01  3.0950042E-03 -1.8262283E+00  1.3820666E+01 
      1102 SSD  1.2358350E+03 -1.5898970E+00 -9.9237607E-01  6.1986741E-02 -2.1101297E+01  1.6258425E+02 
      1103      2.5639235E+02 -1.4808604E-01 -3.2700196E-01  1.8957726E-03 -3.4204277E+00  1.3541196E+01 
      1103 SSD  2.8532616E+03 -1.6192234E+00 -1.4705323E+00  5.5075973E-02 -4.1647983E+01  1.6557586E+02 
      1104      9.8161082E+01 -1.7960699E-01 -3.3144383E-01  2.0463686E-03 -3.1932244E+00  1.1429509E+01 
      1104 SSD  9.6430719E+02 -2.3074058E+00 -1.1562719E+00  5.0591767E-02 -3.6717927E+01  1.3312833E+02 
      1105      2.1065525E+02 -1.8157900E-01 -3.3817533E-01  1.4544232E-03 -6.1093258E+00  1.1364435E+01 
      1105 SSD  2.2972003E+03 -2.2908833E+00 -1.5994981E+00  5.0882471E-02 -7.3977660E+01  1.3635678E+02 
      1106      6.0346081E+01 -1.4549718E-01 -4.4932088E-01  2.0968931E-03 -3.7059024E+00 -7.3806095E+00 
      1106 SSD  5.0670434E+02 -2.1714144E+00 -5.3119654E+00  6.4873752E-02 -4.1742590E+01 -8.3155645E+01 
      1107      1.3490994E+02 -1.4356686E-01 -4.2463008E-01  1.2500021E-03 -7.5843712E+00 -7.5810070E+00 
      1107 SSD  1.3606100E+03 -2.1689121E+00 -4.6993009E+00  4.9310216E-02 -8.8399890E+01 -8.8324101E+01 
      1108      2.0393475E+02 -1.4792628E-01 -3.9407121E-01  1.6830998E-03 -1.0992359E+01 -6.1341813E+00 
      1108 SSD  2.1767003E+03 -2.2307593E+00 -4.0564295E+00  5.2545444E-02 -1.3119228E+02 -7.3746567E+01 
      1109      2.5299077E+02 -1.5705934E-01 -3.6449203E-01  1.5769308E-03 -1.3325984E+01 -3.4479550E+00 
      1109 SSD  2.7778734E+03 -2.3359428E+00 -3.4275655E+00  5.1641047E-02 -1.6203326E+02 -4.3454501E+01 
      1110      5.9674957E+01 -1.3810719E-01 -4.3387499E-01  1.1274658E-03 -7.5333196E+00 -3.7480242E+00 
      1110 SSD  5.0026554E+02 -2.4876183E+00 -4.8093041E+00  4.1320088E-02 -8.4596756E+01 -4.2132400E+01 
      1111      2.3374015E+01 -1.2387554E-01 -4.7640393E-01  8.5984428E-04 -3.6598993E+00 -3.4557241E+00 
      1111 SSD  9.5296266E+01 -2.3317961E+00 -5.6000274E+00  4.6755735E-02 -4.0012747E+01 -3.8029593E+01 
      1112      9.4594101E+01 -1.5185954E-01 -3.9449014E-01  2.5151194E-03 -1.1075069E+01 -3.0477753E+00 
      1112 SSD  8.9920808E+02 -2.6383853E+00 -4.0966347E+00  5.4923139E-02 -1.2688876E+02 -3.5070288E+01 
      1113      1.1987647E+02 -1.6589448E-01 -3.5626165E-01  2.6694566E-03 -1.3608177E+01 -1.6975646E+00 
      1113 SSD  1.1964306E+03 -2.7926902E+00 -3.4018338E+00  5.9373056E-02 -1.5832741E+02 -2.0292418E+01 
      1114      2.5228678E+02 -1.4465634E-01 -4.0007937E-01  1.2768405E-03 -3.3636729E+00 -1.3335330E+01 
      1114 SSD  2.7738053E+03 -1.3792302E+00 -4.4141410E+00  5.0719572E-02 -4.2832481E+01 -1.6205443E+02 
      1115      2.0380743E+02 -1.4623424E-01 -4.1323366E-01  8.7774350E-04 -6.1094419E+00 -1.0990922E+01 
      1115 SSD  2.1764822E+03 -1.7970712E+00 -4.5646562E+00  4.7015325E-02 -7.3661549E+01 -1.3112659E+02 
      1116      1.1958119E+02 -1.5678911E-01 -4.1556230E-01  2.8685507E-03 -1.5860592E+00 -1.3519443E+01 
      1116 SSD  1.1959001E+03 -1.4529001E+00 -4.9395204E+00  7.0918818E-02 -1.9407453E+01 -1.5760435E+02 
      1117      9.4944700E+01 -1.5175365E-01 -4.3037021E-01  1.9991144E-03 -3.0058717E+00 -1.0980034E+01 
      1117 SSD  9.0331541E+02 -1.8196014E+00 -5.1058749E+00  6.5294342E-02 -3.4829741E+01 -1.2606955E+02 
      1118      4.5265615E+02 -1.3868001E-01 -3.6529543E-01  1.3864568E-03 -5.8317715E+00 -5.8780588E+00 
      1118 SSD  5.3053637E+03 -1.3933258E+00 -3.3481438E+00  5.0874257E-02 -7.9664684E+01 -7.9978616E+01 
      1119      3.7076651E+02 -1.3860746E-01 -3.8225883E-01  1.4031621E-03 -4.8497918E+00 -1.0563521E+01 
      1119 SSD  4.2401611E+03 -1.3602988E+00 -3.8762302E+00  5.1266310E-02 -6.3888864E+01 -1.3410905E+02 
      1120      3.7122444E+02 -1.4921792E-01 -3.6725682E-01  1.4412391E-03 -1.0529720E+01 -4.9085379E+00 
      1120 SSD  4.2430526E+03 -1.8787798E+00 -3.4066758E+00  5.1043401E-02 -1.3394216E+02 -6.4308941E+01 
      1121      3.0234458E+02 -1.4507519E-01 -3.8989869E-01  1.3509885E-03 -8.7517464E+00 -8.7754380E+00 
      1121 SSD  3.3715928E+03 -1.8148508E+00 -3.9807807E+00  5.0507437E-02 -1.0860223E+02 -1.0868742E+02 

