      NODE            V1             V2             V3             VR1            VR2            VR3
      1001     -3.4523468E+00 -3.0626717E-01 -7.9728141E-01  5.1538064E-01  1.2612858E+00 -1.1208854E+00 
      1001 SSD -2.0132424E+02 -4.0201675E+00 -2.3198159E+00  3.6545207E+00  9.2202833E+00 -8.4723086E+00 
      1002     -3.1024299E+00 -6.9908828E-01 -8.1725903E-01  1.3549308E+00 -2.4445705E-01  3.6223677E+00 
      1002 SSD -1.9876203E+02 -6.4404689E+00 -2.4967660E+00  1.0132995E+01 -1.0254553E+00  2.7397607E+01 
      1003     -2.7047106E+00 -3.8064652E-01 -7.3476882E-01  3.4086200E-01 -9.2807149E-02  1.1428404E+01 
      1003 SSD -1.9595663E+02 -3.6878367E+00 -1.9303960E+00  2.8248258E+00 -2.8807396E-01  8.5514727E+01 
      1004     -2.6311666E+00 -3.5205891E-01 -7.3492043E-01  1.0748689E-01 -4.3711796E-01  1.8530530E+01 
      1004 SSD -1.9529026E+02 -3.1588006E+00 -1.9386256E+00  1.2949946E+00 -2.8606304E+00  1.3879603E+02 
      1005     -2.5034998E+00 -2.5066325E-01 -7.2344040E-01 -1.7856121E-01 -4.6760512E-01  2.3504818E+01 
      1005 SSD -1.9431308E+02 -2.0930661E+00 -1.8458774E+00 -8.6892362E-01 -3.6783162E+00  1.7623904E+02 
      1006     -2.4693358E+00 -2.0577313E-01 -7.2471109E-01 -4.0411811E-01 -4.7213989E-01  2.5187197E+01 
      1006 SSD -1.9400714E+02 -1.3397752E+00 -1.8144823E+00 -2.7861414E+00 -3.8881655E+00  1.8851683E+02 
      1007     -2.4950748E+00 -2.0859637E-01 -7.2790235E-01 -4.9551993E-01 -3.5887699E-01  2.3322301E+01 
      1007 SSD -1.9432643E+02 -8.3113719E-01 -1.8053252E+00 -3.7924407E+00 -2.9952363E+00  1.7354982E+02 
      1008     -2.6385085E+00 -2.6452296E-01 -7.3518845E-01 -5.3910156E-01 -1.3586832E-01  1.8233659E+01 
      1008 SSD -1.9553339E+02 -7.0435510E-01 -1.8469014E+00 -4.2301489E+00 -1.3553314E+00  1.3477451E+02 
      1009     -2.7135916E+00 -2.4596235E-01 -7.0108254E-01 -3.0525106E-01 -1.3396923E-01  1.1112037E+01 
      1009 SSD -1.9630567E+02 -3.1485396E-02 -1.6205339E+00 -2.5323084E+00 -1.1356626E+00  8.1661941E+01 
      1010     -3.1906276E+00 -4.1421559E-01 -7.0285875E-01 -4.0290177E-01  6.3092114E-01  3.6379365E+00 
      1010 SSD -1.9968282E+02 -7.4266010E-01 -1.6449030E+00 -3.2877771E+00  4.5955511E+00  2.6589041E+01 
      1011     -3.1633886E+00 -3.4415717E-01 -6.0849770E-01  6.9183392E-01 -1.8545558E-01 -7.2320910E-01 
      1011 SSD -1.9974165E+02  2.0495200E-01 -1.0371010E+00  4.9768945E+00 -1.4101224E+00 -5.1396060E+00 
      1012     -2.7566780E+00 -2.6408924E-01 -7.6210648E-01  5.1094621E-01 -1.3053177E+00  1.0397995E+00 
      1012 SSD -1.9768961E+02  7.9530923E-01 -6.6884177E+00  3.6642640E+00 -9.5313152E+00  7.8820326E+00 
      1013     -2.4339969E+00  1.4447954E-01 -7.3762186E-01  1.1548025E+00  2.4446310E-01 -3.5726621E+00 
      1013 SSD -1.9523764E+02  3.3203032E+00 -6.4788745E+00  8.6838914E+00  1.0324217E+00 -2.7033830E+01 
      1014     -2.0733552E+00 -1.1338032E-01 -8.0221018E-01  4.0129431E-01  8.6324121E-02 -1.1370157E+01 
      1014 SSD -1.9261314E+02  9.8769916E-01 -6.9213583E+00  3.2497199E+00  2.5359945E-01 -8.5078199E+01 
      1015     -2.0361563E+00 -1.9469999E-01 -8.0063201E-01  8.8528079E-02  4.3364635E-01 -1.8465517E+01 
      1015 SSD -1.9212678E+02  9.6039444E-02 -6.9030116E+00  1.1741964E+00  2.8462803E+00 -1.3832545E+02 
      1016     -1.9396477E+00 -2.7686359E-01 -8.0472638E-01 -1.7360424E-01  4.6598458E-01 -2.3418491E+01 
      1016 SSD -1.9129106E+02 -8.3989359E-01 -6.9472417E+00 -8.5353626E-01  3.6714163E+00 -1.7561407E+02 
      1017     -1.9380397E+00 -3.2969672E-01 -8.0044923E-01 -3.6803412E-01  4.7683936E-01 -2.5105512E+01 
      1017 SSD -1.9113331E+02 -1.6355548E+00 -6.9576336E+00 -2.5425853E+00  3.9370104E+00 -1.8791595E+02 
      1018     -1.9988339E+00 -3.5026297E-01 -7.9994500E-01 -4.6381122E-01  3.5229005E-01 -2.3258850E+01 
      1018 SSD -1.9162724E+02 -2.3149633E+00 -6.9852875E+00 -3.5378485E+00  2.9611560E+00 -1.7311445E+02 
      1019     -2.1773697E+00 -2.9149256E-01 -7.9579641E-01 -5.7165913E-01  1.1371459E-01 -1.8142193E+01 
      1019 SSD -1.9300963E+02 -2.4320817E+00 -6.9668357E+00 -4.4888199E+00  1.2000691E+00 -1.3414469E+02 
      1020     -2.2717501E+00 -2.7170559E-01 -8.2628805E-01 -3.3407293E-01  1.4152048E-01 -1.1003254E+01 
      1020 SSD -1.9383937E+02 -2.8282944E+00 -7.1658298E+00 -2.7662327E+00  1.2010530E+00 -8.0880294E+01 
      1021     -2.7893103E+00 -1.5468366E-01 -8.2422520E-01 -3.1050947E-01 -6.3328818E-01 -3.6326750E+00 
      1021 SSD -1.9742488E+02 -2.4753662E+00 -7.1353489E+00 -2.5969674E+00 -4.6077913E+00 -2.6558386E+01 
      1022     -2.7911964E+00 -1.7368714E-01 -9.0432331E-01  5.4138589E-01  9.9614226E-02  8.0645833E-01 
      1022 SSD -1.9760811E+02 -3.0779847E+00 -7.6452939E+00  3.8958783E+00  7.9676926E-01  5.7217823E+00 
      1023     -2.5761477E+00 -2.3359345E-01 -1.0494786E+00  8.0619816E-01 -3.1432711E+00 -2.4094677E-01 
      1023 SSD -1.9590227E+02 -3.5004762E+00 -8.2930066E+00  6.0042693E+00 -2.3153774E+01 -1.8854884E+00 
      1024     -2.4127624E+00 -2.6974849E-01 -8.9159428E-01  4.3285834E-01 -1.0378357E+01 -3.5043807E-02 
      1024 SSD -1.9455222E+02 -3.7503729E+00 -6.7380549E+00  3.5412558E+00 -7.6512886E+01 -5.1995820E-02 
      1025     -2.3266812E+00 -2.8894826E-01 -8.1941567E-01  1.5183794E-01 -1.7774613E+01  1.0155683E-01 
      1025 SSD -1.9369740E+02 -3.8898814E+00 -5.8723260E+00  1.6537580E+00 -1.3134200E+02  1.1562331E+00 
      1026     -2.2745631E+00 -2.9162648E-01 -7.3209362E-01 -1.2704879E-01 -2.3209828E+01  2.9809488E-01 
      1026 SSD -1.9305950E+02 -3.9313095E+00 -4.9046895E+00 -4.1729941E-01 -1.7202419E+02  2.6567364E+00 
      1027     -2.3131300E+00 -2.8685717E-01 -6.9351692E-01 -3.2537208E-01 -2.5516391E+01  4.1971151E-01 
      1027 SSD -1.9314849E+02 -3.9357910E+00 -4.2521180E+00 -2.0717936E+00 -1.8953839E+02  3.5750687E+00 
      1028     -2.3931089E+00 -2.8468556E-01 -6.8570163E-01 -4.1358822E-01 -2.4313089E+01  3.9127858E-01 
      1028 SSD -1.9368805E+02 -3.9452103E+00 -3.7012006E+00 -3.0814960E+00 -1.8028155E+02  3.1280129E+00 
      1029     -2.5654874E+00 -2.8536083E-01 -7.3879325E-01 -5.0706517E-01 -1.9724508E+01  3.8478134E-01 
      1029 SSD -1.9492403E+02 -3.9579738E+00 -3.5135392E+00 -4.0327799E+00 -1.4542422E+02  2.5400986E+00 
      1030     -2.7219551E+00 -3.0022166E-01 -7.8265721E-01 -2.9777993E-01 -1.2888172E+01  5.4771932E-02 
      1030 SSD -1.9613079E+02 -4.0466810E+00 -3.2585292E+00 -2.5636111E+00 -9.4333829E+01 -5.7441271E-02 
      1031     -3.1802567E+00 -3.0517243E-01 -9.3315166E-01 -5.2899489E-01 -4.6983364E+00  3.1212987E-01 
      1031 SSD -1.9929381E+02 -4.0780292E+00 -3.8422094E+00 -4.2803328E+00 -3.4062099E+01  1.4897559E+00 
      1032     -2.8501559E+00 -2.9946359E-01 -5.0231877E-01  7.8840927E-01  3.1456091E+00  2.5836393E-01 
      1032 SSD -1.9751645E+02  5.2849249E-01 -6.5517520E-01  5.8787301E+00  2.3201199E+01  1.9976621E+00 
      1033     -2.5661373E+00 -2.6647227E-01 -6.3959448E-01  4.4603935E-01  1.0416137E+01  3.9346281E-02 
      1033 SSD -1.9549594E+02  7.5520777E-01 -2.0772189E+00  3.6329078E+00  7.6843335E+01  6.5243244E-02 
      1034     -2.3703193E+00 -2.4926529E-01 -7.0775034E-01  1.5326568E-01  1.7834410E+01 -9.3239006E-02 
      1034 SSD -1.9404395E+02  8.7948667E-01 -2.9183400E+00  1.6597915E+00  1.3187172E+02 -1.1064023E+00 
      1035     -2.2085444E+00 -2.4644862E-01 -7.8815706E-01 -1.2738598E-01  2.3242290E+01 -2.9920149E-01 
      1035 SSD -1.9281418E+02  9.1940764E-01 -3.8406673E+00 -4.2597826E-01  1.7239594E+02 -2.6871413E+00 
      1036     -2.1374860E+00 -2.5065843E-01 -8.2290563E-01 -3.2760772E-01  2.5490869E+01 -4.0225994E-01 
      1036 SSD -1.9229676E+02  9.2877648E-01 -4.4604772E+00 -2.0897666E+00  1.8954698E+02 -3.4498412E+00 
      1037     -2.1064482E+00 -2.5314025E-01 -8.2748690E-01 -4.1494793E-01  2.4223878E+01 -3.8579965E-01 
      1037 SSD -1.9225443E+02  9.3403808E-01 -4.9895515E+00 -3.1021317E+00  1.7982498E+02 -3.1539862E+00 
      1038     -2.1898253E+00 -2.5518144E-01 -7.7589094E-01 -5.1218034E-01  1.9562639E+01 -4.1184957E-01 
      1038 SSD -1.9303155E+02  9.3346664E-01 -5.1761317E+00 -4.0696670E+00  1.4445492E+02 -2.7145492E+00 
      1039     -2.2489481E+00 -2.4319981E-01 -7.3576777E-01 -2.9377574E-01  1.2732759E+01 -2.8596571E-02 
      1039 SSD -1.9370439E+02  1.0055726E+00 -5.4582280E+00 -2.5283912E+00  9.3386160E+01  2.3320910E-01 
      1040     -2.5506384E+00 -2.3181788E-01 -5.5865499E-01 -5.2499413E-01  4.6405891E+00 -2.4778085E-01 
      1040 SSD -1.9595415E+02  1.0823483E+00 -4.6813782E+00 -4.2658866E+00  3.3707847E+01 -1.0739164E+00 
      1041      2.6833963E+02 -2.3477974E-01 -7.3204404E-01  5.2425970E-03 -2.9883745E-01  2.9833182E+01 
      1041 SSD  1.8887165E+03 -1.4592267E+00 -2.3439386E+00  8.1848980E-02 -1.3222237E+00  2.3492069E+02 
      1042      5.5896570E+02 -2.6103206E-01 -7.4118553E-01  1.5255502E-03 -9.8905694E-02  2.9075977E+01 
      1042 SSD  4.2141275E+03 -1.5707972E+00 -2.8644596E+00  5.6430422E-02  1.0645263E+00  2.3684702E+02 
      1043      8.1484762E+02 -2.7382877E-01 -7.4814087E-01  1.2816368E-03  2.0436205E-02  2.2759270E+01 
      1043 SSD  6.3321222E+03 -1.6050772E+00 -3.3707241E+00  5.4781963E-02  2.8297592E+00  1.9284491E+02 
      1044      9.8859395E+02 -2.7459310E-01 -7.5423551E-01  1.0959222E-03  3.9742432E-02  1.2421422E+01 
      1044 SSD  7.8347234E+03 -1.5703233E+00 -3.8702723E+00  5.3508092E-02  3.6060334E+00  1.1200647E+02 
      1045      1.0496387E+03 -2.6842123E-01 -7.6057957E-01  1.0553050E-03 -3.0718454E-02 -5.9333699E-02 
      1045 SSD  8.3868953E+03 -1.4960759E+00 -4.3701753E+00  5.3208932E-02 -2.4442346E-01 -4.2141205E-01 
      1046      9.8752170E+02 -2.6251270E-01 -7.6727706E-01  1.1257644E-03 -1.0190493E-01 -1.2517546E+01 
      1046 SSD  7.8270218E+03 -1.4236830E+00 -4.8723145E+00  5.3680809E-02 -4.0920982E+00 -1.1270319E+02 
      1047      8.1314247E+02 -2.6403425E-01 -7.7451405E-01  1.3564914E-03 -8.0706206E-02 -2.2785880E+01 
      1047 SSD  6.3197649E+03 -1.3941814E+00 -5.3791530E+00  5.5278356E-02 -3.2859782E+00 -1.9305204E+02 
      1048      5.5745516E+02 -2.7794723E-01 -7.8383117E-01  1.7159786E-03  5.7068362E-02 -2.9008109E+01 
      1048 SSD  4.2028926E+03 -1.4358050E+00 -5.9011687E+00  5.7733570E-02 -1.3706705E+00 -2.3639880E+02 
      1049      2.6779821E+02 -3.0535172E-01 -7.9837653E-01  5.3997563E-03  2.8889998E-01 -2.9708735E+01 
      1049 SSD  1.8840346E+03 -1.5545238E+00 -6.4592365E+00  8.2469207E-02  1.2530331E+00 -2.3407200E+02 
      1050      9.8885568E+02 -2.5314363E-01 -7.5725316E-01  1.0113613E-03  1.2343999E+01  1.4759455E-02 
      1050 SSD  7.8354152E+03 -9.2954950E-01 -4.3035288E+00  5.2828359E-02  1.1171089E+02  3.4498514E+00 
      1051      8.1631054E+02 -2.4051254E-01 -7.6057026E-01  9.4008803E-04  2.2612303E+01  3.5898973E-02 
      1051 SSD  6.3380348E+03 -3.8298238E-01 -4.2749448E+00  5.2179181E-02  1.9218584E+02  2.8986219E+00 
      1052      5.6187508E+02 -2.3242716E-01 -7.7466537E-01  9.5576925E-04  2.8953444E+01  1.8403235E-02 
      1052 SSD  4.2268712E+03  1.3099519E-01 -4.3075352E+00  5.2026602E-02  2.3626232E+02  1.7446263E+00 
      1053      2.7130982E+02 -2.2800424E-01 -7.9951409E-01  3.9255019E-03  2.9943406E+01 -8.6719481E-02 
      1053 SSD  1.9017801E+03  6.1959831E-01 -4.3999822E+00  7.2998800E-02  2.3544113E+02 -7.5059843E-02 
      1054      7.6458075E+02 -2.5790517E-01 -7.4487187E-01  1.1694092E-03  2.1353130E+01  9.8220738E+00 
      1054 SSD  5.8768679E+03 -5.2086193E-01 -3.7222348E+00  5.3434091E-02  1.7923502E+02  8.4592068E+01 
      1055      6.2527257E+02 -2.6780811E-01 -7.1758960E-01  1.0067312E-03  1.7782978E+01  1.7854554E+01 
      1055 SSD  4.7126911E+03 -6.1370395E-01 -3.1002877E+00  5.2740438E-02  1.4633367E+02  1.4655909E+02 
      1056      4.2367485E+02 -2.6738461E-01 -6.8900308E-01  3.6071651E-04  1.2457093E+01  2.2584577E+01 
      1056 SSD  3.0866285E+03 -6.4303378E-01 -2.4658396E+00  4.9203762E-02  1.0013695E+02  1.7970577E+02 
      1057      1.9930484E+02 -2.5802770E-01 -6.7126842E-01  3.3918607E-03  6.1422857E+00  2.2692735E+01 
      1057 SSD  1.3300527E+03 -6.1426774E-01 -1.8843603E+00  7.7516397E-02  4.7820530E+01  1.7503886E+02 
      1058      7.6372857E+02 -2.6401103E-01 -7.3091660E-01  9.7414452E-04  9.7362144E+00  2.1437804E+01 
      1058 SSD  5.8736668E+03 -1.0663938E+00 -3.2248435E+00  5.2917960E-02  8.4244940E+01  1.7952741E+02 
      1059      9.2907997E+02 -2.6240259E-01 -7.4688879E-01  1.0608730E-03  1.1697261E+01  1.1761809E+01 
      1059 SSD  7.2865963E+03 -1.0208115E+00 -3.7811094E+00  5.3167674E-02  1.0417422E+02  1.0439819E+02 
      1060      5.2211530E+02 -2.5387149E-01 -7.1383375E-01  5.0629977E-04  6.7743242E+00  2.7296888E+01 
      1060 SSD  3.8923658E+03 -1.0412134E+00 -2.6593451E+00  5.0634412E-02  5.7036875E+01  2.2052170E+02 
      1061      2.4953289E+02 -2.3195549E-01 -7.0229225E-01  3.8778433E-03  3.2205166E+00  2.7855179E+01 
      1061 SSD  1.7291030E+03 -9.4170676E-01 -2.1209372E+00  7.9090724E-02  2.6248870E+01  2.1756133E+02 
      1062      1.9912731E+02 -2.8554752E-01 -7.1140578E-01  4.0346828E-03  2.2889753E+01  6.2668872E+00 
      1062 SSD  1.3266632E+03  1.9191743E-01 -2.9800033E+00  6.3982061E-02  1.7627549E+02  4.8403697E+01 
      1063      4.2425813E+02 -2.7738271E-01 -7.1090707E-01  1.7080305E-03  2.2547378E+01  1.2529960E+01 
      1063 SSD  3.0885183E+03 -2.0395017E-01 -3.0159843E+00  5.5883300E-02  1.7959615E+02  1.0035686E+02 
      1064      2.5072731E+02 -2.5603401E-01 -7.7001277E-01  4.6467376E-03  2.8009084E+01  3.4138407E+00 
      1064 SSD  1.7324114E+03  4.1352761E-01 -3.7787415E+00  7.1770206E-02  2.1842827E+02  2.7252239E+01 
      1065      5.2375531E+02 -2.5800547E-01 -7.5221897E-01  1.6455894E-03  2.7236403E+01  6.8967825E+00 
      1065 SSD  3.8985744E+03 -5.4587932E-02 -3.7182420E+00  5.5583748E-02  2.2028298E+02  5.7573544E+01 
      1066      5.1600509E+01 -3.5616529E-01 -5.8494050E-01 -2.1041158E-03  7.6238580E+00  7.2088422E+00 
      1066 SSD  2.0519624E+02 -3.2688131E-01 -1.2498052E+00  3.2385647E-02  5.6569900E+01  5.3679511E+01 
      1067      1.2701675E+02 -3.1737404E-01 -6.5012900E-01  6.0803603E-04  1.5618896E+01  7.7643213E+00 
      1067 SSD  7.7304774E+02 -4.4053329E-02 -2.1538449E+00  4.2871265E-02  1.1836648E+02  5.8825626E+01 
      1068      1.2824101E+02 -2.8219595E-01 -6.3690438E-01  3.0866359E-03  7.6374767E+00  1.5297306E+01 
      1068 SSD  7.8197279E+02 -2.7349427E-01 -1.6290728E+00  7.3895912E-02  5.8061396E+01  1.1616676E+02 
      1069      2.8244455E+02 -2.8674409E-01 -6.6746734E-01  1.0473304E-03  1.5613726E+01  1.5642935E+01 
      1069 SSD  1.9685003E+03 -2.8832520E-01 -2.2936167E+00  5.2149751E-02  1.2199688E+02  1.2205379E+02 
      1070      2.0420812E+02 -1.9903183E-01 -7.2637142E-01  2.9044385E-03  6.5429717E+00 -2.3298732E+01 
      1070 SSD  1.3953313E+03  1.6272096E-02 -5.9322312E+00  5.8436519E-02  5.0584880E+01 -1.8217698E+02 
      1071      4.3345724E+02 -1.9161816E-01 -7.3051405E-01  1.4497621E-03  1.2450469E+01 -2.3162553E+01 
      1071 SSD  3.2121269E+03  2.9380136E-02 -5.4949015E+00  5.5164126E-02  1.0036840E+02 -1.8539066E+02 
      1072      6.3546601E+02 -2.0211737E-01 -7.4745945E-01  6.7079445E-04  1.7791201E+01 -1.8065164E+01 
      1072 SSD  4.8526143E+03 -7.5620112E-02 -5.1294926E+00  5.0732441E-02  1.4718342E+02 -1.4866467E+02 
      1073      7.7081925E+02 -2.2001177E-01 -7.6139489E-01  6.1661784E-04  2.1364544E+01 -9.8358945E+00 
      1073 SSD  5.9745944E+03 -2.2345179E-01 -4.7456265E+00  5.0400006E-02  1.8075885E+02 -8.2103107E+01 
      1074      5.2657317E+02 -2.4307413E-01 -7.5581252E-01  2.0954886E-03  6.9550234E+00 -2.7546157E+01 
      1074 SSD  3.9648407E+03 -7.4838362E-01 -5.6917172E+00  5.9581782E-02  5.6255604E+01 -2.2386874E+02 
      1075      2.5201921E+02 -2.6276572E-01 -7.6519100E-01  4.6538875E-03  3.7293534E+00 -2.8169287E+01 
      1075 SSD  1.7676409E+03 -8.2094723E-01 -6.2140272E+00  7.1774089E-02  2.8906056E+01 -2.2196782E+02 
      1076      7.6860141E+02 -2.3716933E-01 -7.5747263E-01  1.2815548E-03  9.6656551E+00 -2.1624803E+01 
      1076 SSD  5.9623535E+03 -7.5600391E-01 -5.2335977E+00  5.4619217E-02  8.1131648E+01 -1.8214718E+02 
      1077      9.3227390E+02 -2.4240745E-01 -7.6043875E-01  9.9759795E-04  1.1610879E+01 -1.1792512E+01 
      1077 SSD  7.3589825E+03 -8.2774012E-01 -4.7858850E+00  5.2811817E-02  1.0171311E+02 -1.0276222E+02 
      1078      1.4025155E+02 -1.0638378E-01 -7.2642097E-01 -2.9370537E-03  1.5894881E+01 -7.8948683E+00 
      1078 SSD  8.8863292E+02  1.5088281E+00 -5.4109709E+00  3.2742069E-02  1.2282753E+02 -6.0299539E+01 
      1079      2.9619424E+02 -1.3989793E-01 -7.1541482E-01 -7.6122507E-05  1.5678855E+01 -1.6177258E+01 
      1079 SSD  2.1127632E+03  8.0925621E-01 -5.3597511E+00  4.6417396E-02  1.2406852E+02 -1.2696897E+02 
      1080      6.0088225E+01 -3.5160057E-02 -6.4850603E-01 -1.0505929E-02  7.2129844E+00 -7.9961661E+00 
      1080 SSD  2.7781956E+02  2.0174876E+00 -5.3565439E+00 -2.6051104E-02  5.4974252E+01 -5.9848271E+01 
      1081      1.3545106E+02 -1.1812245E-01 -6.7185432E-01 -3.6510711E-03  7.5768827E+00 -1.6271132E+01 
      1081 SSD  8.5960262E+02  9.6922261E-01 -5.5296171E+00  1.5190927E-02  5.8492311E+01 -1.2521049E+02 
      1082      2.1012540E+02 -1.6278315E-01 -7.6685459E-01 -2.3786640E-04  2.3317240E+01 -6.4679728E+00 
      1082 SSD  1.4292200E+03  1.0969858E+00 -5.1721678E+00  5.3038226E-02  1.8227469E+02 -4.9861700E+01 
      1083      4.3705171E+02 -1.7212171E-01 -7.4962231E-01 -4.8182137E-04  2.2728424E+01 -1.2703434E+01 
      1083 SSD  3.2323960E+03  5.6985422E-01 -5.0999269E+00  4.4124937E-02  1.8287978E+02 -1.0171401E+02 
      1084      2.5707239E+02 -1.9733217E-01 -8.0125372E-01  2.2600413E-03  2.8314228E+01 -3.5747592E+00 
      1084 SSD  1.7948351E+03  8.4392592E-01 -4.8926188E+00  6.7684174E-02  2.2277598E+02 -2.7875020E+01 
      1085      5.3132517E+02 -2.0276705E-01 -7.7479551E-01  2.3380797E-06  2.7334732E+01 -6.9796485E+00 
      1085 SSD  3.9907556E+03  3.4459911E-01 -4.7794438E+00  4.6921373E-02  2.2274360E+02 -5.6336696E+01 
      1086      2.7104899E+02 -3.0644916E-01 -7.1916053E-01  3.0588544E-03 -2.9902795E+01  3.0008059E-02 
      1086 SSD  1.8990973E+03 -3.5975691E+00 -4.3272016E+00  6.8940919E-02 -2.3508933E+02 -3.1534757E-01 
      1087      5.6117612E+02 -3.0240284E-01 -7.4580517E-01  7.7039092E-04 -2.8902228E+01 -1.1332031E-01 
      1087 SSD  4.2207736E+03 -3.1109412E+00 -4.4303280E+00  5.1335272E-02 -2.3590754E+02 -2.4057342E+00 
      1088      8.1543996E+02 -2.9541315E-01 -7.6053676E-01  9.6317029E-04 -2.2622212E+01 -1.5093319E-01 
      1088 SSD  6.3309543E+03 -2.6038058E+00 -4.4660355E+00  5.2417603E-02 -1.9229499E+02 -3.7115032E+00 
      1089      9.8829826E+02 -2.8345025E-01 -7.6395970E-01  9.7115417E-04 -1.2392727E+01 -1.3190265E-01 
      1089 SSD  7.8309687E+03 -2.0612234E+00 -4.4374255E+00  5.2658980E-02 -1.1210529E+02 -4.2806585E+00 
      1090      5.3142512E+02 -3.3204270E-01 -7.4458015E-01 -1.7988865E-04 -2.7315502E+01  6.9116688E+00 
      1090 SSD  3.9905336E+03 -3.3236876E+00 -3.9488764E+00  4.6127207E-02 -2.2262396E+02  5.5798340E+01 
      1091      4.3772512E+02 -3.6170851E-01 -7.6936250E-01 -1.9419266E-04 -2.2742247E+01  1.2652011E+01 
      1091 SSD  3.2367409E+03 -3.5425055E+00 -3.6225695E+00  4.6327519E-02 -1.8298263E+02  1.0130073E+02 
      1092      2.9692981E+02 -3.9163820E-01 -8.0416193E-01  5.9736180E-04 -1.5680885E+01  1.6217792E+01 
      1092 SSD  2.1181862E+03 -3.7667669E+00 -3.3656224E+00  5.0993062E-02 -1.2408997E+02  1.2717687E+02 
      1093      1.3554439E+02 -4.1127806E-01 -8.4963558E-01 -1.1432206E-04 -7.5912963E+00  1.6358815E+01 
      1093 SSD  8.6118665E+02 -3.9135323E+00 -3.2073682E+00  4.0388546E-02 -5.8597828E+01  1.2576617E+02 
      1094      2.1061933E+02 -3.7536804E-01 -7.5083536E-01 -6.2656743E-04 -2.3336207E+01  6.4580492E+00 
      1094 SSD  1.4324037E+03 -4.1004280E+00 -3.5400101E+00  5.0165393E-02 -1.8237275E+02  4.9748409E+01 
      1095      2.5727574E+02 -3.3854754E-01 -7.1580449E-01  1.0128186E-03 -2.8317035E+01  3.5392142E+00 
      1095 SSD  1.7956115E+03 -3.8309394E+00 -3.8206759E+00  6.0424950E-02 -2.2271604E+02  2.7584133E+01 
      1096      1.4069254E+02 -4.2988731E-01 -7.8940818E-01 -3.5231028E-03 -1.5954654E+01  7.9244043E+00 
      1096 SSD  8.9196663E+02 -4.4996575E+00 -3.2872826E+00  2.7913183E-02 -1.2324293E+02  6.0432311E+01 
      1097      5.9957914E+01 -5.0762917E-01 -8.5837929E-01 -1.1307658E-02 -7.2568579E+00  8.0865402E+00 
      1097 SSD  2.7779949E+02 -5.0556710E+00 -3.2766829E+00 -3.3266676E-02 -5.5286068E+01  6.0422226E+01 
      1098      7.6977132E+02 -2.9889960E-01 -7.6418049E-01  1.2638281E-03 -9.7150921E+00  2.1588488E+01 
      1098 SSD  5.9706255E+03 -2.2309184E+00 -3.5088185E+00  5.4515374E-02 -8.1511082E+01  1.8185553E+02 
      1099      6.3629175E+02 -3.3355971E-01 -7.7259138E-01  5.9322211E-04 -1.7810366E+01  1.8022826E+01 
      1099 SSD  4.8581884E+03 -2.9090829E+00 -3.6012434E+00  5.0296515E-02 -1.4734181E+02  1.4831674E+02 
      1100      9.3277662E+02 -2.9377258E-01 -7.6053807E-01  9.3661890E-04 -1.1663444E+01  1.1697294E+01 
      1100 SSD  7.3622102E+03 -2.1599098E+00 -3.9528370E+00  5.2492228E-02 -1.0212891E+02  1.0205874E+02 
      1101      7.7095778E+02 -3.1561116E-01 -7.5880913E-01  6.1037888E-04 -2.1386225E+01  9.7441280E+00 
      1101 SSD  5.9748755E+03 -2.7607372E+00 -3.9879148E+00  5.0457411E-02 -1.8094231E+02  8.1413736E+01 
      1102      2.5238161E+02 -2.7350147E-01 -7.6331366E-01  4.7301885E-03 -3.7530864E+00  2.8267127E+01 
      1102 SSD  1.7710596E+03 -2.1672514E+00 -2.5734099E+00  7.2091930E-02 -2.9072025E+01  2.2262274E+02 
      1103      5.2768704E+02 -2.9289634E-01 -7.6786910E-01  2.1474971E-03 -6.9908622E+00  2.7594647E+01 
      1103 SSD  3.9731461E+03 -2.2379803E+00 -3.0639759E+00  5.9805541E-02 -5.6522668E+01  2.2416099E+02 
      1104      2.0440597E+02 -3.4024497E-01 -7.9453566E-01  2.5441719E-03 -6.5497528E+00  2.3392023E+01 
      1104 SSD  1.3976257E+03 -3.0270518E+00 -2.8027758E+00  5.6053565E-02 -5.0623056E+01  1.8278965E+02 
      1105      4.3430515E+02 -3.4496891E-01 -7.9040330E-01  1.2316595E-03 -1.2466979E+01  2.3197380E+01 
      1105 SSD  3.2184398E+03 -3.0208084E+00 -3.2408696E+00  5.3750111E-02 -1.0049443E+02  1.8556834E+02 
      1106      1.2771085E+02 -2.5235363E-01 -8.9546963E-01  2.4787796E-03 -7.6167604E+00 -1.5197030E+01 
      1106 SSD  7.7754435E+02 -2.7090644E+00 -7.1896175E+00  7.0494230E-02 -5.7921631E+01 -1.1545920E+02 
      1107      2.8092518E+02 -2.4872805E-01 -8.6155969E-01  8.3070634E-04 -1.5531057E+01 -1.5543907E+01 
      1107 SSD  1.9570449E+03 -2.7002515E+00 -6.5033627E+00  5.1248735E-02 -1.2141965E+02 -1.2134553E+02 
      1108      4.2218689E+02 -2.5787717E-01 -8.1506960E-01  1.7545023E-03 -2.2449679E+01 -1.2526585E+01 
      1108 SSD  3.0730497E+03 -2.7818915E+00 -5.7611315E+00  5.6442081E-02 -1.7891494E+02 -1.0031648E+02 
      1109      5.2212080E+02 -2.7691576E-01 -7.7050124E-01  1.5193855E-03 -2.7162990E+01 -6.9958549E+00 
      1109 SSD  3.8860172E+03 -2.9272407E+00 -5.0366076E+00  5.5042078E-02 -2.1976216E+02 -5.8250309E+01 
      1110      1.2644028E+02 -2.2022400E-01 -8.7978789E-01  7.3567561E-04 -1.5505897E+01 -7.7206011E+00 
      1110 SSD  7.6835167E+02 -2.9625066E+00 -6.6511691E+00  4.2952208E-02 -1.1754446E+02 -5.8509917E+01 
      1111      5.1565818E+01 -1.9036558E-01 -9.5136859E-01  4.7127529E-05 -7.5544315E+00 -7.1429540E+00 
      1111 SSD  2.0436073E+02 -2.7426671E+00 -7.5963024E+00  4.7149146E-02 -5.6061014E+01 -5.3206560E+01 
      1112      1.9821470E+02 -2.4872529E-01 -8.1467733E-01  3.6536961E-03 -2.2745232E+01 -6.2568057E+00 
      1112 SSD  1.3195184E+03 -3.1732572E+00 -5.8007861E+00  6.2835081E-02 -1.7522156E+02 -4.8319392E+01 
      1113      2.4996438E+02 -2.7768947E-01 -7.5157490E-01  3.9151685E-03 -2.7897145E+01 -3.4635458E+00 
      1113 SSD  1.7262636E+03 -3.3881862E+00 -4.9713155E+00  6.7922210E-02 -2.1759180E+02 -2.7599239E+01 
      1114      5.2025128E+02 -2.8843423E-01 -8.1232420E-01  8.2247287E-04 -6.8051574E+00 -2.7197674E+01 
      1114 SSD  3.8785621E+03 -1.9909603E+00 -6.1148394E+00  5.2594703E-02 -5.7256144E+01 -2.1983428E+02 
      1115      4.2171071E+02 -2.7288191E-01 -8.3880331E-01  3.0695367E-06 -1.2450899E+01 -2.2464684E+01 
      1115 SSD  3.0720902E+03 -2.3775232E+00 -6.3209988E+00  4.7185567E-02 -1.0010063E+02 -1.7885731E+02 
      1116      2.4892363E+02 -3.1431356E-01 -8.2649414E-01  4.0698551E-03 -3.2207491E+00 -2.7701972E+01 
      1116 SSD  1.7240428E+03 -2.1186397E+00 -6.6717036E+00  7.9750599E-02 -2.6230414E+01 -2.1648853E+02 
      1117      1.9865984E+02 -2.8471286E-01 -8.5664863E-01  2.2327333E-03 -6.1510945E+00 -2.2545761E+01 
      1117 SSD  1.3248362E+03 -2.4245667E+00 -6.9016028E+00  7.0390765E-02 -4.7879193E+01 -1.7400115E+02 
      1118      9.2743723E+02 -2.7514067E-01 -7.7530367E-01  1.0803170E-03 -1.1750541E+01 -1.1863173E+01 
      1118 SSD  7.2744405E+03 -1.9770408E+00 -4.9667553E+00  5.3338944E-02 -1.0458934E+02 -1.0511623E+02 
      1119      7.6147653E+02 -2.7532695E-01 -7.9295827E-01  1.1080749E-03 -9.7896571E+00 -2.1454374E+01 
      1119 SSD  5.8571881E+03 -1.9445596E+00 -5.5341789E+00  5.3772858E-02 -8.4644239E+01 -1.7964444E+02 
      1120      7.6263419E+02 -2.7873322E-01 -7.7792755E-01  1.2114228E-03 -2.1359313E+01 -9.9279942E+00 
      1120 SSD  5.8622347E+03 -2.4718085E+00 -5.0311103E+00  5.3787174E-02 -1.7930766E+02 -8.5329327E+01 
      1121      6.2275249E+02 -2.7022983E-01 -8.0767921E-01  1.0174106E-03 -1.7787383E+01 -1.7861757E+01 
      1121 SSD  4.6941442E+03 -2.3899774E+00 -5.6698238E+00  5.2830183E-02 -1.4637895E+02 -1.4659162E+02 

