      NODE            V1             V2             V3             VR1            VR2            VR3
      1001     -3.2683527E+00 -7.6904037E-01 -2.9253200E+00  1.6833795E+00  4.0420437E+00 -3.5869035E+00 
      1001 SSD -2.0948213E+02 -5.3572542E+00 -6.8768630E+00  6.3615215E+00  1.5701693E+01 -1.4273713E+01 
      1002     -2.1344290E+00 -2.0524545E+00 -2.9771978E+00  4.3551511E+00 -8.1101835E-01  1.1491693E+01 
      1002 SSD -2.0508050E+02 -9.7892238E+00 -7.1279626E+00  1.7191920E+01 -2.3047564E+00  4.6006815E+01 
      1003     -8.6758758E-01 -1.0977592E+00 -2.7125300E+00  1.0803431E+00 -3.1704361E-01  3.6419618E+01 
      1003 SSD -2.0026911E+02 -5.4969185E+00 -6.1415606E+00  4.5632943E+00 -8.1205740E-01  1.4441187E+02 
      1004     -6.2637005E-01 -1.0437275E+00 -2.7095320E+00  3.2429312E-01 -1.4102957E+00  5.9084113E+01 
      1004 SSD -1.9919510E+02 -4.8607951E+00 -6.1421968E+00  1.8293988E+00 -5.1333082E+00  2.3432075E+02 
      1005     -2.1824564E-01 -7.6312125E-01 -2.6728136E+00 -5.9365393E-01 -1.4877510E+00  7.4965182E+01 
      1005 SSD -1.9756375E+02 -3.3288931E+00 -5.9898402E+00 -1.8267880E+00 -6.0844285E+00  2.9741013E+02 
      1006     -1.0824203E-01 -6.6678841E-01 -2.6784332E+00 -1.3040303E+00 -1.4955545E+00  8.0375732E+01 
      1006 SSD -1.9708124E+02 -2.4077986E+00 -5.9663349E+00 -4.8877447E+00 -6.3075746E+00  3.1843129E+02 
      1007     -1.8189792E-01 -7.2563205E-01 -2.6897224E+00 -1.5855856E+00 -1.1343942E+00  7.4493968E+01 
      1007 SSD -1.9752234E+02 -1.9767769E+00 -5.9737066E+00 -6.3565864E+00 -4.8342261E+00  2.9396895E+02 
      1008     -6.2509250E-01 -9.5256918E-01 -2.7121128E+00 -1.7180884E+00 -4.2280642E-01  5.8308384E+01 
      1008 SSD -1.9943962E+02 -2.1971314E+00 -6.0490624E+00 -7.0120175E+00 -2.0410330E+00  2.2905184E+02 
      1009     -8.6264026E-01 -9.5180482E-01 -2.6039264E+00 -9.7453493E-01 -4.2402086E-01  3.5584867E+01 
      1009 SSD -2.0061346E+02 -1.5176938E+00 -5.6521715E+00 -4.1204185E+00 -1.8139740E+00  1.3921890E+02 
      1010     -2.3654733E+00 -1.5249706E+00 -2.6051532E+00 -1.2752213E+00  2.0128012E+00  1.1682279E+01 
      1010 SSD -2.0637991E+02 -3.1236668E+00 -5.6769259E+00 -5.3542094E+00  7.8900800E+00  4.5484791E+01 
      1011     -2.3080011E+00 -1.3457694E+00 -2.3063687E+00  2.2013770E+00 -6.1153751E-01 -2.3033821E+00 
      1011 SSD -2.0639679E+02 -1.8864158E+00 -4.6011904E+00  8.5418512E+00 -2.4268725E+00 -8.8608904E+00 
      1012     -9.3570092E-01 -1.0745986E+00 -2.3145169E+00  1.6621225E+00 -4.1839843E+00  3.3271664E+00 
      1012 SSD -2.0214439E+02 -8.3314557E-01 -1.0412651E+01  6.3387222E+00 -1.6240111E+01  1.3268892E+01 
      1013      1.0195616E-01  2.5952770E-01 -2.2486657E+00  3.7162805E+00  8.1041806E-01 -1.1335957E+01 
      1013 SSD -1.9800309E+02  3.7837627E+00 -1.0107085E+01  1.4718377E+01  2.3115484E+00 -4.5393572E+01 
      1014      1.2418452E+00 -5.0860131E-01 -2.4576187E+00  1.2729688E+00  2.9542068E-01 -3.6240496E+01 
      1014 SSD -1.9357155E+02  1.9878909E-01 -1.0882965E+01  5.2973037E+00  7.4399428E-01 -1.4369179E+02 
      1015      1.3589071E+00 -7.2631582E-01 -2.4559572E+00  2.6317766E-01  1.3982901E+00 -5.8884813E+01 
      1015 SSD -1.9287147E+02 -1.0537176E+00 -1.0864738E+01  1.6102308E+00  5.1005323E+00 -2.3353431E+02 
      1016      1.6590573E+00 -9.4717000E-01 -2.4694651E+00 -5.7679888E-01  1.4816559E+00 -7.4698892E+01 
      1016 SSD -1.9155018E+02 -2.3632763E+00 -1.0932426E+01 -1.7842816E+00  6.0682532E+00 -2.9635968E+02 
      1017      1.6565115E+00 -1.0689723E+00 -2.4544329E+00 -1.1887564E+00  1.5090772E+00 -8.0122759E+01 
      1017 SSD -1.9139169E+02 -3.3665499E+00 -1.0920259E+01 -4.4607780E+00  6.3784496E+00 -3.1742026E+02 
      1018      1.4630990E+00 -1.0817756E+00 -2.4513497E+00 -1.4861186E+00  1.1124044E+00 -7.4294585E+01 
      1018 SSD -1.9219459E+02 -4.0790501E+00 -1.0943924E+01 -5.9431865E+00  4.7658402E+00 -2.9320429E+02 
      1019      9.0016815E-01 -8.4506575E-01 -2.4385175E+00 -1.8203114E+00  3.5147079E-01 -5.8018828E+01 
      1019 SSD -1.9447449E+02 -3.8338630E+00 -1.0906352E+01 -7.4341976E+00  1.7712903E+00 -2.2794941E+02 
      1020      5.9153062E-01 -7.2801484E-01 -2.5357392E+00 -1.0644335E+00  4.4648348E-01 -3.5240910E+01 
      1020 SSD -1.9581636E+02 -4.0539011E+00 -1.1258845E+01 -4.4988678E+00  1.9152844E+00 -1.3788013E+02 
      1021     -1.0479572E+00 -3.1272953E-01 -2.5338770E+00 -9.8461101E-01 -2.0203268E+00 -1.1664071E+01 
      1021 SSD -2.0200386E+02 -3.0514954E+00 -1.1226879E+01 -4.1982021E+00 -7.9133141E+00 -4.5421374E+01 
      1022     -1.0920647E+00 -3.3315296E-01 -2.7883968E+00  1.7271835E+00  3.3972525E-01  2.5672814E+00 
      1022 SSD -2.0230275E+02 -3.6961303E+00 -1.2135814E+01  6.7025591E+00  1.3779396E+00  9.8651408E+00 
      1023     -4.0510195E-01 -5.2693030E-01 -3.2953227E+00  2.6098032E+00 -1.0139256E+01 -7.9802730E-01 
      1023 SSD -1.9946348E+02 -4.4354455E+00 -1.3598653E+01  1.0270929E+01 -3.9526411E+01 -3.1907299E+00 
      1024      1.0850997E-01 -6.4112484E-01 -2.8239380E+00  1.3600902E+00 -3.3445719E+01 -1.3692226E-01 
      1024 SSD -1.9728447E+02 -4.8679701E+00 -1.1262335E+01  5.7398030E+00 -1.3047552E+02 -2.7055337E-01 
      1025      3.7453383E-01 -7.0296614E-01 -2.6344319E+00  4.5505508E-01 -5.7211608E+01  3.0118829E-01 
      1025 SSD -1.9598987E+02 -5.1085945E+00 -1.0083907E+01  2.4051803E+00 -2.2355407E+02  1.6574100E+00 
      1026      5.2781702E-01 -7.1110039E-01 -2.3932288E+00 -4.4671777E-01 -7.4636826E+01  9.3646606E-01 
      1026 SSD -1.9510084E+02 -5.1642198E+00 -8.7142553E+00 -1.1321564E+00 -2.9223330E+02  4.1844266E+00 
      1027      3.9521955E-01 -6.9503600E-01 -2.3125142E+00 -1.0734975E+00 -8.1994572E+01  1.3320557E+00 
      1027 SSD -1.9539645E+02 -5.1446186E+00 -7.9179020E+00 -3.7995075E+00 -3.2152244E+02  5.7340431E+00 
      1028      1.3347774E-01 -6.8743421E-01 -2.3372134E+00 -1.3420004E+00 -7.8094340E+01  1.2550752E+00 
      1028 SSD -1.9635572E+02 -5.1430605E+00 -7.3918954E+00 -5.2517695E+00 -3.0591934E+02  5.1582643E+00 
      1029     -4.2071380E-01 -6.8998914E-01 -2.5607124E+00 -1.6233061E+00 -6.3348298E+01  1.2534033E+00 
      1029 SSD -1.9848108E+02 -5.1613459E+00 -7.5429244E+00 -6.6575136E+00 -2.4728242E+02  4.5574940E+00 
      1030     -9.2608739E-01 -7.3898310E-01 -2.7603346E+00 -9.4390099E-01 -4.1380391E+01  2.0789368E-01 
      1030 SSD -2.0051429E+02 -5.3293809E+00 -7.5936000E+00 -4.1071477E+00 -1.6080756E+02  2.7687338E-01 
      1031     -2.3911335E+00 -7.5746833E-01 -3.2892900E+00 -1.6721723E+00 -1.5063461E+01  1.0423627E+00 
      1031 SSD -2.0600925E+02 -5.3951434E+00 -8.9941493E+00 -6.9819486E+00 -5.8203595E+01  3.1405723E+00 
      1032     -1.2924322E+00 -1.1998786E+00 -1.9211418E+00  2.5539829E+00  1.0144350E+01  8.5473595E-01 
      1032 SSD -2.0251184E+02 -1.3208816E+00 -3.5938764E+00  1.0057316E+01  3.9586673E+01  3.3946666E+00 
      1033     -3.8082596E-01 -1.0952904E+00 -2.3270914E+00  1.4018005E+00  3.3558088E+01  1.5157864E-01 
      1033 SSD -1.9902832E+02 -9.2622448E-01 -5.6946082E+00  5.8982195E+00  1.3099581E+02  3.0680639E-01 
      1034      2.4985922E-01 -1.0394764E+00 -2.5036762E+00  4.6025772E-01  5.7387590E+01 -2.7442924E-01 
      1034 SSD -1.9655406E+02 -7.1007894E-01 -6.8284254E+00  2.4195970E+00  2.2438090E+02 -1.5655033E+00 
      1035      7.6695424E-01 -1.0307003E+00 -2.7230211E+00 -4.4745232E-01  7.4719085E+01 -9.3899116E-01 
      1035 SSD -1.9449328E+02 -6.5482221E-01 -8.1187189E+00 -1.1429798E+00  2.9275284E+02 -4.2200193E+00 
      1036      9.9749349E-01 -1.0450256E+00 -2.7920734E+00 -1.0800176E+00  8.1886560E+01 -1.2757871E+00 
      1036 SSD -1.9360379E+02 -6.6676909E-01 -8.8643266E+00 -3.8285822E+00  3.2137195E+02 -5.5187551E+00 
      1037      1.1049380E+00 -1.0534377E+00 -2.7571393E+00 -1.3454214E+00  7.7784059E+01 -1.2345335E+00 
      1037 SSD -1.9339340E+02 -6.7369739E-01 -9.3525605E+00 -5.2781268E+00  3.0497844E+02 -5.1523289E+00 
      1038      8.5014469E-01 -1.0596816E+00 -2.5393626E+00 -1.6387541E+00  6.2810616E+01 -1.3395225E+00 
      1038 SSD -1.9457950E+02 -6.8237248E-01 -9.2094408E+00 -6.7190759E+00  2.4546631E+02 -4.8682707E+00 
      1039      6.6844583E-01 -1.0199120E+00 -2.3515611E+00 -9.3209876E-01  4.0868054E+01 -1.2453226E-01 
      1039 SSD -1.9556086E+02 -5.4525046E-01 -9.2045251E+00 -4.0528639E+00  1.5905069E+02  3.1038528E-02 
      1040     -2.8602722E-01 -9.8167254E-01 -1.7412772E+00 -1.6572181E+00  1.4873545E+01 -8.3302128E-01 
      1040 SSD -1.9933481E+02 -4.0355265E-01 -7.4842599E+00 -6.9447220E+00  5.7547311E+01 -2.3919417E+00 
      1041      8.6289068E+02 -7.6206476E-01 -2.6546855E+00  1.2155987E-02 -1.0178539E+00  9.4939624E+01 
      1041 SSD  3.2809511E+03 -2.6806892E+00 -6.4746731E+00  1.0302629E-01 -2.9691207E+00  3.8844350E+02 
      1042      1.7867181E+03 -8.4754176E-01 -2.6374829E+00  1.9819583E-04 -4.3097566E-01  9.2298239E+01 
      1042 SSD  7.1000941E+03 -2.9305635E+00 -6.9845088E+00  5.8373608E-02  3.4173995E-01  3.8606152E+02 
      1043      2.5981736E+03 -8.8887349E-01 -2.6132017E+00 -5.8528463E-04 -6.8905711E-02  7.2059253E+01 
      1043 SSD  1.0529854E+04 -3.0330888E+00 -7.4688618E+00  5.5488676E-02  2.6807854E+00  3.0932490E+02 
      1044      3.1476357E+03 -8.9065161E-01 -2.5862432E+00 -1.1782021E-03  7.1381176E-03  3.9181796E+01 
      1044 SSD  1.2920643E+04 -3.0035321E+00 -7.9422497E+00  5.3277149E-02  3.5879029E+00  1.7535034E+02 
      1045      3.3402006E+03 -8.6961370E-01 -2.5601454E+00 -1.3089197E-03 -9.4745994E-02 -1.8758338E-01 
      1045 SSD  1.3784141E+04 -2.8980627E+00 -8.4172687E+00  5.2767855E-02 -4.0388626E-01 -7.2568810E-01 
      1046      3.1442560E+03 -8.4940530E-01 -2.5351884E+00 -1.0855164E-03 -2.0022162E-01 -3.9483834E+01 
      1046 SSD  1.2907462E+04 -2.7957482E+00 -8.8963274E+00  5.3593349E-02 -4.3987731E+00 -1.7653612E+02 
      1047      2.5928215E+03 -8.5357214E-01 -2.5119021E+00 -3.5474392E-04 -1.2067476E-01 -7.2139407E+01 
      1047 SSD  1.0508832E+04 -2.7751882E+00 -9.3828069E+00  5.6345583E-02 -3.4549751E+00 -3.0965984E+02 
      1048      1.7820224E+03 -8.9845354E-01 -2.4951021E+00  7.8334130E-04  2.9771373E-01 -9.2079069E+01 
      1048 SSD  7.0812606E+03 -2.8906257E+00 -9.8946827E+00  6.0588603E-02 -8.7184617E-01 -3.8525886E+02 
      1049      8.6128673E+02 -9.8763467E-01 -2.4947471E+00  1.2644654E-02  9.8441968E-01 -9.4545156E+01 
      1049 SSD  3.2736525E+03 -3.1534696E+00 -1.0468383E+01  1.0440393E-01  2.8406678E+00 -3.8696062E+02 
      1050      3.1489923E+03 -8.6787541E-01 -2.5546774E+00 -1.4369573E-03  3.8829885E+01 -7.3369047E-02 
      1050 SSD  1.2923027E+04 -2.3125760E+00 -8.3384344E+00  5.2182436E-02  1.7459126E+02  3.3070433E+00 
      1051      2.6046842E+03 -8.7440517E-01 -2.5709070E+00 -1.6455862E-03  7.1432381E+01 -1.9198438E-02 
      1051 SSD  1.0544432E+04 -1.7600190E+00 -8.3324753E+00  5.1198009E-02  3.0781384E+02  2.8254485E+00 
      1052      1.7991577E+03 -8.9523147E-01 -2.6223699E+00 -1.5676005E-03  9.1806880E+01 -5.3079651E-02 
      1052 SSD  7.1296717E+03 -1.2626220E+00 -8.4442989E+00  5.1163429E-02  3.8479872E+02  1.6089478E+00 
      1053      8.7556313E+02 -9.2747558E-01 -2.7089204E+00  8.1932006E-03  9.5391096E+01 -3.3603611E-01 
      1053 SSD  3.3112077E+03 -8.0855446E-01 -8.6725350E+00  8.8005753E-02  3.8957528E+02 -6.5657030E-01 
      1054      2.4419585E+03 -9.3185648E-01 -2.5661190E+00 -8.4836765E-04  6.7493905E+01  3.1030702E+01 
      1054 SSD  9.8206891E+03 -1.9879970E+00 -7.7556025E+00  5.3688364E-02  2.8847238E+02  1.3469270E+02 
      1055      2.0005524E+03 -9.6492675E-01 -2.5230251E+00 -1.3689985E-03  5.6275598E+01  5.6665624E+01 
      1055 SSD  7.9435043E+03 -2.1321710E+00 -7.0484347E+00  5.2111830E-02  2.3740066E+02  2.3810578E+02 
      1056      1.3597087E+03 -9.6431878E-01 -2.4755975E+00 -3.4777769E-03  3.9485568E+01  7.1879206E+01 
      1056 SSD  5.2818400E+03 -2.1591588E+00 -6.3223803E+00  4.5141716E-02  1.6402069E+02  2.9587979E+02 
      1057      6.4456121E+02 -9.3453471E-01 -2.4638958E+00  6.0845597E-03  1.9516565E+01  7.2422894E+01 
      1057 SSD  2.3692204E+03 -2.0815426E+00 -5.7071721E+00  8.9128799E-02  7.9377640E+01  2.9212277E+02 
      1058      2.4379224E+03 -9.0500831E-01 -2.5617274E+00 -1.5382774E-03  3.0653131E+01  6.7922986E+01 
      1058 SSD  9.8122493E+03 -2.5044319E+00 -7.2377033E+00  5.2056699E-02  1.3384116E+02  2.8930767E+02 
      1059      2.9610439E+03 -8.9894319E-01 -2.5674609E+00 -1.2566343E-03  3.6791285E+01  3.7101797E+01 
      1059 SSD  1.2070602E+04 -2.4512564E+00 -7.8197360E+00  5.2787660E-02  1.6372454E+02  1.6434801E+02 
      1060      1.6711434E+03 -8.7262400E-01 -2.5523803E+00 -3.0801207E-03  2.1354183E+01  8.6725279E+01 
      1060 SSD  6.5914528E+03 -2.4255325E+00 -6.6409969E+00  4.7265557E-02  9.1579324E+01  3.6072882E+02 
      1061      8.0382218E+02 -8.0180455E-01 -2.5613646E+00  7.6283738E-03  1.0172743E+01  8.8743013E+01 
      1061 SSD  3.0258234E+03 -2.2111287E+00 -6.1012926E+00  9.3144540E-02  4.2696447E+01  3.6106214E+02 
      1062      6.4591440E+02 -1.1126237E+00 -2.5117569E+00  9.0827285E-03  7.3064629E+01  2.0026848E+01 
      1062 SSD  2.3662852E+03 -1.5312499E+00 -6.9051246E+00  7.9996129E-02  2.9435406E+02  8.0671674E+01 
      1063      1.3629784E+03 -1.0426295E+00 -2.5059391E+00  1.0592960E-03  7.1634417E+01  3.9872546E+01 
      1063 SSD  5.2876524E+03 -1.8314175E+00 -6.9342377E+00  5.9162095E-02  2.9550069E+02  1.6472058E+02 
      1064      8.1043419E+02 -1.0177929E+00 -2.6583557E+00  1.0866694E-02  8.9307439E+01  1.0858155E+01 
      1064 SSD  3.0371343E+03 -1.1585562E+00 -7.9544732E+00  9.0894008E-02  3.6274594E+02  4.4719923E+01 
      1065      1.6790180E+03 -9.7895634E-01 -2.5953385E+00  7.9025064E-04  8.6426196E+01  2.1842046E+01 
      1065 SSD  6.6077824E+03 -1.5810111E+00 -7.7955643E+00  5.8454555E-02  3.6011900E+02  9.2798418E+01 
      1066      1.7350170E+02 -1.3400531E+00 -2.1889873E+00 -1.0941413E-02  2.4387895E+01  2.3149518E+01 
      1066 SSD  4.8265325E+02 -2.4135625E+00 -4.6263400E+00  1.6305797E-02  9.5987272E+01  9.1037623E+01 
      1067      4.1528352E+02 -1.2149390E+00 -2.3572943E+00 -2.0617056E-03  4.9913548E+01  2.4875352E+01 
      1067 SSD  1.4407062E+03 -1.9304115E+00 -5.8177922E+00  4.0851596E-02  1.9903078E+02  9.8939426E+01 
      1068      4.1832670E+02 -1.0623271E+00 -2.3547676E+00  5.3448692E-03  2.4353894E+01  4.8942068E+01 
      1068 SSD  1.4552348E+03 -1.9328047E+00 -5.2746211E+00  8.4354270E-02  9.7447873E+01  1.9524234E+02 
      1069      9.1103787E+02 -1.0742992E+00 -2.4095925E+00 -1.0832216E-03  4.9685981E+01  4.9919724E+01 
      1069 SSD  3.4377719E+03 -1.9661520E+00 -6.0425361E+00  5.1922087E-02  2.0238958E+02  2.0268712E+02 
      1070      6.5832435E+02 -7.3832934E-01 -2.2684548E+00  4.6728116E-03  2.0834225E+01 -7.4171707E+01 
      1070 SSD  2.4566940E+03 -1.1512493E+00 -9.5787698E+00  6.7497497E-02  8.4274300E+01 -3.0205254E+02 
      1071      1.3875959E+03 -7.1471310E-01 -2.3297045E+00 -9.0435742E-05  3.9517216E+01 -7.3637588E+01 
      1071 SSD  5.4517706E+03 -1.0990684E+00 -9.2193364E+00  5.6852605E-02  1.6436142E+02 -3.0432468E+02 
      1072      2.0294423E+03 -7.4866353E-01 -2.4331831E+00 -2.6200463E-03  5.6331584E+01 -5.7365654E+01 
      1072 SSD  8.1290946E+03 -1.2559139E+00 -9.0011436E+00  4.8295992E-02  2.3837752E+02 -2.4134907E+02 
      1073      2.4593597E+03 -8.0710296E-01 -2.5263262E+00 -2.7503811E-03  6.7522058E+01 -3.1256123E+01 
      1073 SSD  9.9458607E+03 -1.4949264E+00 -8.7486488E+00  4.7702346E-02  2.9006023E+02 -1.3263738E+02 
      1074      1.6832399E+03 -8.3383143E-01 -2.4078874E+00  2.0118678E-03  2.2097741E+01 -8.7457707E+01 
      1074 SSD  6.6832036E+03 -2.0844750E+00 -9.5434515E+00  6.4515528E-02  9.2033110E+01 -3.6522666E+02 
      1075      8.1059398E+02 -8.9827654E-01 -2.3905431E+00  1.0396426E-02  1.1891470E+01 -8.9621566E+01 
      1075 SSD  3.0752790E+03 -2.2622305E+00 -1.0055612E+01  9.0061454E-02  4.8133697E+01 -3.6686953E+02 
      1076      2.4509952E+03 -8.1462827E-01 -2.4611084E+00 -6.1361446E-04  3.0614278E+01 -6.8507535E+01 
      1076 SSD  9.9215297E+03 -2.0588416E+00 -9.1530185E+00  5.5335147E-02  1.3073398E+02 -2.9285904E+02 
      1077      2.9693233E+03 -8.3214133E-01 -2.5180848E+00 -1.5074911E-03  3.6636343E+01 -3.7316893E+01 
      1077 SSD  1.2155974E+04 -2.1560513E+00 -8.7791637E+00  5.2077666E-02  1.6105651E+02 -1.6310217E+02 
      1078      4.5584067E+02 -5.3753596E-01 -2.3211556E+00 -1.4442495E-02  5.0628593E+01 -2.5263594E+01 
      1078 SSD  1.6206444E+03  7.0217740E-01 -9.1139488E+00  1.2211718E-02  2.0463354E+02 -1.0102435E+02 
      1079      9.5177815E+02 -5.9537944E-01 -2.2842205E+00 -5.1326240E-03  4.9820468E+01 -5.1556779E+01 
      1079 SSD  3.6468592E+03 -1.1082128E-01 -9.0081028E+00  4.0201570E-02  2.0469801E+02 -2.1018504E+02 
      1080      1.9955816E+02 -3.0927937E-01 -2.0229862E+00 -3.9166490E-02  2.2979591E+01 -2.5577078E+01 
      1080 SSD  5.9681284E+02  1.5751544E+00 -8.6093302E+00 -8.6795456E-02  9.2136483E+01 -1.0102080E+02 
      1081      4.3949780E+02 -5.2473312E-01 -2.0967230E+00 -1.6715024E-02  2.4129214E+01 -5.1878689E+01 
      1081 SSD  1.5668154E+03  1.5931322E-01 -8.9012434E+00 -1.0011872E-02  9.7552680E+01 -2.0895557E+02 
      1082      6.7929914E+02 -7.1745710E-01 -2.5045539E+00 -5.8577798E-03  7.4250907E+01 -2.0704685E+01 
      1082 SSD  2.5216601E+03  3.9986389E-03 -9.1516285E+00  4.5885533E-02  3.0223822E+02 -8.3252342E+01 
      1083      1.4005366E+03 -6.9912786E-01 -2.4446967E+00 -6.4388488E-03  7.2121077E+01 -4.0475963E+01 
      1083 SSD  5.4910210E+03 -5.1335387E-01 -8.9866203E+00  3.5623636E-02  2.9956348E+02 -1.6707906E+02 
      1084      8.2957284E+02 -8.2874110E-01 -2.6659915E+00  2.4680868E-03  9.0163425E+01 -1.1457451E+01 
      1084 SSD  3.1297888E+03 -4.2690245E-01 -9.1124525E+00  7.3727198E-02  3.6845215E+02 -4.6373467E+01 
      1085      1.7010421E+03 -7.9856965E-01 -2.5750184E+00 -4.7765667E-03  8.6673461E+01 -2.2266146E+01 
      1085 SSD  6.7347854E+03 -8.9589786E-01 -8.8569133E+00  4.0997835E-02  3.6297657E+02 -9.2316555E+01 
      1086      8.7485664E+02 -8.0380870E-01 -2.4029281E+00  5.2457374E-03 -9.5269002E+01  1.5528155E-01 
      1086 SSD  3.3072686E+03 -4.9604424E+00 -8.1355838E+00  7.9221251E-02 -3.8901250E+02 -2.5199175E-02 
      1087      1.7970830E+03 -8.3741446E-01 -2.4953670E+00 -2.2257537E-03 -9.1641912E+01 -2.4999767E-01 
      1087 SSD  7.1200231E+03 -4.5107307E+00 -8.3836860E+00  4.9412792E-02 -3.8417460E+02 -2.7624766E+00 
      1088      2.6020275E+03 -8.6180627E-01 -2.5490364E+00 -1.5812382E-03 -7.1458352E+01 -3.4654672E-01 
      1088 SSD  1.0532871E+04 -4.0258970E+00 -8.5021005E+00  5.1529604E-02 -3.0796935E+02 -4.2329362E+00 
      1089      3.1472765E+03 -8.7053000E-01 -2.5657344E+00 -1.5794051E-03 -3.8979001E+01 -2.9766972E-01 
      1089 SSD  1.2915693E+04 -3.4808506E+00 -8.4968805E+00  5.1784009E-02 -1.7523702E+02 -4.7404034E+00 
      1090      1.7014850E+03 -9.3415763E-01 -2.5394268E+00 -5.4193049E-03 -8.6609520E+01  2.2055771E+01 
      1090 SSD  6.7351098E+03 -4.8766912E+00 -7.9564357E+00  3.9183031E-02 -3.6275289E+02  9.1434478E+01 
      1091      1.4027313E+03 -1.0306310E+00 -2.6688722E+00 -5.5829577E-03 -7.2160950E+01  4.0321544E+01 
      1091 SSD  5.4987592E+03 -5.2481882E+00 -7.8196495E+00  3.9177649E-02 -2.9972696E+02  1.6641710E+02 
      1092      9.5408500E+02 -1.1273014E+00 -2.8314481E+00 -3.0076386E-03 -4.9823036E+01  5.1694091E+01 
      1092 SSD  3.6558990E+03 -5.6246204E+00 -7.8044555E+00  4.8192263E-02 -2.0472214E+02  2.1060561E+02 
      1093      4.3969064E+02 -1.1913550E+00 -3.0253039E+00 -5.6101652E-03 -2.4172716E+01  5.2162967E+01 
      1093 SSD  1.5686910E+03 -5.8715596E+00 -7.9330650E+00  3.2760400E-02 -9.7725649E+01  2.0996055E+02 
      1094      6.8092631E+02 -1.0254447E+00 -2.6049432E+00 -7.2070368E-03 -7.4315385E+01  2.0679567E+01 
      1094 SSD  2.5273715E+03 -5.8162805E+00 -7.6379560E+00  4.0824715E-02 -3.0243358E+02  8.3096372E+01 
      1095      8.3032455E+02 -9.0713298E-01 -2.4409727E+00 -1.6620037E-03 -9.0179928E+01  1.1349081E+01 
      1095 SSD  3.1316687E+03 -5.3582003E+00 -7.6742204E+00  5.9918233E-02 -3.6840734E+02  4.5907179E+01 
      1096      4.5723368E+02 -1.1995009E+00 -2.7829243E+00 -1.6296687E-02 -5.0818564E+01  2.5365314E+01 
      1096 SSD  1.6261650E+03 -6.4926638E+00 -7.6535747E+00  4.6120054E-03 -2.0534810E+02  1.0131411E+02 
      1097      1.9905920E+02 -1.4475237E+00 -3.0539610E+00 -4.1648140E-02 -2.3117381E+01  2.5872399E+01 
      1097 SSD  5.9600109E+02 -7.4432377E+00 -8.0510652E+00 -9.7964248E-02 -9.2665371E+01  1.0206345E+02 
      1098      2.4546772E+03 -9.2228257E-01 -2.6608734E+00 -6.7338524E-04 -3.0767234E+01  6.8398852E+01 
      1098 SSD  9.9356689E+03 -3.7284635E+00 -7.6863335E+00  5.5139243E-02 -1.3136904E+02  2.9239173E+02 
      1099      2.0320756E+03 -9.8696332E-01 -2.6837734E+00 -2.8767324E-03 -5.6387755E+01  5.7239119E+01 
      1099 SSD  8.1387766E+03 -4.5270252E+00 -7.8186872E+00  4.7445209E-02 -2.3863142E+02  2.4079508E+02 
      1100      2.9709432E+03 -9.0504703E-01 -2.6016476E+00 -1.7132534E-03 -3.6797761E+01  3.7019306E+01 
      1100 SSD  1.2161727E+04 -3.6323743E+00 -8.0528964E+00  5.1431843E-02 -1.6174282E+02  1.6191614E+02 
      1101      2.4598794E+03 -9.2827964E-01 -2.5908917E+00 -2.7819379E-03 -6.7584844E+01  3.0970546E+01 
      1101 SSD  9.9468219E+03 -4.2870998E+00 -8.0742867E+00  4.7699535E-02 -2.9034830E+02  1.3148505E+02 
      1102      8.1162128E+02 -8.3941627E-01 -2.7531281E+00  1.0670381E-02 -1.1966689E+01  8.9932912E+01 
      1102 SSD  3.0803468E+03 -3.5277068E+00 -6.8628532E+00  9.0833919E-02 -4.8422836E+01  3.6802134E+02 
      1103      1.6866840E+03 -9.0284853E-01 -2.7205690E+00  2.1898664E-03 -2.2209647E+01  8.7617028E+01 
      1103 SSD  6.6970131E+03 -3.7019777E+00 -7.3194081E+00  6.5029505E-02 -9.2487121E+01  3.6577228E+02 
      1104      6.5883393E+02 -1.0085477E+00 -2.8516652E+00  3.5462117E-03 -2.0854906E+01  7.4470600E+01 
      1104 SSD  2.4597852E+03 -4.6753728E+00 -7.2507442E+00  6.3361931E-02 -8.4346697E+01  3.0313845E+02 
      1105      1.3902223E+03 -1.0238001E+00 -2.7901700E+00 -7.8755544E-04 -3.9565992E+01  7.3755787E+01 
      1105 SSD  5.4622226E+03 -4.6951337E+00 -7.6102573E+00  5.4332612E-02 -1.6456868E+02  3.0468684E+02 
      1106      4.1670484E+02 -6.6908844E-01 -2.8005937E+00  3.2985545E-03 -2.4287813E+01 -4.8623809E+01 
      1106 SSD  1.4481251E+03 -3.8414309E+00 -1.1692998E+01  7.7612698E-02 -9.7197014E+01 -1.9401287E+02 
      1107      9.0627903E+02 -6.5994786E-01 -2.7351415E+00 -1.8060620E-03 -4.9422515E+01 -4.9605938E+01 
      1107 SSD  3.4184951E+03 -3.8184541E+00 -1.0886669E+01  4.9851706E-02 -2.0138215E+02 -2.0146474E+02 
      1108      1.3564844E+03 -6.9104906E-01 -2.6290732E+00  1.1754136E-03 -7.1322259E+01 -3.9865012E+01 
      1108 SSD  5.2615061E+03 -3.9495221E+00 -9.9598936E+00  5.9879007E-02 -2.9430986E+02 -1.6466416E+02 
      1109      1.6739456E+03 -7.5382182E-01 -2.5293880E+00  3.3661952E-04 -8.6190766E+01 -2.2160903E+01 
      1109 SSD  6.5868229E+03 -4.1944746E+00 -9.0602589E+00  5.7178971E-02 -3.5921187E+02 -9.3989452E+01 
      1110      4.1351231E+02 -5.2545164E-01 -2.7900253E+00 -1.6810406E-03 -4.9556747E+01 -2.4737699E+01 
      1110 SSD  1.4330810E+03 -3.8815918E+00 -1.1123361E+01  4.1482672E-02 -1.9762472E+02 -9.8396061E+01 
      1111      1.7343838E+02 -4.2779618E-01 -2.9787634E+00 -4.0956992E-03 -2.4170523E+01 -2.2942765E+01 
      1111 SSD  4.8168340E+02 -3.5040745E+00 -1.2388069E+01  4.2075088E-02 -9.5126319E+01 -9.0228937E+01 
      1112      6.4309243E+02 -6.1765474E-01 -2.6232751E+00  7.7367672E-03 -7.2608485E+01 -1.9997958E+01 
      1112 SSD  2.3544787E+03 -4.2397004E+00 -9.9926203E+00  7.6716498E-02 -2.9255235E+02 -8.0538697E+01 
      1113      8.0811441E+02 -7.1105562E-01 -2.4625006E+00  8.3846516E-03 -8.8956805E+01 -1.1019148E+01 
      1113 SSD  3.0271258E+03 -4.6034463E+00 -8.8904726E+00  8.3044735E-02 -3.6133041E+02 -4.5327029E+01 
      1114      1.6653106E+03 -8.8338015E-01 -2.5837121E+00 -2.0808035E-03 -2.1454843E+01 -8.6408403E+01 
      1114 SSD  6.5681283E+03 -3.4366701E+00 -1.0252161E+01  5.0806116E-02 -9.1969869E+01 -3.5952594E+02 
      1115      1.3535382E+03 -7.8502909E-01 -2.6655057E+00 -4.6387323E-03 -3.9467213E+01 -7.1498218E+01 
      1115 SSD  5.2571829E+03 -3.6810043E+00 -1.0591140E+01  4.1265774E-02 -1.6395708E+02 -2.9440986E+02 
      1116      8.0197626E+02 -9.6648480E-01 -2.5829703E+00  8.2452402E-03 -1.0177316E+01 -8.8257636E+01 
      1116 SSD  3.0177071E+03 -3.6983417E+00 -1.0823321E+01  9.4767761E-02 -4.2690284E+01 -3.5920355E+02 
      1117      6.4257914E+02 -8.2241166E-01 -2.6777797E+00  2.3430965E-03 -1.9545937E+01 -7.1956069E+01 
      1117 SSD  2.3607133E+03 -3.7887278E+00 -1.1206555E+01  7.6059074E-02 -7.9482406E+01 -2.9032355E+02 
      1118      2.9558906E+03 -8.4235146E-01 -2.5560317E+00 -1.2071721E-03 -3.6957107E+01 -3.7423098E+01 
      1118 SSD  1.2049985E+04 -3.3537451E+00 -9.0273010E+00  5.3033371E-02 -1.6441817E+02 -1.6558573E+02 
      1119      2.4308431E+03 -8.4181169E-01 -2.5671185E+00 -1.1203149E-03 -3.0823064E+01 -6.7974330E+01 
      1119 SSD  9.7842061E+03 -3.3222699E+00 -9.6288959E+00  5.3571948E-02 -1.3452578E+02 -2.8950481E+02 
      1120      2.4358712E+03 -8.0645196E-01 -2.5591054E+00 -7.2243419E-04 -6.7510434E+01 -3.1369829E+01 
      1120 SSD  9.7960093E+03 -3.8070798E+00 -9.0995560E+00  5.4233671E-02 -2.8857624E+02 -1.3597903E+02 
      1121      1.9926228E+03 -7.7760969E-01 -2.6100087E+00 -1.3318886E-03 -5.6289081E+01 -5.6690162E+01 
      1121 SSD  7.9119488E+03 -3.6805087E+00 -9.8356964E+00  5.2255881E-02 -2.3747107E+02 -2.3817391E+02 

