      NODE            V1             V2             V3             VR1            VR2            VR3
      1001      5.8758153E+00 -6.9786177E+00 -3.5680538E+01  1.9256020E+01  4.5254687E+01 -4.0056713E+01 
      1001 SSD -2.1783827E+02 -7.7353457E+00 -1.3832258E+01  1.0605194E+01  2.6071667E+01 -2.3709676E+01 
      1002      1.8675496E+01 -2.1497526E+01 -3.6136273E+01  4.8813336E+01 -9.1568555E+00  1.2658521E+02 
      1002 SSD -2.1044180E+02 -1.5311979E+01 -1.4204409E+01  2.8687374E+01 -4.3839761E+00  7.6951437E+01 
      1003      3.2743989E+01 -1.1409527E+01 -3.3172871E+01  1.2092504E+01 -3.5766456E+00  4.0325063E+02 
      1003 SSD -2.0244232E+02 -8.4680323E+00 -1.2554660E+01  7.2953154E+00 -1.7619202E+00  2.4162380E+02 
      1004      3.5506172E+01 -1.1092604E+01 -3.3101422E+01  3.5797159E+00 -1.5707883E+01  6.5457041E+02 
      1004 SSD -2.0067746E+02 -7.6146721E+00 -1.2544887E+01  2.6478309E+00 -8.8943630E+00  3.9185054E+02 
      1005      4.0051497E+01 -8.3152121E+00 -3.2691498E+01 -6.6672335E+00 -1.6472687E+01  8.3069363E+02 
      1005 SSD -1.9798575E+02 -5.2858214E+00 -1.2295898E+01 -3.4630230E+00 -1.0059049E+01  4.9716056E+02 
      1006      4.1286056E+01 -7.5756694E+00 -3.2762060E+01 -1.4522231E+01 -1.6555201E+01  8.9093190E+02 
      1006 SSD -1.9721095E+02 -4.0756489E+00 -1.2284336E+01 -8.3685641E+00 -1.0263822E+01  5.3259790E+02 
      1007      4.0511047E+01 -8.5623459E+00 -3.2894796E+01 -1.7626559E+01 -1.2573028E+01  8.2617394E+02 
      1007 SSD -1.9784659E+02 -3.7572459E+00 -1.2316152E+01 -1.0577120E+01 -7.8184806E+00  4.9250749E+02 
      1008      3.5697513E+01 -1.1383762E+01 -3.3132544E+01 -1.9077233E+01 -4.7437081E+00  6.4716890E+02 
      1008 SSD -2.0091431E+02 -4.5452764E+00 -1.2445296E+01 -1.1569243E+01 -3.0825045E+00  3.8451566E+02 
      1009      3.2982471E+01 -1.1778201E+01 -3.1946861E+01 -1.0912271E+01 -4.7812792E+00  3.9543285E+02 
      1009 SSD -2.0272668E+02 -3.8688103E+00 -1.1772287E+01 -6.6936418E+00 -2.8406773E+00  2.3410528E+02 
      1010      1.6590002E+01 -1.8278375E+01 -3.1899693E+01 -1.4135142E+01  2.1973261E+01  1.3029729E+02 
      1010 SSD -2.1240441E+02 -6.9582875E+00 -1.1810256E+01 -8.7082149E+00  1.3608991E+01  7.6492458E+01 
      1011      1.6686082E+01 -1.6500766E+01 -2.8639510E+01  2.4098635E+01 -7.0015677E+00 -2.5222452E+01 
      1011 SSD -2.1227869E+02 -5.3212815E+00 -9.9785635E+00  1.4581597E+01 -4.1206338E+00 -1.5152362E+01 
      1012      3.2540573E+01 -1.3400119E+01 -2.5343467E+01  1.8932072E+01 -4.6846472E+01  3.7145622E+01 
      1012 SSD -2.0446547E+02 -3.4429732E+00 -1.6213496E+01  1.0554680E+01 -2.6975518E+01  2.2049348E+01 
      1013      4.4208253E+01  1.6840416E+00 -2.4736103E+01  4.1709660E+01  9.1467418E+00 -1.2488984E+02 
      1013 SSD -1.9757449E+02  4.4458089E+00 -1.5752046E+01  2.4555415E+01  4.3905843E+00 -7.5926682E+01 
      1014      5.6814133E+01 -6.3999011E+00 -2.7095084E+01  1.4221698E+01  3.3303534E+00 -4.0132707E+02 
      1014 SSD -1.9028119E+02 -1.2408709E+00 -1.7054332E+01  8.5369771E+00  1.6407823E+00 -2.4044497E+02 
      1015      5.8146641E+01 -8.4859651E+00 -2.7113302E+01  2.9025237E+00  1.5569301E+01 -6.5244240E+02 
      1015 SSD -1.8920603E+02 -3.1114356E+00 -1.7034723E+01  2.2645805E+00  8.8316482E+00 -3.9055007E+02 
      1016      6.1439265E+01 -1.0619351E+01 -2.7270616E+01 -6.4761166E+00  1.6396942E+01 -8.2783176E+02 
      1016 SSD -1.8710066E+02 -5.0706104E+00 -1.7141315E+01 -3.3741208E+00  1.0028836E+01 -4.9541357E+02 
      1017      6.1370635E+01 -1.1635892E+01 -2.7097408E+01 -1.3250146E+01  1.6694413E+01 -8.8819388E+02 
      1017 SSD -1.8693800E+02 -6.4282622E+00 -1.7093855E+01 -7.6414027E+00  1.0370600E+01 -5.3091086E+02 
      1018      5.9216863E+01 -1.1414757E+01 -2.7051600E+01 -1.6534023E+01  1.2321846E+01 -8.2398840E+02 
      1018 SSD -1.8824086E+02 -7.2035619E+00 -1.7112835E+01 -9.9075664E+00  7.6956646E+00 -4.9119302E+02 
      1019      5.3027101E+01 -8.4822899E+00 -2.6915800E+01 -2.0197366E+01  3.9483414E+00 -6.4397638E+02 
      1019 SSD -1.9197726E+02 -6.3660801E+00 -1.7044361E+01 -1.2257639E+01  2.6254152E+00 -3.8263211E+02 
      1020      4.9457304E+01 -6.8263077E+00 -2.7984991E+01 -1.1892753E+01  5.0137296E+00 -3.9164137E+02 
      1020 SSD -1.9413945E+02 -6.2920448E+00 -1.7645863E+01 -7.3082237E+00  3.0020745E+00 -2.3185218E+02 
      1021      3.1509515E+01 -2.0110764E+00 -2.8025995E+01 -1.0958286E+01 -2.2049282E+01 -1.3007069E+02 
      1021 SSD -2.0458605E+02 -4.2020986E+00 -1.7599277E+01 -6.7892422E+00 -1.3652662E+01 -7.6377032E+01 
      1022      3.0422425E+01 -2.0861709E+00 -3.0810608E+01  1.8936326E+01  4.0340310E+00  2.8103918E+01 
      1022 SSD -2.0499878E+02 -4.8431751E+00 -1.9153055E+01  1.1482462E+01  2.3447685E+00  1.6860635E+01 
      1023      3.8029555E+01 -4.2391939E+00 -3.6661529E+01  2.9336288E+01 -1.1419965E+02 -9.3611293E+00 
      1023 SSD -2.0023145E+02 -6.1214612E+00 -2.2013501E+01  1.7334929E+01 -6.5871010E+01 -5.1967690E+00 
      1024      4.3712372E+01 -5.4802919E+00 -3.1579784E+01  1.4948337E+01 -3.7636000E+02 -1.8158755E+00 
      1024 SSD -1.9671995E+02 -6.8610161E+00 -1.8410031E+01  9.3322767E+00 -2.1726263E+02 -5.6813291E-01 
      1025      4.6633846E+01 -6.1650680E+00 -2.9734383E+01  4.8490627E+00 -6.4315047E+02  3.1671536E+00 
      1025 SSD -1.9470594E+02 -7.2737322E+00 -1.6734652E+01  3.6534702E+00 -3.7172000E+02  2.5066242E+00 
      1026      4.8280315E+01 -6.2539825E+00 -2.7297454E+01 -5.2994288E+00 -8.3844004E+02  1.0372030E+01 
      1026 SSD -1.9342265E+02 -7.3537420E+00 -1.4706336E+01 -2.2763662E+00 -4.8525564E+02  6.6622029E+00 
      1027      4.6760749E+01 -6.0754913E+00 -2.6695521E+01 -1.2246783E+01 -9.2060125E+02  1.4870696E+01 
      1027 SSD -1.9405496E+02 -7.2950154E+00 -1.3664989E+01 -6.5776491E+00 -5.3334800E+02  9.2123054E+00 
      1028      4.3804079E+01 -5.9902895E+00 -2.7318039E+01 -1.5163108E+01 -8.7645995E+02  1.4126862E+01 
      1028 SSD -1.9570058E+02 -7.2746423E+00 -1.3163364E+01 -8.7555906E+00 -5.0747360E+02  8.4218536E+00 
      1029      3.7612325E+01 -6.0228103E+00 -3.0189724E+01 -1.8183147E+01 -7.1076401E+02  1.4217151E+01 
      1029 SSD -1.9926908E+02 -7.3028694E+00 -1.3828918E+01 -1.0890741E+01 -4.1062009E+02  7.7923039E+00 
      1030      3.1923558E+01 -6.5707204E+00 -3.2848249E+01 -1.0491613E+01 -4.6405074E+02  2.6104249E+00 
      1030 SSD -2.0266384E+02 -7.6053776E+00 -1.4351120E+01 -6.6388907E+00 -2.6732545E+02  7.9488090E-01 
      1031      1.5656191E+01 -6.7905097E+00 -3.9122377E+01 -1.8536480E+01 -1.6864658E+02  1.1980524E+01 
      1031 SSD -2.1191405E+02 -7.7414468E+00 -1.6988900E+01 -1.1345466E+01 -9.6819432E+01  5.7382726E+00 
      1032      2.8059308E+01 -1.4866302E+01 -2.4105099E+01  2.8733417E+01  1.1424147E+02  9.9959098E+00 
      1032 SSD -2.0560924E+02 -4.3383868E+00 -7.8779944E+00  1.6975369E+01  6.5958038E+01  5.5535685E+00 
      1033      3.8247225E+01 -1.3727157E+01 -2.8470457E+01  1.5405482E+01  3.7753183E+02  1.9837715E+00 
      1033 SSD -1.9976131E+02 -3.6596554E+00 -1.1080277E+01  9.6007219E+00  2.1811342E+02  6.4197148E-01 
      1034      4.5322753E+01 -1.3105961E+01 -3.0170703E+01  4.9138652E+00  6.4495788E+02 -2.8727785E+00 
      1034 SSD -1.9561981E+02 -3.2861914E+00 -1.2681160E+01  3.6803673E+00  3.7307117E+02 -2.3450243E+00 
      1035      5.1104704E+01 -1.3008714E+01 -3.2367266E+01 -5.3052096E+00  8.3913135E+02 -1.0397467E+01 
      1035 SSD -1.9222156E+02 -3.2045976E+00 -1.4576825E+01 -2.2925077E+00  4.8607230E+02 -6.7057306E+00 
      1036      5.3712949E+01 -1.3167939E+01 -3.2842268E+01 -1.2311617E+01  9.1912180E+02 -1.4239421E+01 
      1036 SSD -1.9072849E+02 -3.2514342E+00 -1.5540256E+01 -6.6274196E+00  5.3300472E+02 -8.8509058E+00 
      1037      5.4957290E+01 -1.3260819E+01 -3.2105894E+01 -1.5193302E+01  8.7273175E+02 -1.3882924E+01 
      1037 SSD -1.9025006E+02 -3.2791617E+00 -1.5979699E+01 -8.7921281E+00  5.0581706E+02 -8.3635605E+00 
      1038      5.2200999E+01 -1.3325818E+01 -2.9304699E+01 -1.8343732E+01  7.0455501E+02 -1.5173212E+01 
      1038 SSD -1.9209074E+02 -3.2991805E+00 -1.5335411E+01 -1.0994494E+01  4.0750261E+02 -8.3179206E+00 
      1039      5.0201073E+01 -1.2879115E+01 -2.6776068E+01 -1.0371440E+01  4.5818008E+02 -1.6878160E+00 
      1039 SSD -1.9358613E+02 -3.0502505E+00 -1.4889308E+01 -6.5508592E+00  2.6431393E+02 -2.7388585E-01 
      1040      3.9669619E+01 -1.2446605E+01 -1.9637037E+01 -1.8340963E+01  1.6648439E+02 -9.6138775E+00 
      1040 SSD -1.9981602E+02 -2.7907988E+00 -1.1728166E+01 -1.1282703E+01  9.5682882E+01 -4.4632323E+00 
      1041      9.6234104E+03 -8.6132535E+00 -3.2185224E+01  1.0308362E-01 -1.1643917E+01  1.0554556E+03 
      1041 SSD  5.5657922E+03 -4.6238357E+00 -1.2770589E+01  1.3963304E-01 -5.7115433E+00  6.3844056E+02 
      1042      1.9896279E+04 -9.5300769E+00 -3.1676439E+01 -2.9989733E-02 -5.4141410E+00  1.0264119E+03 
      1042 SSD  1.1810786E+04 -5.1282681E+00 -1.3279710E+01  6.3199552E-02 -9.3257952E-01  6.2773844E+02 
      1043      2.8919188E+04 -9.9458103E+00 -3.1087517E+01 -3.8772080E-02 -1.4664201E+00  8.0095227E+02 
      1043 SSD  1.7362343E+04 -5.3745149E+00 -1.3745917E+01  5.8362052E-02  2.3245784E+00  4.9743215E+02 
      1044      3.5024392E+04 -9.9129722E+00 -3.0468574E+01 -4.5391175E-02 -5.1880465E-01  4.3495084E+02 
      1044 SSD  2.1186484E+04 -5.3877244E+00 -1.4194843E+01  5.4669448E-02  3.4606037E+00  2.7745587E+02 
      1045      3.7162228E+04 -9.6215854E+00 -2.9859177E+01 -4.6872063E-02 -1.0165824E+00 -2.0713734E+00 
      1045 SSD  2.2551753E+04 -5.2664370E+00 -1.4647436E+01  5.3824628E-02 -6.8206786E-01 -1.2219115E+00 
      1046      3.4987159E+04 -9.3393300E+00 -2.9262565E+01 -4.4411340E-02 -1.5672463E+00 -4.3827065E+02 
      1046 SSD  2.1164363E+04 -5.1503605E+00 -1.5106910E+01  5.5219640E-02 -4.8358149E+00 -2.7943869E+02 
      1047      2.8860434E+04 -9.3327812E+00 -2.8684601E+01 -3.6339051E-02 -6.0803822E-01 -8.0180008E+02 
      1047 SSD  1.7327197E+04 -5.1784976E+00 -1.5578094E+01  5.9814389E-02 -3.6454805E+00 -4.9797317E+02 
      1048      1.9845143E+04 -9.7877141E+00 -2.8178062E+01 -2.3775796E-02  3.9380771E+00 -1.0239512E+03 
      1048 SSD  1.1779562E+04 -5.4464977E+00 -1.6090522E+01  6.6888064E-02  1.9103819E-02 -6.2636030E+02 
      1049      9.6066096E+03 -1.0745710E+01 -2.7852125E+01  1.0810088E-01  1.1254045E+01 -1.0511013E+03 
      1049 SSD  5.5541956E+03 -5.9731525E+00 -1.6705362E+01  1.4229224E-01  5.4788510E+00 -6.3592747E+02 
      1050      3.5050235E+04 -9.9271466E+00 -2.9876755E+01 -4.8136244E-02  4.2887491E+02 -1.4302768E+00 
      1050 SSD  2.1186331E+04 -4.6333525E+00 -1.4517072E+01  5.2862191E-02  2.7701617E+02  2.9952153E+00 
      1051      2.9029577E+04 -1.0323228E+01 -3.0136927E+01 -5.0254641E-02  7.9071845E+02 -9.4174129E-01 
      1051 SSD  1.7372161E+04 -4.0537181E+00 -1.4517299E+01  5.1287703E-02  4.9615832E+02  2.6007395E+00 
      1052      2.0099839E+04 -1.0876267E+01 -3.0790756E+01 -4.9157739E-02  1.0188467E+03 -1.2453461E+00 
      1052 SSD  1.1835172E+04 -3.5652808E+00 -1.4729666E+01  5.1404917E-02  6.2645042E+02  1.2741208E+00 
      1053      9.8303031E+03 -1.1553930E+01 -3.1834375E+01  6.2145738E-02  1.0625947E+03 -4.1555952E+00 
      1053 SSD  5.5911517E+03 -3.1486200E+00 -1.5154122E+01  1.1400155E-01  6.3946650E+02 -1.6674805E+00 
      1054      2.7225467E+04 -1.1015128E+01 -3.0394202E+01 -4.0283473E-02  7.4718543E+02  3.4479137E+02 
      1054 SSD  1.6226160E+04 -4.3991565E+00 -1.3885384E+01  5.5304854E-02  4.6647596E+02  2.1534365E+02 
      1055      2.2315024E+04 -1.1433148E+01 -3.0210288E+01 -4.5443271E-02  6.2306523E+02  6.3082308E+02 
      1055 SSD  1.3199403E+04 -4.5984166E+00 -1.3028178E+01  5.1813705E-02  3.8599527E+02  3.8580140E+02 
      1056      1.5178006E+04 -1.1471335E+01 -2.9968831E+01 -6.8535782E-02  4.3716919E+02  8.0078130E+02 
      1056 SSD  8.8639873E+03 -4.5942612E+00 -1.2147532E+01  3.8752144E-02  2.6851362E+02  4.8386077E+02 
      1057      7.2111339E+03 -1.1177814E+01 -3.0120795E+01  3.8094085E-02  2.1603788E+02  8.0674944E+02 
      1057 SSD  4.0754181E+03 -4.4119760E+00 -1.1479719E+01  1.0810049E-01  1.3120110E+02  4.8258678E+02 
      1058      2.7153160E+04 -1.0448817E+01 -3.0577253E+01 -4.8399264E-02  3.3846278E+02  7.5529128E+02 
      1058 SSD  1.6222743E+04 -4.8484987E+00 -1.3349040E+01  5.1841173E-02  2.1473167E+02  4.6655520E+02 
      1059      3.2966984E+04 -1.0328995E+01 -3.0333732E+01 -4.5625031E-02  4.0624521E+02  4.1186711E+02 
      1059 SSD  1.9845111E+04 -4.8157006E+00 -1.3987513E+01  5.3643769E-02  2.6073772E+02  2.6093905E+02 
      1060      1.8623213E+04 -1.0133736E+01 -3.0775713E+01 -6.5426877E-02  2.3574938E+02  9.6496967E+02 
      1060 SSD  1.0997302E+04 -4.6507948E+00 -1.2690387E+01  4.2645432E-02  1.4804098E+02  5.8778017E+02 
      1061      8.9729643E+03 -9.3829299E+00 -3.1176692E+01  5.3622330E-02  1.1228509E+02  9.8724683E+02 
      1061 SSD  5.1543869E+03 -4.2203800E+00 -1.2141838E+01  1.1716046E-01  6.9673309E+01  5.9470123E+02 
      1062      7.2683279E+03 -1.3654298E+01 -3.0210179E+01  7.7616977E-02  8.1411033E+02  2.2400307E+02 
      1062 SSD  4.0525036E+03 -4.3257425E+00 -1.2800021E+01  1.0593167E-01  4.8626393E+02  1.3251794E+02 
      1063      1.5244754E+04 -1.2603236E+01 -3.0084664E+01 -1.6596725E-02  7.9525271E+02  4.4471724E+02 
      1063 SSD  8.8610959E+03 -4.4707093E+00 -1.2840548E+01  6.4940401E-02  4.8445473E+02  2.6840060E+02 
      1064      9.1059455E+03 -1.2580041E+01 -3.1572584E+01  9.5284784E-02  9.9506882E+02  1.2114128E+02 
      1064 SSD  5.1493658E+03 -3.7198668E+00 -1.4264539E+01  1.2278402E-01  5.9689403E+02  7.2721818E+01 
      1065      1.8766385E+04 -1.1851448E+01 -3.0796158E+01 -2.0920556E-02  9.5932465E+02  2.4309015E+02 
      1065 SSD  1.1002515E+04 -4.0775738E+00 -1.3969581E+01  6.4105312E-02  5.8774219E+02  1.4940992E+02 
      1066      1.9817615E+03 -1.6224242E+01 -2.7102665E+01 -1.4284884E-01  2.7110352E+02  2.5943573E+02 
      1066 SSD  9.3959655E+02 -5.7774686E+00 -9.6441376E+00 -1.3159183E-02  1.6070198E+02  1.5138070E+02 
      1067      4.6884295E+03 -1.4810583E+01 -2.8753378E+01 -4.6168289E-02  5.5586515E+02  2.7856063E+02 
      1067 SSD  2.5279203E+03 -4.9788508E+00 -1.1290777E+01  3.6266638E-02  3.3056629E+02  1.6353333E+02 
      1068      4.7025897E+03 -1.2921714E+01 -2.8927063E+01  3.3379749E-02  2.7020402E+02  5.4637116E+02 
      1068 SSD  2.5611195E+03 -4.5831745E+00 -1.0745874E+01  1.0042064E-01  1.6213558E+02  3.2360291E+02 
      1069      1.0202230E+04 -1.3000803E+01 -2.9283593E+01 -3.9741330E-02  5.5157483E+02  5.5731090E+02 
      1069 SSD  5.8332540E+03 -4.6664169E+00 -1.1672538E+01  5.1334219E-02  3.3381829E+02  3.3293671E+02 
      1070      7.3538077E+03 -8.6324395E+00 -2.5396443E+01  1.6034758E-02  2.3099369E+02 -8.2509802E+02 
      1070 SSD  4.1978450E+03 -3.2178743E+00 -1.5209832E+01  8.6354751E-02  1.3959082E+02 -4.9698355E+02 
      1071      1.5469976E+04 -8.4062801E+00 -2.6430567E+01 -3.5497833E-02  4.3797444E+02 -8.1980865E+02 
      1071 SSD  9.1033966E+03 -3.0776054E+00 -1.4937863E+01  6.2873249E-02  2.6914808E+02 -4.9668824E+02 
      1072      2.2616605E+04 -8.8248457E+00 -2.7935240E+01 -6.3188911E-02  6.2399030E+02 -6.3879961E+02 
      1072 SSD  1.3455956E+04 -3.2892625E+00 -1.4928482E+01  4.7037286E-02  3.8724879E+02 -3.9095511E+02 
      1073      2.7405688E+04 -9.5227445E+00 -2.9313332E+01 -6.3662390E-02  7.4753964E+02 -3.4833055E+02 
      1073 SSD  1.6393812E+04 -3.6466506E+00 -1.4864523E+01  4.5502512E-02  4.6819955E+02 -2.1415794E+02 
      1074      1.8746709E+04 -9.3996780E+00 -2.7253619E+01 -1.0966544E-02  2.4495233E+02 -9.7275731E+02 
      1074 SSD  1.1118849E+04 -4.4286217E+00 -1.5488496E+01  7.4991802E-02  1.5064586E+02 -5.9411030E+02 
      1075      9.0423130E+03 -1.0084648E+01 -2.6723600E+01  8.2250224E-02  1.3189455E+02 -9.9631100E+02 
      1075 SSD  5.2208327E+03 -4.8066373E+00 -1.6010277E+01  1.2300921E-01  7.9740048E+01 -6.0274296E+02 
      1076      2.7285710E+04 -9.2282557E+00 -2.8182222E+01 -3.9948720E-02  3.3908987E+02 -7.6173133E+02 
      1076 SSD  1.6363559E+04 -4.3165483E+00 -1.5184471E+01  5.8725570E-02  2.1180819E+02 -4.7162287E+02 
      1077      3.3049284E+04 -9.4739375E+00 -2.9146516E+01 -4.9440918E-02  4.0519341E+02 -4.1489354E+02 
      1077 SSD  1.9950180E+04 -4.4216434E+00 -1.4909144E+01  5.2868632E-02  2.5783243E+02 -2.6042961E+02 
      1078      5.1289585E+03 -7.1619260E+00 -2.6415572E+01 -1.9842498E-01  5.6316432E+02 -2.8275350E+02 
      1078 SSD  2.8096054E+03 -6.6721390E-01 -1.4752061E+01 -1.5598015E-02  3.3777673E+02 -1.6655746E+02 
      1079      1.0637424E+04 -7.4245622E+00 -2.5969966E+01 -9.3637202E-02  5.5280370E+02 -5.7507825E+02 
      1079 SSD  6.1442880E+03 -1.7157592E+00 -1.4581294E+01  3.4363701E-02  3.3649733E+02 -3.4455828E+02 
      1080      2.2643233E+03 -4.6052553E+00 -2.2717186E+01 -4.8233641E-01  2.5515672E+02 -2.8578703E+02 
      1080 SSD  1.1202674E+03  7.8391343E-01 -1.3587198E+01 -1.7789470E-01  1.5300861E+02 -1.6737640E+02 
      1081      4.9271894E+03 -6.6039754E+00 -2.3519777E+01 -2.2680353E-01  2.6764960E+02 -5.7793838E+02 
      1081 SSD  2.7265690E+03 -1.2912599E+00 -1.4079185E+01 -4.5543943E-02  1.6172052E+02 -3.4476898E+02 
      1082      7.6293880E+03 -9.1749356E+00 -2.8854898E+01 -1.0143477E-01  8.2654386E+02 -2.3185959E+02 
      1082 SSD  4.2908443E+03 -1.8157746E+00 -1.5205263E+01  3.7836401E-02  4.9697100E+02 -1.3697869E+02 
      1083      1.5644204E+04 -8.6127700E+00 -2.8127813E+01 -1.0709608E-01  8.0025309E+02 -4.5179409E+02 
      1083 SSD  9.1574532E+03 -2.3574897E+00 -1.4912392E+01  2.4941772E-02  4.8975460E+02 -2.7246976E+02 
      1084      9.3123371E+03 -1.0434401E+01 -3.1017478E+01 -5.1404565E-03  1.0040726E+03 -1.2845288E+02 
      1084 SSD  5.2893965E+03 -2.5243298E+00 -1.5527496E+01  8.6089416E-02  6.0466281E+02 -7.6158401E+01 
      1085      1.8999693E+04 -9.7586418E+00 -2.9931139E+01 -8.6827379E-02  9.6177760E+02 -2.4877003E+02 
      1085 SSD  1.1183777E+04 -2.9723795E+00 -1.5065466E+01  3.3728034E-02  5.9122269E+02 -1.5032648E+02 
      1086      9.8239604E+03 -7.5990109E+00 -2.7784940E+01  2.7727837E-02 -1.0613158E+03  2.1431225E+00 
      1086 SSD  5.5846475E+03 -7.3352096E+00 -1.4094392E+01  9.7795310E-02 -6.3852355E+02  5.1702216E-01 
      1087      2.0078567E+04 -8.2930335E+00 -2.8895516E+01 -5.7137792E-02 -1.0169918E+03 -2.1304096E+00 
      1087 SSD  1.1819035E+04 -6.9272918E+00 -1.4552772E+01  4.8044224E-02 -6.2538716E+02 -3.2291926E+00 
      1088      2.9001425E+04 -8.8860048E+00 -2.9575653E+01 -4.9588932E-02 -7.9094259E+02 -3.1183054E+00 
      1088 SSD  1.7352699E+04 -6.4608886E+00 -1.4776912E+01  5.1737593E-02 -4.9640963E+02 -4.9785608E+00 
      1089      3.5031873E+04 -9.3067667E+00 -2.9842399E+01 -4.9866670E-02 -4.3045999E+02 -2.6740127E+00 
      1089 SSD  2.1173950E+04 -5.8946225E+00 -1.4778913E+01  5.2118467E-02 -2.7810388E+02 -5.4117920E+00 
      1090      1.9006164E+04 -9.4132661E+00 -2.9719687E+01 -9.4651494E-02 -9.6103919E+02  2.4648660E+02 
      1090 SSD  1.1184327E+04 -7.5191615E+00 -1.4194524E+01  3.0435115E-02 -5.9083316E+02  1.4887464E+02 
      1091      1.5669415E+04 -1.0528378E+01 -3.1516179E+01 -9.8376346E-02 -8.0065159E+02  4.5017442E+02 
      1091 SSD  9.1701436E+03 -8.1153846E+00 -1.4338511E+01  3.0836384E-02 -4.9001544E+02  2.7139453E+02 
      1092      1.0663000E+04 -1.1641330E+01 -3.3699452E+01 -7.0656489E-02 -5.5279109E+02  5.7668859E+02 
      1092 SSD  6.1588335E+03 -8.7133460E+00 -1.4681227E+01  4.8181867E-02 -3.3652792E+02  3.4529518E+02 
      1093      4.9286001E+03 -1.2391736E+01 -3.6223147E+01 -1.0538079E-01 -2.6810906E+02  5.8114283E+02 
      1093 SSD  2.7287968E+03 -9.0991001E+00 -1.5220842E+01  2.5588287E-02 -1.6199928E+02  3.4648158E+02 
      1094      7.6483432E+03 -1.0106083E+01 -3.0743379E+01 -1.1805476E-01 -8.2730230E+02  2.3164658E+02 
      1094 SSD  4.3001873E+03 -8.7383171E+00 -1.4019285E+01  2.9631768E-02 -4.9730600E+02  1.3674260E+02 
      1095      9.3220439E+03 -8.7700326E+00 -2.8548882E+01 -5.2556362E-02 -1.0043303E+03  1.2729235E+02 
      1095 SSD  5.2925385E+03 -7.9862639E+00 -1.3688065E+01  6.2116589E-02 -6.0461086E+02  7.5404398E+01 
      1096      5.1446450E+03 -1.2055947E+01 -3.3127600E+01 -2.2014727E-01 -5.6527003E+02  2.8396212E+02 
      1096 SSD  2.8183543E+03 -9.8502230E+00 -1.4437890E+01 -2.6450459E-02 -3.3896510E+02  1.6707696E+02 
      1097      2.2582685E+03 -1.4823253E+01 -3.6540515E+01 -5.1022878E-01 -2.5666521E+02  2.8914028E+02 
      1097 SSD  1.1180820E+03 -1.1425665E+01 -1.5427270E+01 -1.9497456E-01 -1.5388448E+02  1.6915748E+02 
      1098      2.7326345E+04 -9.9913342E+00 -3.1555566E+01 -4.0665062E-02 -3.4073410E+02  7.6059329E+02 
      1098 SSD  1.6386993E+04 -6.2014453E+00 -1.4119750E+01  5.8411310E-02 -2.1288554E+02  4.7086394E+02 
      1099      2.2646161E+04 -1.0380647E+01 -3.1747075E+01 -6.6089521E-02 -6.2455622E+02  6.3747807E+02 
      1099 SSD  1.3471846E+04 -7.2204619E+00 -1.4344060E+01  4.5497671E-02 -3.8767716E+02  3.9005448E+02 
      1100      3.3067614E+04 -9.7476635E+00 -3.0565604E+01 -5.1843604E-02 -4.0691570E+02  4.1163918E+02 
      1100 SSD  1.9959734E+04 -6.0982190E+00 -1.4382046E+01  5.1727657E-02 -2.5899009E+02  2.5845347E+02 
      1101      2.7412496E+04 -9.6788740E+00 -3.0370030E+01 -6.4083915E-02 -7.4816468E+02  3.4521944E+02 
      1101 SSD  1.6395321E+04 -6.8617596E+00 -1.4411562E+01  4.5374632E-02 -4.6867598E+02  2.1224613E+02 
      1102      9.0526651E+03 -9.1456393E+00 -3.3252221E+01  8.5616505E-02 -1.3272169E+02  9.9976298E+02 
      1102 SSD  5.2285496E+03 -5.7159974E+00 -1.3427553E+01  1.2451996E-01 -8.0235708E+01  6.0469170E+02 
      1103      1.8784116E+04 -9.8185372E+00 -3.2555880E+01 -8.9251594E-03 -2.4616596E+02  9.7457480E+02 
      1103 SSD  1.1141459E+04 -6.0879519E+00 -1.3855561E+01  7.6011257E-02 -1.5142173E+02  5.9505488E+02 
      1104      7.3585331E+03 -1.0696337E+01 -3.4325390E+01  3.7811159E-03 -2.3120665E+02  8.2843419E+02 
      1104 SSD  4.2021313E+03 -7.3633673E+00 -1.4081189E+01  7.9448175E-02 -1.3972488E+02  4.9881859E+02 
      1105      1.5498672E+04 -1.0831562E+01 -3.3285585E+01 -4.3207715E-02 -4.3847058E+02  8.2119507E+02 
      1105 SSD  9.1202759E+03 -7.4504301E+00 -1.4352020E+01  5.8562314E-02 -2.6949958E+02  4.9732885E+02 
      1106      4.6851678E+03 -6.2321614E+00 -3.1174400E+01  9.8503274E-03 -2.6946848E+02 -5.4285701E+02 
      1106 SSD  2.5495083E+03 -5.9077281E+00 -1.8767961E+01  8.8086562E-02 -1.6169819E+02 -3.2150396E+02 
      1107      1.0150193E+04 -6.1827291E+00 -3.0700956E+01 -4.7712597E-02 -5.4864568E+02 -5.5385094E+02 
      1107 SSD  5.8009140E+03 -5.8420723E+00 -1.7776312E+01  4.7150312E-02 -3.3210534E+02 -3.3085729E+02 
      1108      1.5173766E+04 -6.5746033E+00 -2.9791885E+01 -1.5551701E-02 -7.9177472E+02 -4.4467647E+02 
      1108 SSD  8.8170563E+03 -6.0326299E+00 -1.6549619E+01  6.5854699E-02 -4.8242857E+02 -2.6830060E+02 
      1109      1.8711585E+04 -7.3178271E+00 -2.8966772E+01 -2.6553327E-02 -9.5668925E+02 -2.4667243E+02 
      1109 SSD  1.0967228E+04 -6.4178498E+00 -1.5357379E+01  6.1752019E-02 -5.8620012E+02 -1.5142658E+02 
      1110      4.6694208E+03 -4.4349364E+00 -3.1258285E+01 -4.2714664E-02 -5.5193389E+02 -2.7705603E+02 
      1110 SSD  2.5153188E+03 -5.5722130E+00 -1.8175724E+01  3.7985470E-02 -3.2819257E+02 -1.6260307E+02 
      1111      1.9814509E+03 -3.3141923E+00 -3.3134974E+01 -6.7864021E-02 -2.6872735E+02 -2.5718279E+02 
      1111 SSD  9.3833815E+02 -4.9477040E+00 -1.9946834E+01  3.1075709E-02 -1.5926232E+02 -1.5001182E+02 
      1112      7.2379333E+03 -5.4840118E+00 -2.9664219E+01  6.1276424E-02 -8.0908818E+02 -2.2372408E+02 
      1112 SSD  4.0327621E+03 -6.1585941E+00 -1.6593599E+01  9.9432722E-02 -4.8321961E+02 -1.3229236E+02 
      1113      9.0814807E+03 -6.5450605E+00 -2.8145486E+01  6.6154762E-02 -9.9123829E+02 -1.2296630E+02 
      1113 SSD  5.1326205E+03 -6.7516031E+00 -1.5042088E+01  1.0868389E-01 -5.9450383E+02 -7.3743448E+01 
      1114      1.8559382E+04 -9.2892956E+00 -2.9116768E+01 -5.4550092E-02 -2.3688611E+02 -9.6144869E+02 
      1114 SSD  1.0958279E+04 -5.9895513E+00 -1.6702113E+01  4.8774969E-02 -1.4872772E+02 -5.8572922E+02 
      1115      1.5110301E+04 -7.8771734E+00 -2.9977274E+01 -8.1302366E-02 -4.3697247E+02 -7.9656749E+02 
      1115 SSD  8.8225346E+03 -6.0074195E+00 -1.7277246E+01  3.1695812E-02 -2.6841421E+02 -4.8136249E+02 
      1116      8.9532434E+03 -1.0172811E+01 -2.8805974E+01  6.0372655E-02 -1.1236945E+02 -9.8188930E+02 
      1116 SSD  5.1411791E+03 -6.4974963E+00 -1.7302783E+01  1.2033975E-01 -6.9694587E+01 -5.9155546E+02 
      1117      7.1897325E+03 -8.2523965E+00 -2.9833532E+01 -3.3614314E-03 -2.1637073E+02 -8.0158569E+02 
      1117 SSD  4.0613965E+03 -6.2385472E+00 -1.7947033E+01  8.5245121E-02 -1.3138218E+02 -4.7953004E+02 
      1118      3.2910581E+04 -8.9355632E+00 -2.9419372E+01 -4.5234465E-02 -4.0803818E+02 -4.1542756E+02 
      1118 SSD  1.9810374E+04 -5.7310837E+00 -1.5327685E+01  5.4034696E-02 -2.6191531E+02 -2.6301904E+02 
      1119      2.7075443E+04 -8.8751114E+00 -2.9235197E+01 -4.3925373E-02 -3.4033929E+02 -7.5585366E+02 
      1119 SSD  1.6175588E+04 -5.7336834E+00 -1.5998907E+01  5.4455816E-02 -2.1590659E+02 -4.6687339E+02 
      1120      2.7159118E+04 -8.2156348E+00 -2.9376311E+01 -3.8925130E-02 -7.4732824E+02 -3.4858373E+02 
      1120 SSD  1.6184539E+04 -6.1300233E+00 -1.5442145E+01  5.6127060E-02 -4.6664894E+02 -2.1751718E+02 
      1121      2.2227981E+04 -7.8424022E+00 -2.9646467E+01 -4.4897091E-02 -6.2320057E+02 -6.3111915E+02 
      1121 SSD  1.3146192E+04 -5.9589363E+00 -1.6347367E+01  5.1963860E-02 -3.8611997E+02 -3.8591195E+02 

