      NODE            V1             V2             V3             VR1            VR2            VR3
      1001     -1.6082484E+01 -5.0823883E-01  4.3085183E-01  9.1270808E-02  2.5417977E-01 -2.4936926E-01 
      1001 SSD -3.8087378E+02 -6.7159567E+00  1.1437459E+01 -4.9088263E-01 -4.0661216E-01 -5.9602873E-02 
      1002     -1.6018100E+01 -5.1214437E-01  4.2095604E-01  2.9157501E-01  2.9515702E-04  8.2755372E-01 
      1002 SSD -3.8116976E+02 -5.3171490E+00  1.1300884E+01 -2.5721367E-01  1.5817609E+00  2.5236839E-01 
      1003     -1.5949655E+01 -3.5732503E-01  4.3508320E-01  9.6085705E-02  4.7718961E-03  2.4683022E+00 
      1003 SSD -3.8147302E+02 -3.8722306E+00  1.1214909E+01  6.5309904E-01  8.9922965E-01 -1.6947353E+00 
      1004     -1.5931900E+01 -2.7612478E-01  4.3376268E-01  6.2298541E-02 -6.9223332E-02  3.9552808E+00 
      1004 SSD -3.8139275E+02 -2.6844033E+00  1.1180964E+01  1.0789557E+00  8.7019238E-01 -3.0952770E+00 
      1005     -1.5910224E+01 -1.7714146E-01  4.3633445E-01  4.5773922E-04 -9.8676508E-02  4.9647570E+00 
      1005 SSD -3.8144046E+02 -1.4508462E+00  1.1191418E+01  1.1053902E+00 -8.1936381E-02 -4.3049768E+00 
      1006     -1.5908323E+01 -8.4658663E-02  4.3815111E-01 -5.7461328E-02 -1.1424315E-01  5.2625811E+00 
      1006 SSD -3.8146839E+02 -8.9832358E-03  1.1263960E+01  7.1300595E-01 -5.1784304E-01 -5.7309200E+00 
      1007     -1.5927240E+01  4.4085275E-03  4.3940058E-01 -9.5780971E-02 -9.8284882E-02  4.8088109E+00 
      1007 SSD -3.8178211E+02  1.6437220E+00  1.1325007E+01  1.1102986E-01 -6.1123062E-01 -7.3066046E+00 
      1008     -1.5972278E+01  8.4846523E-02  4.3853264E-01 -1.2045175E-01 -5.6039906E-02  3.7053871E+00 
      1008 SSD -3.8214045E+02  3.3619039E+00  1.1344202E+01 -2.3510647E-01 -7.7784144E-01 -7.5377312E+00 
      1009     -1.6010839E+01  1.8320939E-01  4.4341774E-01 -7.8960140E-02 -4.0503612E-02  2.2276324E+00 
      1009 SSD -3.8261656E+02  5.1431616E+00  1.1293179E+01 -4.1939835E-01 -3.7046978E-01 -5.6108088E+00 
      1010     -1.6104088E+01  2.3859140E-01  4.4151192E-01 -1.0764512E-01  1.1967524E-01  7.1885246E-01 
      1010 SSD -3.8239316E+02  6.8215214E+00  1.1253843E+01 -5.8913282E-01 -6.4983707E-01 -2.1356376E+00 
      1011     -1.6123516E+01  3.3866807E-01  4.5347414E-01  1.3290770E-01 -3.7952512E-02 -1.2880566E-01 
      1011 SSD -3.8282628E+02  8.3647777E+00  1.1084083E+01 -5.9631863E-01  1.3576981E-01  7.8803226E-01 
      1012     -1.6154777E+01  3.4685859E-01 -4.4226115E-01  9.5814643E-02 -2.6127085E-01  2.3235866E-01 
      1012 SSD -3.8545813E+02  8.1329550E+00 -4.1773216E+00 -3.7795660E-01  4.5449139E-01  7.5338858E-02 
      1013     -1.6078621E+01  3.5284092E-01 -4.3135164E-01  2.5125573E-01  9.5750441E-04 -8.1318140E-01 
      1013 SSD -3.8541253E+02  6.7099001E+00 -4.0397252E+00 -1.6857627E-01 -1.5548142E+00 -2.2704947E-01 
      1014     -1.6000591E+01  2.1050954E-01 -4.4202973E-01  1.0772787E-01 -4.4320362E-03 -2.4438458E+00 
      1014 SSD -3.8537346E+02  5.2670226E+00 -3.9599076E+00  6.0127817E-01 -8.6026961E-01  1.8212123E+00 
      1015     -1.5973483E+01  1.1948805E-01 -4.4051245E-01  5.9864284E-02  7.0127653E-02 -3.9223579E+00 
      1015 SSD -3.8496527E+02  4.0986038E+00 -3.9281586E+00  1.1246141E+00 -8.3221537E-01  3.2629745E+00 
      1016     -1.5941289E+01  2.3899975E-02 -4.4201963E-01  5.0630660E-04  9.9564902E-02 -4.9204419E+00 
      1016 SSD -3.8468125E+02  2.8515795E+00 -3.9487649E+00  1.0624061E+00  1.0737583E-01  4.5229438E+00 
      1017     -1.5928903E+01 -6.8939679E-02 -4.4338474E-01 -5.1850696E-02  1.1710066E-01 -5.2135956E+00 
      1017 SSD -3.8437100E+02  1.4402017E+00 -4.0240248E+00  6.5578376E-01  5.6044761E-01  6.0018090E+00 
      1018     -1.5938771E+01 -1.6301876E-01 -4.4516461E-01 -8.7787426E-02  9.8890897E-02 -4.7653759E+00 
      1018 SSD -3.8436783E+02 -2.2454780E-01 -4.0852620E+00  1.4728634E-01  6.5367678E-01  7.5106898E+00 
      1019     -1.5974950E+01 -2.4437314E-01 -4.4502438E-01 -1.2766966E-01  5.3095284E-02 -3.6624434E+00 
      1019 SSD -3.8441264E+02 -1.9722108E+00 -4.1071518E+00 -2.6060063E-01  8.1222002E-01  7.6689299E+00 
      1020     -1.6000689E+01 -3.3449337E-01 -4.4890408E-01 -8.7108431E-02  4.3915423E-02 -2.1889417E+00 
      1020 SSD -3.8456016E+02 -3.7403209E+00 -4.0507919E+00 -4.6759931E-01  4.0480343E-01  5.7100403E+00 
      1021     -1.6084286E+01 -4.0024237E-01 -4.4652347E-01 -8.6557728E-02 -1.1695576E-01 -7.1359348E-01 
      1021 SSD -3.8399795E+02 -5.4131678E+00 -4.0015958E+00 -5.6355030E-01  6.8519002E-01  2.1560553E+00 
      1022     -1.6093003E+01 -4.9227968E-01 -4.5578846E-01  1.0216904E-01  2.2541384E-02  1.4088398E-01 
      1022 SSD -3.8409804E+02 -7.0042647E+00 -3.8386016E+00 -5.2914610E-01 -6.4989224E-02 -8.9387169E-01 
      1023     -1.6035544E+01 -5.0205607E-01 -4.0256248E-01  1.6483685E-01 -6.3440380E-01 -5.6042125E-02 
      1023 SSD -3.8398797E+02 -6.9067846E+00 -2.2657614E+00 -4.6687696E-01  1.2726059E+00 -8.4660186E-02 
      1024     -1.5984887E+01 -5.0824879E-01 -2.8971765E-01  1.2043060E-01 -2.0951091E+00  1.0955449E-02 
      1024 SSD -3.8365206E+02 -6.8617456E+00 -9.6697570E-01  6.9809789E-01  3.9229673E+00  5.1920461E-01 
      1025     -1.5944647E+01 -5.1155797E-01 -1.9694650E-01  7.7229891E-02 -3.6006779E+00  5.3548572E-02 
      1025 SSD -3.8317053E+02 -6.8386297E+00  3.1496056E-01  1.1423847E+00  5.8212210E+00  8.5052705E-01 
      1026     -1.5910290E+01 -5.1296308E-01 -1.0252154E-01  2.0764698E-02 -4.7124023E+00  9.6540955E-02 
      1026 SSD -3.8260393E+02 -6.8719423E+00  1.5419982E+00  1.2628878E+00  6.5286359E+00  8.7312302E-01 
      1027     -1.5898812E+01 -5.1394075E-01 -1.3879774E-02 -3.2224230E-02 -5.1879215E+00  1.1084743E-01 
      1027 SSD -3.8214644E+02 -6.9411197E+00  2.8962898E+00  9.2561825E-01  6.3405909E+00  7.1094461E-01 
      1028     -1.5901265E+01 -5.1531583E-01  7.4973826E-02 -7.0241798E-02 -4.9374894E+00  8.6942250E-02 
      1028 SSD -3.8189302E+02 -6.9946958E+00  4.4851060E+00  2.9841367E-01  6.2120633E+00  1.9384466E-01 
      1029     -1.5926685E+01 -5.1602460E-01  1.5745079E-01 -1.1111387E-01 -3.9880134E+00  6.2759678E-02 
      1029 SSD -3.8169593E+02 -7.0092911E+00  6.2443866E+00 -2.7791351E-01  5.9632314E+00 -6.9510095E-01 
      1030     -1.5956968E+01 -5.1673678E-01  2.4630186E-01 -8.3063158E-02 -2.5874102E+00 -1.8032416E-02 
      1030 SSD -3.8165046E+02 -6.9483001E+00  8.0905032E+00 -5.7531248E-01  4.6511039E+00 -9.6484107E-01 
      1031     -1.6030448E+01 -5.1625551E-01  3.0507349E-01 -1.4117215E-01 -9.3325722E-01  1.0338948E-02 
      1031 SSD -3.8111802E+02 -6.8994404E+00  9.7142534E+00 -7.4167170E-01  1.9652146E+00 -1.6644135E+00 
      1032     -1.6070989E+01  3.4661914E-01  3.9400441E-01  1.6264010E-01  6.4162754E-01  5.7185041E-02 
      1032 SSD -3.8328987E+02  8.2934679E+00  9.5432669E+00 -4.4472702E-01 -1.1586252E+00  3.3057570E-02 
      1033     -1.6021707E+01  3.5221659E-01  2.8381124E-01  1.2334859E-01  2.1192544E+00 -1.2424022E-02 
      1033 SSD -3.8354643E+02  8.2465779E+00  8.2069762E+00  6.9051590E-01 -3.6671158E+00 -5.6670487E-01 
      1034     -1.5985054E+01  3.5516806E-01  1.9155966E-01  7.6902792E-02  3.6393431E+00 -5.3855551E-02 
      1034 SSD -3.8365417E+02  8.2222045E+00  6.9180782E+00  1.1285863E+00 -5.4001987E+00 -8.8740474E-01 
      1035     -1.5954731E+01  3.5653162E-01  9.8171528E-02  1.9494306E-02  4.7512118E+00 -9.9558348E-02 
      1035 SSD -3.8368212E+02  8.2515132E+00  5.6825468E+00  1.2439878E+00 -5.9658506E+00 -9.2959518E-01 
      1036     -1.5946807E+01  3.5772553E-01  1.0490695E-02 -3.3861374E-02  5.2167332E+00 -1.0885216E-01 
      1036 SSD -3.8379794E+02  8.3228070E+00  4.3374850E+00  9.1126087E-01 -5.6540835E+00 -7.4067986E-01 
      1037     -1.5954522E+01  3.5893975E-01 -7.7903180E-02 -7.1844638E-02  4.9495942E+00 -9.0184043E-02 
      1037 SSD -3.8417720E+02  8.3730965E+00  2.7454224E+00  2.7051723E-01 -5.5516795E+00 -3.2349225E-01 
      1038     -1.5987849E+01  3.5947908E-01 -1.5977988E-01 -1.1298930E-01  3.9806256E+00 -6.8775150E-02 
      1038 SSD -3.8455888E+02  8.3986705E+00  1.0108715E+00 -2.8631187E-01 -5.3403391E+00  7.1523791E-01 
      1039     -1.6022531E+01  3.5994205E-01 -2.4929559E-01 -8.1636588E-02  2.5751907E+00  2.1942100E-02 
      1039 SSD -3.8505295E+02  8.3458957E+00 -8.3218410E-01 -5.6177809E-01 -4.1471022E+00  9.2505262E-01 
      1040     -1.6091169E+01  3.6096810E-01 -3.0159464E-01 -1.4205656E-01  9.2830763E-01 -2.7190241E-03 
      1040 SSD -3.8513447E+02  8.3005237E+00 -2.4375760E+00 -7.7462446E-01 -1.7743705E+00  1.5202457E+00 
      1041      4.4576731E+01 -8.4264910E-02  3.4887472E-01  9.4773029E-03  7.7651189E-03  7.0299753E+00 
      1041 SSD -3.2073890E+02  2.0364173E-01  9.7018221E+00  1.4485484E-01  2.0056588E+00  1.8476946E+01 
      1042      1.1480814E+02 -8.4270283E-02  2.6076434E-01  8.9038351E-03  8.1081357E-02  7.2106144E+00 
      1042 SSD -7.2219568E+01  3.9065344E-01  8.1833213E+00  1.5126519E-01  3.4079963E+00  3.2450732E+01 
      1043      1.7905378E+02 -8.2960657E-02  1.7298597E-01  8.8727668E-03  1.0194308E-01  5.8173110E+00 
      1043 SSD  2.6311374E+02  5.3243219E-01  6.6613798E+00  1.5169023E-01  4.3104797E+00  3.6382198E+01 
      1044      2.2382612E+02 -8.0521721E-02  8.5543819E-02  8.8410116E-03  7.7632882E-02  3.2605343E+00 
      1044 SSD  5.7996667E+02  6.3171216E-01  5.1419731E+00  1.5189235E-01  4.6202527E+00  2.8605591E+01 
      1045      2.3980090E+02 -7.7436355E-02 -1.7816759E-03  8.8330512E-03 -1.5150944E-02 -2.3320991E-02 
      1045 SSD  7.2197907E+02  7.0584034E-01  3.6259712E+00  1.5192173E-01 -1.1036999E-01 -7.6456421E-02 
      1046      2.2339333E+02 -7.4379917E-02 -8.9162169E-02  8.8458667E-03 -1.0692059E-01 -3.3004515E+00 
      1046 SSD  5.7834416E+02  7.8024003E-01  2.1106104E+00  1.5184528E-01 -4.8144222E+00 -2.8771326E+01 
      1047      1.7833210E+02 -7.2017571E-02 -1.7678889E-01  8.8885442E-03 -1.2763902E-01 -5.8343064E+00 
      1047 SSD  2.6000476E+02  8.8045469E-01  5.9308476E-01  1.5166710E-01 -4.4449124E+00 -3.6514285E+01 
      1048      1.1406925E+02 -7.0783743E-02 -2.6500523E-01  8.9485021E-03 -9.8026637E-02 -7.1963203E+00 
      1048 SSD -7.6381309E+01  1.0244630E+00 -9.2669162E-01  1.5131610E-01 -3.4714513E+00 -3.2529452E+01 
      1049      4.4107339E+01 -7.0808004E-02 -3.5420636E-01  9.4976933E-03 -1.2864709E-02 -6.9906266E+00 
      1049 SSD -3.2513422E+02  1.2148775E+00 -2.4439435E+00  1.4432573E-01 -2.0139547E+00 -1.8447896E+01 
      1050      2.2372195E+02  1.1912798E-02  1.9003894E-03  8.8185599E-03  3.2734973E+00  6.9827675E-02 
      1050 SSD  5.7948265E+02  2.2253513E+00  3.6982194E+00  1.5181073E-01  2.8718902E+01  4.6359556E+00 
      1051      1.7883843E+02  1.0070992E-01  4.9340897E-03  8.7899648E-03  5.8273454E+00  9.5425114E-02 
      1051 SSD  2.6095308E+02  3.7439677E+00  3.7947426E+00  1.5152722E-01  3.6554019E+01  4.1683429E+00 
      1052      1.1454243E+02  1.8856695E-01  6.9613042E-03  8.7599408E-03  7.2126958E+00  8.1939093E-02 
      1052 SSD -7.6165999E+01  5.2633494E+00  3.9324471E+00  1.5082518E-01  3.2603549E+01  2.9561623E+00 
      1053      4.4334192E+01  2.7551094E-01  7.9447319E-03  9.1997691E-03  7.0240341E+00  1.5393722E-02 
      1053 SSD -3.2482039E+02  6.7820932E+00  4.1130050E+00  1.4600624E-01  1.8399376E+01  1.2412370E+00 
      1054      1.6491768E+02  9.6529963E-02  9.2977179E-02  8.8082001E-03  5.4732321E+00  2.5541367E+00 
      1054 SSD  1.4238242E+02  3.7142385E+00  5.2757912E+00  1.5081638E-01  3.1620515E+01  1.7957155E+01 
      1055      1.2954976E+02  9.3153206E-02  1.8229983E-01  8.8148085E-03  4.4824479E+00  4.4696994E+00 
      1055 SSD -6.0094459E+01  3.6622767E+00  6.7216300E+00  1.5223711E-01  2.1955499E+01  2.2099807E+01 
      1056      8.0089139E+01  9.0934675E-02  2.7220082E-01  8.7765048E-03  3.0434666E+00  5.4564257E+00 
      1056 SSD -2.6192386E+02  3.5810247E+00  8.1768648E+00  1.5538007E-01  1.1310530E+01  1.8589300E+01 
      1057      2.7550538E+01  8.9865372E-02  3.6186670E-01  9.7579407E-03  1.4102144E+00  5.1629038E+00 
      1057 SSD -3.8876991E+02  3.4796452E+00  9.6967461E+00  1.6550010E-01  2.5354605E+00  7.6159197E+00 
      1058      1.6504661E+02  5.9242665E-03  1.7786259E-01  8.8340868E-03  2.5666069E+00  5.4597135E+00 
      1058 SSD  1.4281771E+02  2.0783133E+00  6.6839873E+00  1.5282684E-01  1.8102962E+01  3.1670725E+01 
      1059      2.0763703E+02  8.5278110E-03  8.9540640E-02  8.8258608E-03  3.1108699E+00  3.0975154E+00 
      1059 SSD  4.2534091E+02  2.1638722E+00  5.1989437E+00  1.5185422E-01  2.5466546E+01  2.5405310E+01 
      1060      1.0470091E+02  4.5359642E-03  2.6660099E-01  8.8114572E-03  1.7542035E+00  6.7241104E+00 
      1060 SSD -1.4895714E+02  1.9561909E+00  8.1740746E+00  1.5546389E-01  1.0328893E+01  2.7821952E+01 
      1061      3.9510602E+01  4.5180908E-03  3.5517454E-01  9.6378204E-03  7.9912871E-01  6.4795768E+00 
      1061 SSD -3.5323489E+02  1.8034350E+00  9.6974715E+00  1.5955650E-01  3.4286513E+00  1.4175885E+01 
      1062      2.7365912E+01  2.6352134E-01  1.8847468E-01  8.6186882E-03  5.1850837E+00  1.4041093E+00 
      1062 SSD -3.8284712E+02  6.7765080E+00  6.8528826E+00  1.2760843E-01  7.2611237E+00  2.3221619E+00 
      1063      8.0011864E+01  1.7923178E-01  1.8594559E-01  8.8074449E-03  5.4590016E+00  3.0289793E+00 
      1063 SSD -2.5962492E+02  5.2492944E+00  6.7804240E+00  1.4766838E-01  1.8198986E+01  1.1373602E+01 
      1064      3.9266755E+01  2.6966510E-01  9.6575734E-02  8.9688956E-03  6.4870457E+00  7.9437126E-01 
      1064 SSD -3.5105193E+02  6.7816863E+00  5.5267272E+00  1.3371917E-01  1.4024658E+01  2.7404272E+00 
      1065      1.0449225E+02  1.8353091E-01  9.5425746E-02  8.8010787E-03  6.7268813E+00  1.7400138E+00 
      1065 SSD -1.4857858E+02  5.2652595E+00  5.3857615E+00  1.4780741E-01  2.7654991E+01  9.9330398E+00 
      1066     -4.9184870E+00  2.4969900E-01  3.7908335E-01  8.4127892E-03  1.5749374E+00  1.5067451E+00 
      1066 SSD -4.0239240E+02  6.7939600E+00  9.6422930E+00  1.6039288E-01 -2.3415239E+00 -1.3711890E+00 
      1067      1.1268908E+01  2.5711720E-01  2.8172196E-01  8.2358101E-03  3.4130511E+00  1.6888326E+00 
      1067 SSD -4.0361722E+02  6.7779932E+00  8.2038384E+00  1.3827430E-01  9.4105800E-01  7.4718442E-01 
      1068      1.1488963E+01  1.7660549E-01  3.6885815E-01  9.6652775E-03  1.6736319E+00  3.3619783E+00 
      1068 SSD -4.0884804E+02  5.1797759E+00  9.6795225E+00  1.6367596E-01  4.7236164E-01  1.6210685E+00 
      1069      4.6369961E+01  1.7647879E-01  2.7736731E-01  8.7647595E-03  3.6514375E+00  3.6482700E+00 
      1069 SSD -3.6037331E+02  5.2160314E+00  8.1887226E+00  1.5072718E-01  8.0178032E+00  8.5036706E+00 
      1070      3.0654274E+01  1.1503057E-01 -3.3935913E-01  8.6939433E-03  1.4475069E+00 -5.4645387E+00 
      1070 SSD -3.2897356E+02  3.9825383E+00 -2.4630019E+00  1.3419816E-01  1.5589805E+00 -1.2777926E+01 
      1071      8.5366520E+01  1.1387815E-01 -2.5286693E-01  8.8661741E-03  2.9944096E+00 -5.6009832E+00 
      1071 SSD -1.5961011E+02  3.8847290E+00 -9.2617652E-01  1.4913460E-01  1.0765871E+01 -2.0497246E+01 
      1072      1.3472755E+02  1.0994901E-01 -1.6739140E-01  8.7898609E-03  4.4433188E+00 -4.4622119E+00 
      1072 SSD  5.2890921E+01  3.8139180E+00  6.6944364E-01  1.5234620E-01  2.2139259E+01 -2.1881010E+01 
      1073      1.6813519E+02  1.0537201E-01 -8.1916767E-02  8.7689728E-03  5.4624245E+00 -2.4259171E+00 
      1073 SSD  2.2548056E+02  3.7708201E+00  2.2553332E+00  1.5261061E-01  3.2953169E+01 -1.3159724E+01 
      1074      1.0751296E+02  2.0760657E-02 -2.5891356E-01  8.9727506E-03  1.6237398E+00 -6.8000421E+00 
      1074 SSD -7.9654216E+01  2.4909022E+00 -9.3443562E-01  1.4887185E-01  5.6530582E+00 -2.9785012E+01 
      1075      4.1175475E+01  2.1365747E-02 -3.4715632E-01  9.0532910E-03  7.9095554E-01 -6.6516209E+00 
      1075 SSD -3.1529778E+02  2.6564816E+00 -2.4498055E+00  1.3445897E-01  5.2355416E-01 -1.7849071E+01 
      1076      1.6790882E+02  1.8682034E-02 -1.7176084E-01  8.8705366E-03  2.3992903E+00 -5.4786600E+00 
      1076 SSD  2.2646911E+02  2.3687094E+00  6.1955157E-01  1.5120937E-01  1.3092929E+01 -3.2717262E+01 
      1077      2.0955178E+02  1.5527711E-02 -8.5144666E-02  8.8245340E-03  2.9996536E+00 -3.0284363E+00 
      1077 SSD  4.9642559E+02  2.2857674E+00  2.1702999E+00  1.5188796E-01  2.2173539E+01 -2.2213477E+01 
      1078      1.5485979E+01  3.0061060E-01 -2.4851189E-01  8.6529454E-03  3.6810563E+00 -1.7372149E+00 
      1078 SSD -3.6272432E+02  6.7690727E+00 -8.5171895E-01  1.6811554E-01  6.3813962E+00 -1.6141299E+00 
      1079      5.2371847E+01  2.0699089E-01 -2.4802711E-01  8.7430752E-03  3.7454340E+00 -3.7852013E+00 
      1079 SSD -2.7049735E+02  5.2738555E+00 -8.9292831E-01  1.5405684E-01  1.0701717E+01 -9.9162912E+00 
      1080     -2.2110119E+00  3.1438028E-01 -3.2306846E-01  7.0277649E-03  1.6359430E+00 -1.7186782E+00 
      1080 SSD -3.7848144E+02  6.7318125E+00 -2.4748518E+00  1.6658088E-01  1.2922439E+00  1.4788938E-01 
      1081      1.5034626E+01  2.1123744E-01 -3.2769286E-01  7.7317635E-03  1.7151482E+00 -3.7233945E+00 
      1081 SSD -3.5463787E+02  5.2835637E+00 -2.4665426E+00  1.4643962E-01  2.0657582E+00 -5.7214273E+00 
      1082      3.1074151E+01  2.8881756E-01 -1.6371586E-01  9.1967601E-03  5.4716154E+00 -1.4198487E+00 
      1082 SSD -3.3843905E+02  6.7730380E+00  8.6493960E-01  1.6946597E-01  1.2979644E+01 -1.7368870E+00 
      1083      8.5628537E+01  2.0029330E-01 -1.6437019E-01  8.6900720E-03  5.5682776E+00 -3.0096652E+00 
      1083 SSD -1.6441567E+02  5.2595902E+00  7.5404099E-01  1.5636839E-01  2.1185152E+01 -1.0523440E+01 
      1084      4.1452077E+01  2.8188959E-01 -7.9566956E-02  9.3159842E-03  6.6690016E+00 -7.7799298E-01 
      1084 SSD -3.2117895E+02  6.7808103E+00  2.5459102E+00  1.5978874E-01  1.7873356E+01 -1.1454260E+00 
      1085      1.0786664E+02  1.9423936E-01 -7.9987371E-02  8.7043066E-03  6.7955244E+00 -1.6333318E+00 
      1085 SSD -8.3773801E+01  5.2572501E+00  2.3806398E+00  1.5469797E-01  3.0137590E+01 -5.9928881E+00 
      1086      4.4097008E+01 -4.3039265E-01 -1.1557192E-02  9.1659255E-03 -6.9963292E+00 -3.2307006E-02 
      1086 SSD -3.2786523E+02 -5.3820545E+00  3.1256598E+00  1.5080735E-01 -1.8133244E+01 -1.2553612E+00 
      1087      1.1409856E+02 -3.4339093E-01 -1.0678404E-02  8.7714221E-03 -7.1983530E+00 -1.1313361E-01 
      1087 SSD -8.0552338E+01 -3.8596196E+00  3.3121994E+00  1.5231211E-01 -3.2610365E+01 -3.0021737E+00 
      1088      1.7838144E+02 -2.5559093E-01 -8.6079390E-03  8.8020943E-03 -5.8372335E+00 -1.3679337E-01 
      1088 SSD  2.5726714E+02 -2.3364628E+00  3.4540829E+00  1.5173903E-01 -3.6690190E+01 -4.2699227E+00 
      1089      2.2344377E+02 -1.6679429E-01 -5.5018334E-03  8.8214408E-03 -3.2985336E+00 -1.1501124E-01 
      1089 SSD  5.7742180E+02 -8.1495806E-01  3.5530012E+00  1.5211138E-01 -2.8916844E+01 -4.7751468E+00 
      1090      1.0772789E+02 -3.4891756E-01  7.6547834E-02  8.7131195E-03 -6.7945255E+00  1.6024627E+00 
      1090 SSD -8.6892618E+01 -3.8508653E+00  4.8670857E+00  1.5591550E-01 -3.0195626E+01  5.7815326E+00 
      1091      8.5763046E+01 -3.5472450E-01  1.6122804E-01  8.7781598E-03 -5.5778043E+00  2.9846533E+00 
      1091 SSD -1.6544570E+02 -3.8528858E+00  6.5005774E+00  1.5683244E-01 -2.1256714E+01  1.0308527E+01 
      1092      5.2652407E+01 -3.6098262E-01  2.4489010E-01  8.8704615E-03 -3.7542838E+00  3.7814617E+00 
      1092 SSD -2.6919482E+02 -3.8683431E+00  8.1516595E+00  1.5318043E-01 -1.0794093E+01  9.6607797E+00 
      1093      1.5269793E+01 -3.6492075E-01  3.2440330E-01  8.4904900E-03 -1.7237067E+00  3.7365296E+00 
      1093 SSD -3.5108760E+02 -3.8805759E+00  9.7315963E+00  1.4574578E-01 -2.1202829E+00  5.5299023E+00 
      1094      3.1158712E+01 -4.4422221E-01  1.6083824E-01  9.1578417E-03 -5.4708750E+00  1.4080228E+00 
      1094 SSD -3.3929632E+02 -5.3698342E+00  6.3904547E+00  1.7021593E-01 -1.2856553E+01  1.5656327E+00 
      1095      4.1384500E+01 -4.3686575E-01  7.6368705E-02  9.2118510E-03 -6.6560164E+00  7.6147830E-01 
      1095 SSD -3.2343041E+02 -5.3772729E+00  4.6969798E+00  1.6400518E-01 -1.7619009E+01  1.0047815E+00 
      1096      1.5656750E+01 -4.5568261E-01  2.4620665E-01  8.4893706E-03 -3.6947784E+00  1.7325708E+00 
      1096 SSD -3.6173988E+02 -5.3671607E+00  8.1123282E+00  1.6602763E-01 -6.3453653E+00  1.3839199E+00 
      1097     -2.0630572E+00 -4.7114149E-01  3.2295745E-01  6.7257470E-03 -1.6478870E+00  1.7287511E+00 
      1097 SSD -3.7524994E+02 -5.3372275E+00  9.7426277E+00  1.6335109E-01 -1.2990914E+00 -3.8146531E-01 
      1098      1.6837998E+02 -1.7333087E-01  1.6813765E-01  8.8695201E-03 -2.4243757E+00  5.4562892E+00 
      1098 SSD  2.2809977E+02 -9.5641611E-01  6.6351927E+00  1.5123765E-01 -1.3253950E+01  3.2527476E+01 
      1099      1.3499055E+02 -2.6460937E-01  1.6405600E-01  8.7849421E-03 -4.4599175E+00  4.4372544E+00 
      1099 SSD  5.2984721E+01 -2.4035716E+00  6.5850887E+00  1.5267302E-01 -2.2285237E+01  2.1656798E+01 
      1100      2.0970404E+02 -1.7026911E-01  8.1601740E-02  8.8222342E-03 -3.0266109E+00  2.9874910E+00 
      1100 SSD  4.9610032E+02 -8.7434667E-01  5.0819555E+00  1.5215785E-01 -2.2370596E+01  2.2012047E+01 
      1101      1.6807546E+02 -2.6009262E-01  7.8448428E-02  8.7768009E-03 -5.4780120E+00  2.3868921E+00 
      1101 SSD  2.2341297E+02 -2.3614033E+00  4.9953199E+00  1.5288863E-01 -3.3105037E+01  1.2946775E+01 
      1102      4.1569170E+01 -1.7584443E-01  3.4237908E-01  9.0574211E-03 -8.0073391E-01  6.6799627E+00 
      1102 SSD -3.1107434E+02 -1.2415513E+00  9.7128094E+00  1.3379925E-01 -5.4747033E-01  1.7826927E+01 
      1103      1.0807475E+02 -1.7530429E-01  2.5493865E-01  8.9702320E-03 -1.6421537E+00  6.8048160E+00 
      1103 SSD -7.6306499E+01 -1.0776982E+00  8.1919099E+00  1.4842694E-01 -5.7539627E+00  2.9634344E+01 
      1104      3.0963722E+01 -2.7030087E-01  3.3600666E-01  8.6385113E-03 -1.4542853E+00  5.4852395E+00 
      1104 SSD -3.2502385E+02 -2.5709521E+00  9.7236859E+00  1.3455176E-01 -1.5872975E+00  1.2676859E+01 
      1105      8.5765744E+01 -2.6865854E-01  2.4943397E-01  8.8362431E-03 -3.0087187E+00  5.5983215E+00 
      1105 SSD -1.5729337E+02 -2.4736797E+00  8.1839476E+00  1.4953591E-01 -1.0876125E+01  2.0277864E+01 
      1106      1.1148363E+01 -3.3180811E-01 -3.7466147E-01  9.6515736E-03 -1.6597776E+00 -3.3276316E+00 
      1106 SSD -4.1167275E+02 -3.7873718E+00 -2.4261117E+00  1.6690117E-01 -4.1019210E-01 -1.5450517E+00 
      1107      4.5706473E+01 -3.3186130E-01 -2.8254753E-01  8.7920546E-03 -3.6202917E+00 -3.6180087E+00 
      1107 SSD -3.6389651E+02 -3.8225916E+00 -9.3915401E-01  1.5262266E-01 -7.9463802E+00 -8.4414046E+00 
      1108      7.9174726E+01 -3.3446172E-01 -1.9063002E-01  8.8420000E-03 -5.4250336E+00 -3.0262933E+00 
      1108 SSD -2.6369938E+02 -3.8528810E+00  4.6546934E-01  1.4833700E-01 -1.8141640E+01 -1.1317603E+01 
      1109      1.0376654E+02 -3.3853244E-01 -9.9578133E-02  8.8071547E-03 -6.7015986E+00 -1.7667075E+00 
      1109 SSD -1.5305400E+02 -3.8649371E+00  1.8576675E+00  1.4873480E-01 -2.7609396E+01 -9.8970793E+00 
      1110      1.0969716E+01 -4.1345096E-01 -2.8722054E-01  8.2179388E-03 -3.3697774E+00 -1.6739192E+00 
      1110 SSD -4.0594759E+02 -5.3943711E+00 -9.5890699E-01  1.3682214E-01 -7.8133058E-01 -6.9793162E-01 
      1111     -5.0453423E+00 -4.0793696E-01 -3.8554941E-01  8.8144117E-03 -1.5477921E+00 -1.4867324E+00 
      1111 SSD -4.0431487E+02 -5.4119000E+00 -2.3868413E+00  1.5766498E-01  2.4550597E+00  1.4201620E+00 
      1112      2.6955695E+01 -4.1892307E-01 -1.9342839E-01  8.6589194E-03 -5.1315134E+00 -1.3994497E+00 
      1112 SSD -3.8558329E+02 -5.3880517E+00  3.8593678E-01  1.3128862E-01 -7.0627145E+00 -2.2719934E+00 
      1113      3.8887574E+01 -4.2463154E-01 -1.0079391E-01  8.9137498E-03 -6.4407637E+00 -8.0702932E-01 
      1113 SSD -3.5406514E+02 -5.3862318E+00  1.7088363E+00  1.3704765E-01 -1.3788116E+01 -2.7195552E+00 
      1114      1.0383813E+02 -1.6050185E-01 -2.7106485E-01  8.8708445E-03 -1.7624150E+00 -6.6980603E+00 
      1114 SSD -1.5341981E+02 -5.4702269E-01 -9.1842122E-01  1.5496678E-01 -1.0320986E+01 -2.7836234E+01 
      1115      7.9230083E+01 -2.4692631E-01 -2.7703327E-01  8.7652694E-03 -3.0355960E+00 -5.4221322E+00 
      1115 SSD -2.6607770E+02 -2.1807023E+00 -9.2350668E-01  1.5701840E-01 -1.1258941E+01 -1.8550981E+01 
      1116      3.9025236E+01 -1.6116208E-01 -3.6027704E-01  9.6668915E-03 -7.9671122E-01 -6.4297212E+00 
      1116 SSD -3.5735532E+02 -3.9358813E-01 -2.4422988E+00  1.5861149E-01 -3.3649907E+00 -1.4092704E+01 
      1117      2.7104324E+01 -2.4637725E-01 -3.6670413E-01  9.6583526E-03 -1.4049977E+00 -5.1140372E+00 
      1117 SSD -3.9224434E+02 -2.0809605E+00 -2.4405413E+00  1.6906993E-01 -2.4592982E+00 -7.5213220E+00 
      1118      2.0694554E+02 -1.6362734E-01 -9.3310428E-02  8.8371107E-03 -3.1335200E+00 -3.1352899E+00 
      1118 SSD  4.2203178E+02 -7.5438638E-01  2.0526671E+00  1.5199727E-01 -2.5610472E+01 -2.5509953E+01 
      1119      1.6411042E+02 -1.6136872E-01 -1.8190710E-01  8.8623011E-03 -2.5847891E+00 -5.4700533E+00 
      1119 SSD  1.3869642E+02 -6.6936567E-01  5.6954349E-01  1.5268851E-01 -1.8169331E+01 -3.1727989E+01 
      1120      1.6409108E+02 -2.5165087E-01 -9.6960223E-02  8.8251000E-03 -5.4771228E+00 -2.5881648E+00 
      1120 SSD  1.3801059E+02 -2.3090427E+00  1.9728668E+00  1.5100290E-01 -3.1692142E+01 -1.7988213E+01 
      1121      1.2853639E+02 -2.4863797E-01 -1.8669075E-01  8.8283293E-03 -4.4804796E+00 -4.4727980E+00 
      1121 SSD -6.4525458E+01 -2.2596044E+00  5.2908549E-01  1.5241246E-01 -2.1950883E+01 -2.2078192E+01 

