      NODE            V1             V2             V3             VR1            VR2            VR3
      1001     -2.0697761E+01 -6.5910613E-01  5.9147672E-01  9.1542385E-02  2.6257211E-01 -2.6072679E-01 
      1001 SSD -4.2745212E+02 -8.1451451E+00  1.2604347E+01 -2.2418469E-01  3.2338421E-01 -7.6895547E-01 
      1002     -2.0634430E+01 -6.4411426E-01  5.7957993E-01  3.0210291E-01  1.0691417E-02  8.6808328E-01 
      1002 SSD -4.2756972E+02 -6.7626609E+00  1.2442022E+01  5.7261584E-01  1.5759240E+00  2.5879215E+00 
      1003     -2.0565794E+01 -4.6031606E-01  5.9379354E-01  1.0611886E-01  1.1002040E-02  2.5635995E+00 
      1003 SSD -4.2767608E+02 -4.8909288E+00  1.2396982E+01  9.3157194E-01  9.1168878E-01  5.3265912E+00 
      1004     -2.0548246E+01 -3.5629201E-01  5.9203735E-01  7.3713713E-02 -6.6494538E-02  4.0982299E+00 
      1004 SSD -4.2754878E+02 -3.4803340E+00  1.2359895E+01  1.2563301E+00  6.7220772E-01  8.1724143E+00 
      1005     -2.0527347E+01 -2.3297729E-01  5.9473922E-01  9.6995141E-03 -1.0102010E-01  5.1323145E+00 
      1005 SSD -4.2753636E+02 -1.9730833E+00  1.2378234E+01  1.1041179E+00 -3.5604691E-01  9.8482972E+00 
      1006     -2.0527307E+01 -1.1548283E-01  5.9699027E-01 -5.2602137E-02 -1.2107284E-01  5.4278542E+00 
      1006 SSD -4.2756311E+02 -2.8005001E-01  1.2455526E+01  5.4721060E-01 -8.4118496E-01  9.2970897E+00 
      1007     -2.0550015E+01 -2.9799047E-04  5.9865790E-01 -9.6308652E-02 -1.0695587E-01  4.9471492E+00 
      1007 SSD -4.2792892E+02  1.6127176E+00  1.2520271E+01 -1.6318066E-01 -8.9394879E-01  6.4646744E+00 
      1008     -2.0600509E+01  1.0665910E-01  5.9784410E-01 -1.2591239E-01 -6.4552290E-02  3.8000015E+00 
      1008 SSD -4.2841506E+02  3.5478294E+00  1.2537473E+01 -5.8384002E-01 -9.3972414E-01  3.1004755E+00 
      1009     -2.0645138E+01  2.3337252E-01  6.0259171E-01 -8.4468839E-02 -4.5433591E-02  2.2771060E+00 
      1009 SSD -4.2899812E+02  5.5976332E+00  1.2501537E+01 -6.4747915E-01 -4.9088921E-01  7.9804305E-01 
      1010     -2.0742549E+01  3.1337468E-01  6.0014132E-01 -1.1694357E-01  1.1910738E-01  7.3224965E-01 
      1010 SSD -4.2905330E+02  7.4197556E+00  1.2456403E+01 -9.0397798E-01 -3.0178327E-01 -6.7289135E-02 
      1011     -2.0765652E+01  4.3998135E-01  6.1157825E-01  1.3493856E-01 -3.7743196E-02 -1.2827347E-01 
      1011 SSD -4.2952697E+02  9.2371904E+00  1.2325545E+01 -2.0790942E-01  2.7111424E-02  4.0955574E-01 
      1012     -2.0831117E+01  4.4545961E-01 -5.4116623E-01  9.7379597E-02 -2.6934481E-01  2.4261959E-01 
      1012 SSD -4.3226335E+02  9.0340439E+00 -5.3723610E+00 -9.9790445E-02 -2.9599352E-01  7.3471927E-01 
      1013     -2.0751058E+01  4.3245668E-01 -5.2818718E-01  2.6036924E-01 -9.2284236E-03 -8.5131158E-01 
      1013 SSD -4.3200364E+02  7.6344260E+00 -5.2063100E+00  5.4586197E-01 -1.5452986E+00 -2.5202648E+00 
      1014     -2.0668043E+01  2.6221947E-01 -5.3875848E-01  1.1801196E-01 -1.0403554E-02 -2.5323187E+00 
      1014 SSD -4.3173833E+02  5.8006616E+00 -5.1576179E+00  9.1287507E-01 -8.7199024E-01 -5.1252570E+00 
      1015     -2.0636425E+01  1.4793048E-01 -5.3682462E-01  7.1650168E-02  6.7653560E-02 -4.0545199E+00 
      1015 SSD -4.3125445E+02  4.3812755E+00 -5.1222020E+00  1.2949684E+00 -6.3172532E-01 -7.9013873E+00 
      1016     -2.0600200E+01  2.8214064E-02 -5.3847962E-01  9.7007722E-03  1.0212206E-01 -5.0737362E+00 
      1016 SSD -4.3087819E+02  2.8706336E+00 -5.1475222E+00  1.0617664E+00  3.8410674E-01 -9.4916272E+00 
      1017     -2.0584826E+01 -8.9427542E-02 -5.4029976E-01 -4.6979403E-02  1.2442999E-01 -5.3626909E+00 
      1017 SSD -4.3053502E+02  1.2061333E+00 -5.2263290E+00  5.0668164E-01  8.9194028E-01 -8.8732920E+00 
      1018     -2.0593919E+01 -2.1001377E-01 -5.4255206E-01 -8.7544496E-02  1.0805730E-01 -4.8886579E+00 
      1018 SSD -4.3055607E+02 -7.1292619E-01 -5.2928992E+00 -1.0427934E-01  9.3832471E-01 -6.1233648E+00 
      1019     -2.0631033E+01 -3.1826325E-01 -5.4254578E-01 -1.3338720E-01  6.2048922E-02 -3.7448512E+00 
      1019 SSD -4.3070146E+02 -2.6795387E+00 -5.3148360E+00 -6.2961595E-01  9.6593526E-01 -2.8358936E+00 
      1020     -2.0657988E+01 -4.3612671E-01 -5.4616583E-01 -9.3459960E-02  4.9595215E-02 -2.2302806E+00 
      1020 SSD -4.3091731E+02 -4.6930176E+00 -5.2708087E+00 -7.1902599E-01  5.3557738E-01 -5.8214290E-01 
      1021     -2.0740623E+01 -5.2736157E-01 -5.4316942E-01 -9.4463904E-02 -1.1495976E-01 -7.2531063E-01 
      1021 SSD -4.3060404E+02 -6.5404214E+00 -5.2147528E+00 -8.1714719E-01  3.4585108E-01  1.0350050E-01 
      1022     -2.0748533E+01 -6.4593077E-01 -5.5172318E-01  1.0245152E-01  2.2257112E-02  1.3910029E-01 
      1022 SSD -4.3071234E+02 -8.3812618E+00 -5.0825886E+00 -2.3164011E-01 -1.6217387E-03 -4.8060428E-01 
      1023     -2.0687026E+01 -6.5515421E-01 -4.7388279E-01  1.6706059E-01 -6.5060607E-01 -5.8759022E-02 
      1023 SSD -4.3044138E+02 -8.3119345E+00 -3.3664198E+00  2.5333211E-03 -5.4563280E-01 -2.4438362E-01 
      1024     -2.0630219E+01 -6.6125314E-01 -3.3619889E-01  1.3207081E-01 -2.1505963E+00  1.5738124E-02 
      1024 SSD -4.2996084E+02 -8.2843791E+00 -1.7562535E+00  1.0463124E+00 -2.0851706E+00  5.5438737E-01 
      1025     -2.0583196E+01 -6.6441999E-01 -2.1921201E-01  9.0275336E-02 -3.7027695E+00  6.2382679E-02 
      1025 SSD -4.2936462E+02 -8.2707928E+00 -2.2040602E-01  1.3614887E+00 -4.5016610E+00  1.0033141E+00 
      1026     -2.0541857E+01 -6.6599211E-01 -1.0109139E-01  3.2665458E-02 -4.8505828E+00  1.0733390E-01 
      1026 SSD -4.2870229E+02 -8.3081011E+00  1.2666429E+00  1.3175579E+00 -6.9687270E+00  1.1480352E+00 
      1027     -2.0525167E+01 -6.6734217E-01  1.2105732E-02 -2.4990793E-02 -5.3424542E+00  1.1910132E-01 
      1027 SSD -4.2821326E+02 -8.3798707E+00  2.8645928E+00  8.2631541E-01 -8.4994965E+00  1.0212831E+00 
      1028     -2.0523494E+01 -6.6916796E-01  1.2671160E-01 -6.8236548E-02 -5.0857910E+00  8.9992355E-02 
      1028 SSD -4.2796481E+02 -8.4376987E+00  4.6947569E+00  9.3126531E-02 -7.9101086E+00  4.3316608E-01 
      1029     -2.0546684E+01 -6.7003568E-01  2.3572009E-01 -1.1547909E-01 -4.1079942E+00  6.0789551E-02 
      1029 SSD -4.2783921E+02 -8.4550467E+00  6.6745247E+00 -5.9837946E-01 -5.4608195E+00 -5.1845494E-01 
      1030     -2.0576084E+01 -6.7022949E-01  3.5287006E-01 -8.9657033E-02 -2.6652731E+00 -2.5461194E-02 
      1030 SSD -4.2787661E+02 -8.3970350E+00  8.7607581E+00 -8.1333748E-01 -2.7771470E+00 -1.0158013E+00 
      1031     -2.0647654E+01 -6.6916219E-01  4.3612385E-01 -1.5335263E-01 -9.6209155E-01 -3.7616674E-04 
      1031 SSD -4.2755761E+02 -8.3469379E+00  1.0539603E+01 -1.1492519E+00 -7.2164978E-01 -1.6271649E+00 
      1032     -2.0716299E+01  4.4753529E-01  5.2751935E-01  1.6522233E-01  6.5946291E-01  5.9037218E-02 
      1032 SSD -4.2984597E+02  9.1881583E+00  1.0622926E+01  1.8563632E-02  6.8061504E-01  1.9583527E-01 
      1033     -2.0668116E+01  4.5303827E-01  3.9238962E-01  1.3523459E-01  2.1789692E+00 -1.7997810E-02 
      1033 SSD -4.2996354E+02  9.1571579E+00  8.9838173E+00  1.0472608E+00  2.4119295E+00 -6.0633221E-01 
      1034     -2.0632136E+01  4.5586196E-01  2.7591982E-01  8.9777951E-02  3.7481192E+00 -6.3296828E-02 
      1034 SSD -4.2996895E+02  9.1414400E+00  7.4427589E+00  1.3467394E+00  5.0357479E+00 -1.0414525E+00 
      1035     -2.0602350E+01  4.5740343E-01  1.5882381E-01  3.1064290E-02  4.8971035E+00 -1.1113357E-01 
      1035 SSD -4.2991457E+02  9.1748671E+00  5.9503120E+00  1.2949814E+00  7.6451861E+00 -1.2129984E+00 
      1036     -2.0596699E+01  4.5901167E-01  4.6630842E-02 -2.7018509E-02  5.3787495E+00 -1.1750197E-01 
      1036 SSD -4.3001189E+02  9.2493945E+00  4.3639058E+00  8.0696445E-01  9.2697655E+00 -1.0460766E+00 
      1037     -2.0608127E+01  4.6065614E-01 -6.7574481E-02 -7.0262486E-02  5.1038235E+00 -9.4214603E-02 
      1037 SSD -4.3041220E+02  9.3036221E+00  2.5316788E+00  6.0585983E-02  8.6060371E+00 -5.7077577E-01 
      1038     -2.0647014E+01  4.6138529E-01 -1.7584935E-01 -1.1769652E-01  4.1046310E+00 -6.7279898E-02 
      1038 SSD -4.3089027E+02  9.3311360E+00  5.7758669E-01 -6.1227779E-01  6.0619229E+00  5.2065651E-01 
      1039     -2.0688088E+01  4.6133946E-01 -2.9370569E-01 -8.8118789E-02  2.6557905E+00  2.9180356E-02 
      1039 SSD -4.3148352E+02  9.2802722E+00 -1.5074559E+00 -7.9611367E-01  3.2440124E+00  9.8667976E-01 
      1040     -2.0761746E+01  4.6191148E-01 -3.6985661E-01 -1.5459649E-01  9.5819349E-01  7.1330927E-03 
      1040 SSD -4.3176578E+02  9.2378182E+00 -3.2497871E+00 -1.1839280E+00  8.9818127E-01  1.5056374E+00 
      1041      4.2770420E+01 -1.1368470E-01  4.8192062E-01  1.1990604E-02  2.1812957E-02  7.4366429E+00 
      1041 SSD -1.9421214E+02 -6.7601305E-02  1.0651982E+01  1.7063000E-01  1.9868184E+00  3.8520895E+01 
      1042      1.1740106E+02 -1.1248870E-01  3.6830169E-01  1.1451251E-02  1.0184907E-01  7.6964411E+00 
      1042 SSD  2.5419864E+02  1.1827433E-01  8.8939611E+00  1.7546777E-01  3.5565829E+00  5.2934019E+01 
      1043      1.8607485E+02 -1.1020261E-01  2.5500460E-01  1.1423516E-02  1.1964279E-01  6.2310856E+00 
      1043 SSD  7.7163375E+02  2.6302244E-01  7.1334704E+00  1.7580895E-01  4.4977574E+00  5.2820721E+01 
      1044      2.3403271E+02 -1.0701132E-01  1.4209375E-01  1.1391906E-02  8.6875313E-02  3.4941973E+00 
      1044 SSD  1.2145892E+03  3.6881666E-01  5.3764034E+00  1.7592455E-01  4.7475397E+00  3.7733023E+01 
      1045      2.5113125E+02 -1.0330131E-01  2.9331496E-02  1.1384073E-02 -1.7502022E-02 -2.8554797E-02 
      1045 SSD  1.4012973E+03  4.5151366E-01  3.6229654E+00  1.7593497E-01 -1.5463833E-01 -1.4755110E-01 
      1046      2.3350166E+02 -9.9609461E-02 -8.3488397E-02  1.1397217E-02 -1.2059125E-01 -3.5434244E+00 
      1046 SSD  1.2116513E+03  5.3441723E-01  1.8699916E+00  1.7589552E-01 -5.0274280E+00 -3.8019857E+01 
      1047      1.8518178E+02 -9.6462057E-02 -1.9659288E-01  1.1440858E-02 -1.4901601E-01 -6.2534445E+00 
      1047 SSD  7.6632786E+02  6.4097245E-01  1.1421812E-01  1.7583709E-01 -4.7075522E+00 -5.3005554E+01 
      1048      1.1646695E+02 -9.4193095E-02 -3.1035655E-01  1.1500910E-02 -1.2119283E-01 -7.6815131E+00 
      1048 SSD  2.4777536E+02  7.8777656E-01 -1.6454439E+00  1.7565653E-01 -3.6698266E+00 -5.2970753E+01 
      1049      4.2146425E+01 -9.2933045E-02 -4.2514408E-01  1.2012647E-02 -2.7799676E-02 -7.3897074E+00 
      1049 SSD -2.0005842E+02  9.7703062E-01 -3.4054318E+00  1.7020475E-01 -2.0100376E+00 -3.8372276E+01 
      1050      2.3389770E+02  1.1611306E-02  3.3626768E-02  1.1368043E-02  3.5104629E+00  7.6214122E-02 
      1050 SSD  1.2138258E+03  2.2139094E+00  3.7051931E+00  1.7578642E-01  3.7876258E+01  4.7374914E+00 
      1051      1.8579842E+02  1.2594021E-01  3.7405559E-02  1.1335727E-02  6.2436337E+00  1.0947424E-01 
      1051 SSD  7.6897554E+02  3.9738842E+00  3.8096765E+00  1.7542960E-01  5.3009613E+01  4.3368336E+00 
      1052      1.1705796E+02  2.3927851E-01  4.0405548E-02  1.1297846E-02  7.6991940E+00  9.7446969E-02 
      1052 SSD  2.4971723E+02  5.7319716E+00  3.9521973E+00  1.7465599E-01  5.3084097E+01  3.1126560E+00 
      1053      4.2459329E+01  3.5161595E-01  4.2579713E-02  1.1705706E-02  7.4287526E+00  2.2519688E-02 
      1053 SSD -1.9877780E+02  7.4868896E+00  4.1343054E+00  1.7113911E-01  3.8437940E+01  1.2558972E+00 
      1054      1.7082726E+02  1.2137855E-01  1.5068413E-01  1.1350273E-02  5.8638468E+00  2.7394408E+00 
      1054 SSD  6.1191777E+02  3.9322035E+00  5.5305823E+00  1.7477512E-01  4.7101528E+01  2.5105076E+01 
      1055      1.3296374E+02  1.1750917E-01  2.6505534E-01  1.1367674E-02  4.7928835E+00  4.7796740E+00 
      1055 SSD  3.0959880E+02  3.8707807E+00  7.2199882E+00  1.7620039E-01  3.4661963E+01  3.4776650E+01 
      1056      8.0226014E+01  1.1464246E-01  3.8010595E-01  1.1350688E-02  3.2385309E+00  5.8053421E+00 
      1056 SSD -3.3006528E+01  3.7835146E+00  8.9201420E+00  1.7920973E-01  1.9958253E+01  3.4164015E+01 
      1057      2.4651559E+01  1.1281951E-01  4.9536250E-01  1.2434633E-02  1.4838621E+00  5.4316279E+00 
      1057 SSD -3.1016709E+02  3.6793701E+00  1.0683736E+01  1.9211478E-01  6.5523798E+00  2.2423542E+01 
      1058      1.7097975E+02  4.3750595E-03  2.6021963E-01  1.1390725E-02  2.7554915E+00  5.8491126E+00 
      1058 SSD  6.1264490E+02  2.0502557E+00  7.1698800E+00  1.7683221E-01  2.5279193E+01  4.7121127E+01 
      1059      2.1663010E+02  7.6665615E-03  1.4661914E-01  1.1375814E-02  3.3400955E+00  3.3236952E+00 
      1059 SSD  1.0151726E+03  2.1429203E+00  5.4444017E+00  1.7584837E-01  3.4156416E+01  3.4063069E+01 
      1060      1.0649214E+02  2.0935794E-03  3.7430382E-01  1.1383552E-02  1.8794328E+00  7.1729130E+00 
      1060 SSD  1.4953153E+02  1.9246738E+00  8.9014487E+00  1.7937881E-01  1.5236764E+01  4.6962726E+01 
      1061      3.7311895E+01  1.0056074E-03  4.8844045E-01  1.2250536E-02  8.5053992E-01  6.8416734E+00 
      1061 SSD -2.4073698E+02  1.7723673E+00  1.0665569E+01  1.8575070E-01  5.6677766E+00  3.2704755E+01 
      1062      2.4501547E+01  3.3907068E-01  2.7229932E-01  1.0981509E-02  5.4523535E+00  1.4750817E+00 
      1062 SSD -3.0476932E+02  7.4470119E+00  7.3686117E+00  1.5106248E-01  2.2142609E+01  6.3305078E+00 
      1063      8.0159554E+01  2.2946949E-01  2.6920975E-01  1.1326814E-02  5.8047480E+00  3.2228831E+00 
      1063 SSD -3.0881603E+01  5.6911666E+00  7.2889985E+00  1.7164713E-01  3.3779158E+01  1.9987333E+01 
      1064      3.7061117E+01  3.4548853E-01  1.5605819E-01  1.1391233E-02  6.8480012E+00  8.3882059E-01 
      1064 SSD -2.3915215E+02  7.4697066E+00  5.7905739E+00  1.5824232E-01  3.2586442E+01  4.9793101E+00 
      1065      1.0625985E+02  2.3403456E-01  1.5394172E-01  1.1321082E-02  7.1741304E+00  1.8597055E+00 
      1065 SSD  1.4945384E+02  5.7193365E+00  5.6469506E+00  1.7177635E-01  4.6800038E+01  1.4811078E+01 
      1066     -9.2443421E+00  3.2483905E-01  5.1286122E-01  1.1013714E-02  1.6235088E+00  1.5595263E+00 
      1066 SSD -4.1688262E+02  7.4245163E+00  1.0678720E+01  1.8319684E-01  2.1976670E+00  2.9623013E+00 
      1067      7.6060157E+00  3.3242296E-01  3.9016764E-01  1.0661732E-02  3.5633531E+00  1.7640937E+00 
      1067 SSD -3.7161004E+02  7.4300487E+00  8.9743740E+00  1.6054030E-01  1.0763574E+01  5.5923538E+00 
      1068      7.7966255E+00  2.2644548E-01  5.0249112E-01  1.2334614E-02  1.7458118E+00  3.5146833E+00 
      1068 SSD -3.7616809E+02  5.6145659E+00  1.0686533E+01  1.9005162E-01  5.2715823E+00  1.1286949E+01 
      1069      4.4472954E+01  2.2643023E-01  3.8553298E-01  1.1305210E-02  3.8586581E+00  3.8593258E+00 
      1069 SSD -2.2764363E+02  5.6502382E+00  8.9467447E+00  1.7454703E-01  1.8466680E+01  1.8944884E+01 
      1070      2.8241312E+01  1.4245956E-01 -4.0973170E-01  1.1122295E-02  1.5096269E+00 -5.7741482E+00 
      1070 SSD -2.4261494E+02  4.2529120E+00 -3.3815954E+00  1.5782379E-01  5.6884064E+00 -2.8316842E+01 
      1071      8.6258280E+01  1.4062483E-01 -2.9771362E-01  1.1399959E-02  3.1710810E+00 -5.9555734E+00 
      1071 SSD  8.2271823E+01  4.1521684E+00 -1.6102408E+00  1.7325019E-01  1.9274656E+01 -3.6415378E+01 
      1072      1.3881567E+02  1.3604219E-01 -1.8630893E-01  1.1342307E-02  4.7370805E+00 -4.7584384E+00 
      1072 SSD  4.3492796E+02  4.0702871E+00  2.1679662E-01  1.7622764E-01  3.4725997E+01 -3.4543039E+01 
      1073      1.7443389E+02  1.3098369E-01 -7.5011354E-02  1.1320978E-02  5.8437099E+00 -2.5871002E+00 
      1073 SSD  7.0244392E+02  4.0141298E+00  2.0342698E+00  1.7643866E-01  4.8380187E+01 -2.0077070E+01 
      1074      1.0966543E+02  2.2612705E-02 -3.0406593E-01  1.1510241E-02  1.7106999E+00 -7.2517419E+00 
      1074 SSD  2.2530710E+02  2.5036904E+00 -1.6356884E+00  1.7329981E-01  1.0297246E+01 -4.9088090E+01 
      1075      3.9198324E+01  2.4312279E-02 -4.1780896E-01  1.1492729E-02  8.1707764E-01 -7.0350094E+00 
      1075 SSD -1.9887060E+02  2.6699155E+00 -3.3910065E+00  1.5913463E-01  2.7911187E+00 -3.6773837E+01 
      1076      1.7416500E+02  1.9632786E-02 -1.9119119E-01  1.1418939E-02  2.5543368E+00 -5.8623350E+00 
      1076 SSD  7.0260904E+02  2.3761706E+00  1.5484368E-01  1.7533049E-01  1.9919868E+01 -4.8212206E+01 
      1077      2.1873298E+02  1.5788657E-02 -7.8925595E-02  1.1374881E-02  3.2094231E+00 -3.2443083E+00 
      1077 SSD  1.0902728E+03  2.2845168E+00  1.9406927E+00  1.7587729E-01  3.0635959E+01 -3.0771897E+01 
      1078      1.2301470E+01  3.7782627E-01 -2.9284502E-01  1.1302823E-02  3.8808497E+00 -1.8177530E+00 
      1078 SSD -3.1928650E+02  7.5454593E+00 -1.5242596E+00  1.9158551E-01  1.6841391E+01 -6.5787214E+00 
      1079      5.1306704E+01  2.5859480E-01 -2.9248469E-01  1.1304621E-02  3.9653341E+00 -4.0038245E+00 
      1079 SSD -1.2231235E+02  5.7957888E+00 -1.5635892E+00  1.7775776E-01  2.1338007E+01 -2.0698878E+01 
      1080     -6.2334328E+00  3.9199362E-01 -3.9280136E-01  9.6197656E-03  1.7152599E+00 -1.7924540E+00 
      1080 SSD -3.8559545E+02  7.5478400E+00 -3.3465905E+00  1.8528775E-01  5.9301856E+00 -4.7678299E+00 
      1081      1.1873583E+01  2.6310157E-01 -3.9752255E-01  1.0209082E-02  1.7960450E+00 -3.9205311E+00 
      1081 SSD -3.1275532E+02  5.8180624E+00 -3.3517887E+00  1.6723402E-01  6.9486386E+00 -1.6317704E+01 
      1082      2.8643119E+01  3.6545834E-01 -1.8114621E-01  1.1878804E-02  5.7847073E+00 -1.4835030E+00 
      1082 SSD -2.5050139E+02  7.5158511E+00  4.2136756E-01  1.9446234E-01  2.8541244E+01 -5.7923046E+00 
      1083      8.6525891E+01  2.5147795E-01 -1.8259145E-01  1.1265972E-02  5.9242339E+00 -3.1884664E+00 
      1083 SSD  7.8463346E+01  5.7621294E+00  3.0931602E-01  1.7993223E-01  3.6982850E+01 -1.9095873E+01 
      1084      3.9495935E+01  3.5830118E-01 -7.0645181E-02  1.1916190E-02  7.0563864E+00 -8.1047292E-01 
      1084 SSD -2.0357518E+02  7.5039116E+00  2.3293701E+00  1.8516610E-01  3.6860971E+01 -3.3714506E+00 
      1085      1.1006673E+02  2.4515826E-01 -7.2177049E-02  1.1265973E-02  7.2487254E+00 -1.7267771E+00 
      1085 SSD  2.2256831E+02  5.7423208E+00  2.1641112E+00  1.7832806E-01  4.9412035E+01 -1.0670422E+01 
      1086      4.2180958E+01 -5.5840650E-01  1.5952726E-02  1.1697198E-02 -7.3958392E+00 -4.1973079E-02 
      1086 SSD -2.0251128E+02 -6.5956651E+00  3.0983885E+00  1.7578655E-01 -3.8090423E+01 -1.3208554E+00 
      1087      1.1653881E+02 -4.4595644E-01  1.8052759E-02  1.1319579E-02 -7.6832630E+00 -1.3415047E-01 
      1087 SSD  2.4403605E+02 -4.8368332E+00  3.2860842E+00  1.7615869E-01 -5.3048792E+01 -3.2532782E+00 
      1088      1.8526804E+02 -3.3261865E-01  2.1123059E-02  1.1350226E-02 -6.2553095E+00 -1.5905600E-01 
      1088 SSD  7.6395276E+02 -3.0750849E+00  3.4328518E+00  1.7567337E-01 -5.3174219E+01 -4.5636468E+00 
      1089      2.3357556E+02 -2.1824254E-01  2.4991986E-02  1.1373482E-02 -3.5394353E+00 -1.3127228E-01 
      1089 SSD  1.2109504E+03 -1.3121974E+00  3.5399124E+00  1.7609233E-01 -3.8147454E+01 -5.0142604E+00 
      1090      1.0991088E+02 -4.5165521E-01  1.3090232E-01  1.1283369E-02 -7.2490923E+00  1.6897136E+00 
      1090 SSD  2.1906850E+02 -4.8441171E+00  5.0778451E+00  1.7955064E-01 -4.9467587E+01  1.0368083E+01 
      1091      8.6699670E+01 -4.5769283E-01  2.4163873E-01  1.1364592E-02 -5.9373384E+00  3.1583607E+00 
      1091 SSD  7.7862842E+01 -4.8628121E+00  6.9401359E+00  1.8063984E-01 -3.7084236E+01  1.8806615E+01 
      1092      5.1665270E+01 -4.6433023E-01  3.5154554E-01  1.1434882E-02 -3.9783499E+00  3.9976275E+00 
      1092 SSD -1.2014804E+02 -4.8962681E+00  8.8170936E+00  1.7724667E-01 -2.1458920E+01  2.0432778E+01 
      1093      1.2196213E+01 -4.6850490E-01  4.5647779E-01  1.1015421E-02 -1.8077526E+00  3.9345709E+00 
      1093 SSD -3.0848340E+02 -4.9199950E+00  1.0611155E+01  1.6868074E-01 -7.0304236E+00  1.6166019E+01 
      1094      2.8746993E+01 -5.7277108E-01  2.4045950E-01  1.1848246E-02 -5.7843817E+00  1.4688134E+00 
      1094 SSD -2.5109081E+02 -6.6229293E+00  6.8294503E+00  1.9510398E-01 -2.8417667E+01  5.5857354E+00 
      1095      3.9416741E+01 -5.6515850E-01  1.2958413E-01  1.1834568E-02 -7.0409360E+00  7.9076700E-01 
      1095 SSD -2.0601004E+02 -6.6094981E+00  4.9084523E+00  1.8902713E-01 -3.6570525E+01  3.1819547E+00 
      1096      1.2517455E+01 -5.8479706E-01  3.5279519E-01  1.1112451E-02 -3.8971361E+00  1.8108254E+00 
      1096 SSD -3.1777898E+02 -6.6527910E+00  8.7818660E+00  1.8901850E-01 -1.6846486E+01  6.3355628E+00 
      1097     -6.0240397E+00 -6.0086292E-01  4.5517061E-01  9.2805749E-03 -1.7296316E+00  1.8016319E+00 
      1097 SSD -3.8191278E+02 -6.6671025E+00  1.0617590E+01  1.8129692E-01 -5.9728860E+00  4.5642315E+00 
      1098      1.7476462E+02 -2.2596564E-01  2.4977173E-01  1.1418332E-02 -2.5843447E+00  5.8338984E+00 
      1098 SSD  7.0569495E+02 -1.4717983E+00  7.0935685E+00  1.7535197E-01 -2.0155795E+01  4.7954215E+01 
      1099      1.3915904E+02 -3.4243511E-01  2.4517175E-01  1.1339853E-02 -4.7584181E+00  4.7275031E+00 
      1099 SSD  4.3584855E+02 -3.1679165E+00  7.0321382E+00  1.7653702E-01 -3.4922942E+01  3.4243675E+01 
      1100      2.1893680E+02 -2.2225429E-01  1.3759506E-01  1.1374384E-02 -3.2411824E+00  3.1940426E+00 
      1100 SSD  1.0904371E+03 -1.3813542E+00  5.3055522E+00  1.7613542E-01 -3.0912721E+01  3.0446902E+01 
      1101      1.7438287E+02 -3.3747008E-01  1.3373731E-01  1.1331191E-02 -5.8630124E+00  2.5397716E+00 
      1101 SSD  7.0023482E+02 -3.1129456E+00  5.2105531E+00  1.7673472E-01 -4.8578901E+01  1.9747343E+01 
      1102      3.9731811E+01 -2.3035027E-01  4.7519423E-01  1.1496012E-02 -8.2917611E-01  7.0691007E+00 
      1102 SSD -1.9342279E+02 -1.7622246E+00  1.0644131E+01  1.5847727E-01 -2.8449316E+00  3.6838399E+01 
      1103      1.1039063E+02 -2.2878389E-01  3.6227440E-01  1.1504916E-02 -1.7331953E+00  7.2557248E+00 
      1103 SSD  2.3038875E+02 -1.5980036E+00  8.8857408E+00  1.7284576E-01 -1.0453836E+01  4.8951492E+01 
      1104      2.8666289E+01 -3.4941976E-01  4.6860773E-01  1.1070126E-02 -1.5192648E+00  5.7982622E+00 
      1104 SSD -2.3770426E+02 -3.3507816E+00  1.0636529E+01  1.5802141E-01 -5.7391188E+00  2.8278795E+01 
      1105      8.6778452E+01 -3.4710702E-01  3.5647697E-01  1.1372760E-02 -3.1900210E+00  5.9509206E+00 
      1105 SSD  8.5824102E+01 -3.2493156E+00  8.8620588E+00  1.7356433E-01 -1.9429642E+01  3.6188454E+01 
      1106      7.3650347E+00 -4.3352616E-01 -4.4619714E-01  1.2354949E-02 -1.7275325E+00 -3.4751311E+00 
      1106 SSD -3.8002556E+02 -4.7315125E+00 -3.4456819E+00  1.9326299E-01 -5.1655034E+00 -1.1108379E+01 
      1107      4.3676480E+01 -4.3373247E-01 -3.2854787E-01  1.1353671E-02 -3.8208740E+00 -3.8261762E+00 
      1107 SSD -2.3315452E+02 -4.7667355E+00 -1.7077228E+00  1.7652248E-01 -1.8300296E+01 -1.8794401E+01 
      1108      7.9176958E+01 -4.3661223E-01 -2.1170998E-01  1.1370753E-02 -5.7643550E+00 -3.2208699E+00 
      1108 SSD -3.7444739E+01 -4.8043449E+00 -5.2103617E-02  1.7241298E-01 -3.3618823E+01 -1.9924757E+01 
      1109      1.0541150E+02 -4.4092154E-01 -9.5912748E-02  1.1334832E-02 -7.1444516E+00 -1.8904819E+00 
      1109 SSD  1.4283225E+02 -4.8280517E+00  1.5890059E+00  1.7271691E-01 -4.6678633E+01 -1.4855409E+01 
      1110      7.2459231E+00 -5.4090152E-01 -3.3352382E-01  1.0639785E-02 -3.5119772E+00 -1.7477253E+00 
      1110 SSD -3.7482980E+02 -6.5591173E+00 -1.7407715E+00  1.5906260E-01 -1.0474367E+01 -5.4996537E+00 
      1111     -9.4126715E+00 -5.3537955E-01 -4.5722184E-01  1.1428235E-02 -1.5905754E+00 -1.5372724E+00 
      1111 SSD -4.1918700E+02 -6.5607496E+00 -3.4377392E+00  1.8164135E-01 -2.0024002E+00 -2.8543835E+00 
      1112      2.4021492E+01 -5.4650763E-01 -2.1510748E-01  1.1051267E-02 -5.3898753E+00 -1.4702653E+00 
      1112 SSD -3.0871564E+02 -6.5686202E+00 -1.3936657E-01  1.5487736E-01 -2.1785059E+01 -6.2673990E+00 
      1113      3.6619462E+01 -5.5240523E-01 -9.8132378E-02  1.1353689E-02 -6.7939743E+00 -8.5312986E-01 
      1113 SSD -2.4327967E+02 -6.5832098E+00  1.4375193E+00  1.6138840E-01 -3.2212826E+01 -4.9958531E+00 
      1114      1.0542427E+02 -2.0979766E-01 -3.1657477E-01  1.1446972E-02 -1.8871965E+00 -7.1447565E+00 
      1114 SSD  1.4244898E+02 -1.0271510E+00 -1.6544899E+00  1.7906459E-01 -1.5251897E+01 -4.6900651E+01 
      1115      7.9182735E+01 -3.2248266E-01 -3.2275492E-01  1.1355544E-02 -3.2268706E+00 -5.7678965E+00 
      1115 SSD -3.9752196E+01 -2.8948467E+00 -1.6764557E+00  1.8081449E-01 -1.9880903E+01 -3.4025449E+01 
      1116      3.6675201E+01 -2.0936667E-01 -4.3142759E-01  1.2281839E-02 -8.4669170E-01 -6.7831715E+00 
      1116 SSD -2.4635307E+02 -8.7605556E-01 -3.4210091E+00  1.8490559E-01 -5.5967534E+00 -3.2471969E+01 
      1117      2.4076842E+01 -3.2118187E-01 -4.3804216E-01  1.2363536E-02 -1.4754346E+00 -5.3749077E+00 
      1117 SSD -3.1500963E+02 -2.7937343E+00 -3.4374208E+00  1.9538297E-01 -6.4587737E+00 -2.2182800E+01 
      1118      2.1580430E+02 -2.1452512E-01 -8.8165213E-02  1.1389767E-02 -3.3653777E+00 -3.3698176E+00 
      1118 SSD  1.0097930E+03 -1.2427162E+00  1.8006319E+00  1.7602527E-01 -3.4366032E+01 -3.4282422E+01 
      1119      1.6984784E+02 -2.1157366E-01 -2.0204458E-01  1.1421695E-02 -2.7748029E+00 -5.8634996E+00 
      1119 SSD  6.0570240E+02 -1.1515220E+00  7.6246068E-02  1.7678152E-01 -2.5397808E+01 -4.7211554E+01 
      1120      1.6985459E+02 -3.2831970E-01 -9.2458797E-02  1.1370546E-02 -5.8672649E+00 -2.7799973E+00 
      1120 SSD  6.0508941E+02 -3.0363579E+00  1.7109639E+00  1.7500989E-01 -4.7183129E+01 -2.5239184E+01 
      1121      1.3176103E+02 -3.2483049E-01 -2.0723930E-01  1.1385928E-02 -4.7883826E+00 -4.7850517E+00 
      1121 SSD  3.0213581E+02 -2.9784155E+00  2.2426412E-02  1.7641674E-01 -3.4649351E+01 -3.4766642E+01 

