      NODE            V1             V2             V3             VR1            VR2            VR3
      1001     -3.8578846E+01 -1.3034094E+00  1.1314963E+00  1.2705132E-01  3.7582933E-01 -3.7863894E-01 
      1001 SSD -5.7180759E+02 -1.2724883E+01  1.6524774E+01  3.6870976E-01  1.9928423E+00 -2.4262861E+00 
      1002     -3.8495764E+01 -1.2389899E+00  1.1115414E+00  4.3388351E-01  3.3432253E-02  1.2652749E+00 
      1002 SSD -5.7154241E+02 -1.1200184E+01  1.6292405E+01  2.4921617E+00  1.6549316E+00  8.0556130E+00 
      1003     -3.8402210E+01 -9.2475100E-01  1.1312172E+00  1.6572879E-01  2.6275949E-02  3.6940442E+00 
      1003 SSD -5.7122345E+02 -8.1454089E+00  1.6336793E+01  1.6300671E+00  9.8857464E-01  2.1558919E+01 
      1004     -3.8379849E+01 -7.3089226E-01  1.1280188E+00  1.2330626E-01 -8.6304861E-02  5.8882100E+00 
      1004 SSD -5.7099277E+02 -6.0439666E+00  1.6290001E+01  1.7452324E+00  2.6027891E-01  3.4143811E+01 
      1005     -3.8353790E+01 -5.0783533E-01  1.1319800E+00  3.1389430E-02 -1.4145280E-01  7.3510131E+00 
      1005 SSD -5.7085704E+02 -3.7236212E+00  1.6326890E+01  1.1796536E+00 -9.7763594E-01  4.2370222E+01 
      1006     -3.8358652E+01 -2.9213264E-01  1.1357696E+00 -6.1917255E-02 -1.7810704E-01  7.7536548E+00 
      1006 SSD -5.7089854E+02 -1.2615622E+00  1.6418439E+01  2.2477888E-01 -1.6090146E+00  4.3728971E+01 
      1007     -3.8397295E+01 -7.7753034E-02  1.1388263E+00 -1.3178956E-01 -1.6323702E-01  7.0488099E+00 
      1007 SSD -5.7141200E+02  1.3857154E+00  1.6495105E+01 -7.7058592E-01 -1.5896268E+00  3.7918554E+01 
      1008     -3.8477277E+01  1.2631114E-01  1.1378359E+00 -1.8268570E-01 -1.0468388E-01  5.3957434E+00 
      1008 SSD -5.7222400E+02  4.0283608E+00  1.6508928E+01 -1.3982551E+00 -1.3684958E+00  2.7308644E+01 
      1009     -3.8550172E+01  3.6108002E-01  1.1441595E+00 -1.2573740E-01 -7.1851939E-02  3.2211886E+00 
      1009 SSD -5.7309709E+02  6.9113024E+00  1.6504234E+01 -1.1985613E+00 -7.9697953E-01  1.5329324E+01 
      1010     -3.8693521E+01  5.2402584E-01  1.1396074E+00 -1.7855700E-01  1.6379057E-01  1.0306266E+00 
      1010 SSD -5.7379341E+02  9.2667899E+00  1.6442282E+01 -1.6772939E+00  4.6709440E-01  4.6039684E+00 
      1011     -3.8730300E+01  7.5507781E-01  1.1548372E+00  1.9139572E-01 -5.1231994E-02 -1.7675894E-01 
      1011 SSD -5.7439670E+02  1.1914656E+01  1.6390427E+01  6.6656464E-01 -2.1694147E-01 -4.1938728E-01 
      1012     -3.8901743E+01  7.5772182E-01 -9.8608844E-01  1.3732285E-01 -3.8391775E-01  3.5076813E-01 
      1012 SSD -5.7768066E+02  1.1758412E+01 -8.8926524E+00  5.2830695E-01 -2.0065971E+00  2.2719018E+00 
      1013     -3.8785026E+01  6.9593951E-01 -9.6454149E-01  3.7344822E-01 -3.1625433E-02 -1.2340501E+00 
      1013 SSD -5.7691523E+02  1.0231423E+01 -8.6502640E+00  2.2003841E+00 -1.6153550E+00 -7.8692533E+00 
      1014     -3.8661436E+01  4.0265898E-01 -9.7882697E-01  1.8259309E-01 -2.5489914E-02 -3.6266712E+00 
      1014 SSD -5.7611695E+02  7.2998711E+00 -8.6685429E+00  1.6858530E+00 -9.4579310E-01 -2.1117708E+01 
      1015     -3.8609378E+01  1.9415928E-01 -9.7541927E-01  1.2165711E-01  8.7684915E-02 -5.7884798E+00 
      1015 SSD -5.7542373E+02  5.1268425E+00 -8.6224208E+00  1.7725033E+00 -2.1322071E-01 -3.3524046E+01 
      1016     -3.8551771E+01 -2.3316609E-02 -9.7796944E-01  3.2020893E-02  1.4284214E-01 -7.2184186E+00 
      1016 SSD -5.7481002E+02  2.8265231E+00 -8.6597464E+00  1.1394420E+00  1.0123851E+00 -4.1547733E+01 
      1017     -3.8524996E+01 -2.3878077E-01 -9.8124386E-01 -5.3446440E-02  1.8339696E-01 -7.6059019E+00 
      1017 SSD -5.7436797E+02  3.9084931E-01 -8.7505077E+00  2.2180504E-01  1.6814113E+00 -4.2786672E+01 
      1018     -3.8534927E+01 -4.6125651E-01 -9.8523983E-01 -1.1776315E-01  1.6579068E-01 -6.9138133E+00 
      1018 SSD -5.7443386E+02 -2.3161503E+00 -8.8329593E+00 -6.5487488E-01  1.6427683E+00 -3.7103934E+01 
      1019     -3.8586564E+01 -6.6791450E-01 -9.8553849E-01 -1.9287809E-01  1.0271340E-01 -5.2764260E+00 
      1019 SSD -5.7480402E+02 -4.9981127E+00 -8.8565509E+00 -1.4895281E+00  1.3816448E+00 -2.6613079E+01 
      1020     -3.8624840E+01 -8.8953247E-01 -9.9007447E-01 -1.3976145E-01  7.9617484E-02 -3.1295691E+00 
      1020 SSD -5.7518191E+02 -7.7907635E+00 -8.8368657E+00 -1.3283515E+00  8.7164985E-01 -1.4768450E+01 
      1021     -3.8736066E+01 -1.0701142E+00 -9.8477998E-01 -1.4495142E-01 -1.5288638E-01 -1.0153487E+00 
      1021 SSD -5.7539683E+02 -1.0245094E+01 -8.7613062E+00 -1.4451060E+00 -3.8732040E-01 -4.5138121E+00 
      1022     -3.8743166E+01 -1.2904668E+00 -9.9553968E-01  1.4147685E-01  2.9836316E-02  1.8693591E-01 
      1022 SSD -5.7552439E+02 -1.2865315E+01 -8.6892205E+00  4.2704747E-01  1.4316919E-01  4.0931539E-01 
      1023     -3.8650376E+01 -1.3019260E+00 -8.3427749E-01  2.3282104E-01 -9.2221238E-01 -8.5969390E-02 
      1023 SSD -5.7486053E+02 -1.2853780E+01 -6.4439982E+00  1.0644178E+00 -4.6889313E+00 -6.2556212E-01 
      1024     -3.8559487E+01 -1.3099763E+00 -5.9082270E-01  2.0425546E-01 -3.0518549E+00  3.0845145E-02 
      1024 SSD -5.7400843E+02 -1.2863022E+01 -3.9307075E+00  1.9106117E+00 -1.5781589E+01  6.7065823E-01 
      1025     -3.8480563E+01 -1.3139536E+00 -3.7698881E-01  1.4941683E-01 -5.2665090E+00  1.0221692E-01 
      1025 SSD -5.7309883E+02 -1.2869222E+01 -1.6269272E+00  1.9555653E+00 -2.8068182E+01  1.4150100E+00 
      1026     -3.8409247E+01 -1.3163396E+00 -1.6258660E-01  6.8235145E-02 -6.9045629E+00  1.6767759E-01 
      1026 SSD -5.7216432E+02 -1.2916840E+01  6.3835012E-01  1.5375956E+00 -3.7798839E+01  1.8454224E+00 
      1027     -3.8374861E+01 -1.3188037E+00  4.6741125E-02 -1.9865718E-02 -7.6050187E+00  1.7782094E-01 
      1027 SSD -5.7155779E+02 -1.2997818E+01  2.9853826E+00  6.6833644E-01 -4.2398749E+01  1.7735190E+00 
      1028     -3.8362410E+01 -1.3221994E+00  2.5976024E-01 -8.8554039E-02 -7.2414747E+00  1.2754939E-01 
      1028 SSD -5.7128207E+02 -1.3069090E+01  5.5693458E+00 -3.4293276E-01 -4.0165091E+01  9.8531289E-01 
      1029     -3.8387840E+01 -1.3237944E+00  4.6627917E-01 -1.6541374E-01 -5.8528349E+00  7.9276532E-02 
      1029 SSD -5.7129057E+02 -1.3094251E+01  8.2643497E+00 -1.3412475E+00 -3.1543442E+01 -1.4662023E-01 
      1030     -3.8424190E+01 -1.3231551E+00  6.8774571E-01 -1.3460855E-01 -3.8002420E+00 -4.8889374E-02 
      1030 SSD -5.7150101E+02 -1.3038693E+01  1.1122480E+01 -1.3954950E+00 -1.9724022E+01 -1.1890464E+00 
      1031     -3.8516946E+01 -1.3206015E+00  8.5544218E-01 -2.3351979E-01 -1.3742770E+00 -2.0071272E-02 
      1031 SSD -5.7162536E+02 -1.2982063E+01  1.3458591E+01 -2.1487433E+00 -6.8446744E+00 -1.6386097E+00 
      1032     -3.8670960E+01  7.6463882E-01  9.8551662E-01  2.3159746E-01  9.3674313E-01  8.3541354E-02 
      1032 SSD -5.7442493E+02  1.1912523E+01  1.4120678E+01  1.0716593E+00  4.8833362E+00  5.7452033E-01 
      1033     -3.8609101E+01  7.7202137E-01  7.4558615E-01  2.0936624E-01  3.0963929E+00 -3.6182526E-02 
      1033 SSD -5.7425166E+02  1.1915259E+01  1.1596161E+01  1.9326500E+00  1.6296550E+01 -7.4038090E-01 
      1034     -3.8563026E+01  7.7567012E-01  5.3249617E-01  1.4840968E-01  5.3369747E+00 -1.0508201E-01 
      1034 SSD -5.7404043E+02  1.1917851E+01  9.2909388E+00  1.9373437E+00  2.8900397E+01 -1.4620847E+00 
      1035     -3.8525444E+01  7.7812347E-01  3.1942430E-01  6.5297282E-02  6.9767873E+00 -1.7449606E-01 
      1035 SSD -5.7381396E+02  1.1962119E+01  7.0265877E+00  1.5037855E+00  3.8779991E+01 -1.9361020E+00 
      1036     -3.8524189E+01  7.8105318E-01  1.1136481E-01 -2.3612876E-02  7.6615301E+00 -1.7642976E-01 
      1036 SSD -5.7389294E+02  1.2047670E+01  4.6960692E+00  6.3429875E-01  4.3403683E+01 -1.7909062E+00 
      1037     -3.8548157E+01  7.8417422E-01 -1.0141418E-01 -9.2371196E-02  7.2699596E+00 -1.3482844E-01 
      1037 SSD -5.7437472E+02  1.2114517E+01  2.1117182E+00 -3.8964101E-01  4.0976801E+01 -1.1484139E+00 
      1038     -3.8613578E+01  7.8556188E-01 -3.0694608E-01 -1.6937233E-01  5.8493690E+00 -8.8935753E-02 
      1038 SSD -5.7511353E+02  1.2148325E+01 -5.5485596E-01 -1.3703754E+00  3.2121476E+01  1.0626249E-01 
      1039     -3.8683586E+01  7.8449163E-01 -5.2963621E-01 -1.3256767E-01  3.7878852E+00  5.3647820E-02 
      1039 SSD -5.7598396E+02  1.2097561E+01 -3.4165038E+00 -1.3697807E+00  2.0126535E+01  1.1812227E+00 
      1040     -3.8795565E+01  7.8435734E-01 -6.8644634E-01 -2.3598079E-01  1.3693797E+00  2.7963212E-02 
      1040 SSD -5.7674857E+02  1.2058309E+01 -5.6723415E+00 -2.1902767E+00  6.9965989E+00  1.5593589E+00 
      1041      5.3673181E+01 -2.8735472E-01  9.2199332E-01  2.1921995E-02  5.1569048E-02  1.0949457E+01 
      1041 SSD  6.5779480E+01 -1.0379857E+00  1.3860104E+01  2.4912415E-01  2.0542081E+00  8.6032030E+01 
      1042      1.6406743E+02 -2.8375997E-01  7.1055423E-01  2.1258530E-02  1.6731782E-01  1.1435079E+01 
      1042 SSD  9.9077536E+02 -8.4473984E-01  1.1353677E+01  2.5081501E-01  4.0356405E+00  1.0204977E+02 
      1043      2.6615450E+02 -2.7903134E-01  4.9953429E-01  2.1228036E-02  1.8071900E-01  9.2701342E+00 
      1043 SSD  1.9456299E+03 -6.8555309E-01  8.8467902E+00  2.5100445E-01  5.0309999E+00  9.2405164E+01 
      1044      3.3736999E+02 -2.7342018E-01  2.8913239E-01  2.1185497E-02  1.1874224E-01  5.1731405E+00 
      1044 SSD  2.6921784E+03 -5.5941562E-01  6.3456573E+00  2.5093513E-01  5.0804622E+00  5.9710342E+01 
      1045      3.6260856E+02 -2.6728594E-01  7.8978030E-02  2.1175477E-02 -2.7542358E-02 -5.5954900E-02 
      1045 SSD  2.9862722E+03 -4.5290463E-01  3.8489022E+00  2.5090555E-01 -2.7079895E-01 -3.5946352E-01 
      1046      3.3632891E+02 -2.6112738E-01 -1.3127250E-01  2.1194177E-02 -1.7180358E-01 -5.2704016E+00 
      1046 SSD  2.6853096E+03 -3.4618203E-01  1.3521863E+00  2.5094871E-01 -5.5847381E+00 -6.0361887E+01 
      1047      2.6438215E+02 -2.5543065E-01 -3.4199039E-01  2.1255315E-02 -2.2708340E-01 -9.3184838E+00 
      1047 SSD  1.9336823E+03 -2.1922363E-01 -1.1490533E+00  2.5115591E-01 -5.4373025E+00 -9.2763044E+01 
      1048      1.6215711E+02 -2.5048428E-01 -5.5374768E-01  2.1336677E-02 -1.9834290E-01 -1.1413278E+01 
      1048 SSD  9.7730940E+02 -5.7612297E-02 -3.6583007E+00  2.5134005E-01 -4.2796072E+00 -1.0198858E+02 
      1049      5.2318562E+01 -2.4648057E-01 -7.6696987E-01  2.1952826E-02 -6.2058549E-02 -1.0859811E+01 
      1049 SSD  5.5099333E+01  1.3996792E-01 -6.1742841E+00  2.4892058E-01 -2.1196039E+00 -8.5539452E+01 
      1050      3.3705551E+02 -5.3989044E-02  8.5939889E-02  2.1150936E-02  5.2086073E+00  9.1478823E-02 
      1050 SSD  2.6904133E+03  2.0655208E+00  3.9581086E+00  2.5066337E-01  5.9961204E+01  4.9782793E+00 
      1051      2.6553321E+02  1.5844154E-01  9.2427895E-02  2.1100552E-02  9.2967796E+00  1.5437787E-01 
      1051 SSD  1.9411069E+03  4.5779560E+00  4.0862720E+00  2.5011766E-01  9.2664569E+01  4.7879439E+00 
      1052      1.6329910E+02  3.6941768E-01  9.8243757E-02  2.1035291E-02  1.1440592E+01  1.4831438E-01 
      1052 SSD  9.8412142E+02  7.0823630E+00  4.2474975E+00  2.4912469E-01  1.0220531E+02  3.5560136E+00 
      1053      5.2989599E+01  5.7886157E-01  1.0328917E-01  2.1534521E-02  1.0929382E+01  3.8977660E-02 
      1053 SSD  5.9267002E+01  9.5774556E+00  4.4429637E+00  2.4824764E-01  8.5906707E+01  1.3320459E+00 
      1054      2.4333450E+02  1.5156101E-01  3.0298112E-01  2.1112895E-02  8.7399862E+00  4.0677938E+00 
      1054 SSD  1.6910084E+03  4.5070680E+00  6.5541453E+00  2.4955271E-01  8.4406083E+01  4.2334826E+01 
      1055      1.8703966E+02  1.4545843E-01  5.1467375E-01  2.1154258E-02  7.1364447E+00  7.1103973E+00 
      1055 SSD  1.1484994E+03  4.4209427E+00  8.9970430E+00  2.5107093E-01  6.5202430E+01  6.5234764E+01 
      1056      1.0874452E+02  1.4046885E-01  7.2744187E-01  2.1166977E-02  4.8002823E+00  8.6060810E+00 
      1056 SSD  4.6884550E+02  4.3152077E+00  1.1454388E+01  2.5395653E-01  4.0610233E+01  7.1354521E+01 
      1057      2.6870486E+01  1.3672058E-01  9.4122826E-01  2.2840721E-02  2.1720982E+00  7.9555253E+00 
      1057 SSD -1.6458878E+02  4.1988221E+00  1.3976105E+01  2.7388993E-01  1.6001238E+01  5.7276293E+01 
      1058      2.4365512E+02 -6.5981212E-02  5.0731576E-01  2.1192275E-02  4.1034838E+00  8.7110574E+00 
      1058 SSD  1.6927111E+03  1.8554122E+00  8.9162812E+00  2.5182712E-01  4.2615647E+01  8.4335428E+01 
      1059      3.1154309E+02 -6.0332106E-02  2.9628427E-01  2.1161592E-02  4.9663722E+00  4.9305856E+00 
      1059 SSD  2.3844052E+03  1.9692033E+00  6.4422494E+00  2.5076762E-01  5.5149769E+01  5.4945569E+01 
      1060      1.4775044E+02 -7.0595163E-02  7.1911332E-01  2.1206864E-02  2.7958222E+00  1.0657575E+01 
      1060 SSD  8.1816323E+02  1.7149752E+00  1.1399184E+01  2.5429796E-01  2.7061004E+01  9.2826585E+01 
      1061      4.5510946E+01 -7.3898524E-02  9.3133599E-01  2.2455739E-02  1.2569115E+00  1.0058500E+01 
      1061 SSD -1.4794519E+01  1.5548737E+00  1.3914692E+01  2.6603470E-01  1.1013642E+01  7.6521614E+01 
      1062      2.6652200E+01  5.6070176E-01  5.2656541E-01  2.0267128E-02  7.9813409E+00  2.1510371E+00 
      1062 SSD -1.6019373E+02  9.4581140E+00  9.1927092E+00  2.2321561E-01  5.7140458E+01  1.5728461E+01 
      1063      1.0861762E+02  3.5523212E-01  5.2130033E-01  2.1038122E-02  8.6040634E+00  4.7702217E+00 
      1063 SSD  4.7056280E+02  6.9791951E+00  9.0926937E+00  2.4628462E-01  7.0965664E+01  4.0542323E+01 
      1064      4.5043754E+01  5.6995906E-01  3.1352273E-01  2.0951584E-02  1.0061962E+01  1.2252306E+00 
      1064 SSD -1.4811345E+01  9.5213129E+00  6.8488161E+00  2.3328836E-01  7.6455953E+01  1.0256703E+01 
      1065      1.4727568E+02  3.6189239E-01  3.0889327E-01  2.1034205E-02  1.0659244E+01  2.7531500E+00 
      1065 SSD  8.1664489E+02  7.0362562E+00  6.6912966E+00  2.4639761E-01  9.2668570E+01  2.6510625E+01 
      1066     -2.2330505E+01  5.4048064E-01  9.6583073E-01  2.0750953E-02  2.3218955E+00  2.2372847E+00 
      1066 SSD -4.8815552E+02  9.3448429E+00  1.4082325E+01  2.5598049E-01  1.2598796E+01  1.2942179E+01 
      1067      2.0148616E+00  5.5116300E-01  7.4227784E-01  1.9937099E-02  5.1746781E+00  2.5587104E+00 
      1067 SSD -3.3501043E+02  9.3988407E+00  1.1572595E+01  2.3058855E-01  3.3649864E+01  1.6877976E+01 
      1068      2.2600808E+00  3.5065782E-01  9.5127841E-01  2.2692752E-02  2.5321013E+00  5.1090850E+00 
      1068 SSD -3.3828475E+02  6.8834186E+00  1.4024100E+01  2.7127356E-01  1.6439808E+01  3.3848759E+01 
      1069      5.5923301E+01  3.5066244E-01  7.3537936E-01  2.1042718E-02  5.6824985E+00  5.6850304E+00 
      1069 SSD  4.5505666E+01  6.9190331E+00  1.1515414E+01  2.4899936E-01  4.3206215E+01  4.3688131E+01 
      1070      3.2441646E+01  1.8488352E-01 -7.4480979E-01  2.0583189E-02  2.1800951E+00 -8.4782968E+00 
      1070 SSD -7.6423080E+01  4.9633610E+00 -6.0525618E+00  2.3082390E-01  1.5285665E+01 -6.5071947E+01 
      1071      1.1798265E+02  1.8119291E-01 -5.3555813E-01  2.1166325E-02  4.6645151E+00 -8.8093385E+00 
      1071 SSD  6.1806173E+02  4.8504570E+00 -3.5432343E+00  2.4831057E-01  3.9473751E+01 -7.4380886E+01 
      1072      1.9580987E+02  1.7376354E-01 -3.2637182E-01  2.1121261E-02  7.0183716E+00 -7.0566992E+00 
      1072 SSD  1.3056467E+03  4.7390966E+00 -9.8179435E-01  2.5092864E-01  6.4864444E+01 -6.4868138E+01 
      1073      2.4863001E+02  1.6599968E-01 -1.1752049E-01  2.1091257E-02  8.6843594E+00 -3.8414297E+00 
      1073 SSD  1.8004805E+03  4.6505266E+00  1.5695612E+00  2.5101915E-01  8.5483282E+01 -3.6651766E+01 
      1074      1.5233692E+02 -3.5180260E-02 -5.4478841E-01  2.1323824E-02  2.5021523E+00 -1.0760056E+01 
      1074 SSD  9.1043712E+02  2.4259168E+00 -3.6087188E+00  2.4905958E-01  2.1245698E+01 -9.5316117E+01 
      1075      4.8234505E+01 -3.0973281E-02 -7.5640268E-01  2.1109013E-02  1.1652572E+00 -1.0341046E+01 
      1075 SSD  3.7084865E+01  2.6026540E+00 -6.1133307E+00  2.3455777E-01  7.9956899E+00 -8.1599820E+01 
      1076      2.4813293E+02 -4.0834779E-02 -3.3395060E-01  2.1218555E-02  3.7796289E+00 -8.7185404E+00 
      1076 SSD  1.7984472E+03  2.2793235E+00 -1.0743990E+00  2.5051502E-01  3.6238337E+01 -8.5483973E+01 
      1077      3.1440121E+02 -4.7301203E-02 -1.2407828E-01  2.1161841E-02  4.7627384E+00 -4.8275795E+00 
      1077 SSD  2.4693365E+03  2.1629775E+00  1.4515212E+00  2.5079204E-01  5.0988095E+01 -5.1393128E+01 
      1078      9.2362299E+00  6.1673847E-01 -5.2814431E-01  2.1255715E-02  5.6827184E+00 -2.6391491E+00 
      1078 SSD -2.5402884E+02  9.8011161E+00 -3.4272192E+00  2.6638275E-01  4.1501043E+01 -1.8166158E+01 
      1079      6.6545359E+01  3.9745344E-01 -5.2775682E-01  2.1083007E-02  5.8340025E+00 -5.8884742E+00 
      1079 SSD  1.9098974E+02  7.2694816E+00 -3.4639216E+00  2.5216006E-01  4.6573059E+01 -4.6235849E+01 
      1080     -1.7705547E+01  6.3687441E-01 -7.2047121E-01  1.8834529E-02  2.4932143E+00 -2.5925196E+00 
      1080 SSD -4.3841019E+02  9.8931088E+00 -5.9102872E+00  2.4897274E-01  1.6782606E+01 -1.6173051E+01 
      1081      8.6645756E+00  4.0410506E-01 -7.2709904E-01  1.9423934E-02  2.6075812E+00 -5.7334237E+00 
      1081 SSD -2.5064292E+02  7.3210636E+00 -5.9457818E+00  2.3443848E-01  1.8366371E+01 -4.1249898E+01 
      1082      3.3007689E+01  5.9875095E-01 -3.1670207E-01  2.2101689E-02  8.5006099E+00 -2.1487259E+00 
      1082 SSD -8.1078777E+01  9.6937872E+00 -7.4477309E-01  2.7280239E-01  6.5374194E+01 -1.5243871E+01 
      1083      1.1839888E+02  3.8693740E-01 -3.2007054E-01  2.1058997E-02  8.7657443E+00 -4.6962932E+00 
      1083 SSD  6.1644710E+02  7.1902952E+00 -8.6605964E-01  2.5413960E-01  7.4704382E+01 -3.9451984E+01 
      1084      4.8747814E+01  5.8857721E-01 -1.0802508E-01  2.1992717E-02  1.0381334E+01 -1.1697850E+00 
      1084 SSD  3.5107764E+01  9.6369417E+00  1.8916142E+00  2.6363413E-01  8.1859510E+01 -8.5452928E+00 
      1085      1.5305310E+02  3.7782598E-01 -1.1206094E-01  2.1033210E-02  1.0757487E+01 -2.5401695E+00 
      1085 SSD  9.1112903E+02  7.1302669E+00  1.7169729E+00  2.5256047E-01  9.5595512E+01 -2.1754768E+01 
      1086      5.2573707E+01 -1.1142138E+00  5.4504448E-02  2.1554182E-02 -1.0875299E+01 -7.2646725E-02 
      1086 SSD  5.3744067E+01 -1.0497206E+01  3.2412717E+00  2.5274330E-01 -8.5336807E+01 -1.5336027E+00 
      1087      1.6248736E+02 -9.0447676E-01  5.9436376E-02  2.1079701E-02 -1.1414786E+01 -2.1535547E-01 
      1087 SSD  9.7501995E+02 -7.9972338E+00  3.4416435E+00  2.5073725E-01 -1.0206185E+02 -3.9618943E+00 
      1088      2.6469726E+02 -6.9332595E-01  6.5344938E-02  2.1123988E-02 -9.3144681E+00 -2.4801920E-01 
      1088 SSD  1.9325644E+03 -5.4888182E+00  3.6074007E+00  2.5044786E-01 -9.2903875E+01 -5.3765810E+00 
      1089      3.3654568E+02 -4.8068165E-01  7.1955553E-02  2.1162968E-02 -5.2539936E+00 -1.9849355E-01 
      1089 SSD  2.6853925E+03 -2.9729123E+00  3.7386195E+00  2.5100117E-01 -6.0424373E+01 -5.6623182E+00 
      1090      1.5290356E+02 -9.1258745E-01  2.6994002E-01  2.1067739E-02 -1.0763515E+01  2.4732741E+00 
      1090 SSD  9.0680005E+02 -8.0409166E+00  5.9767692E+00  2.5385534E-01 -9.5661762E+01  2.1192843E+01 
      1091      1.1884157E+02 -9.2123337E-01  4.7828460E-01  2.1212480E-02 -8.7966084E+00  4.6434274E+00 
      1091 SSD  6.1732504E+02 -8.0978311E+00  8.5685158E+00  2.5545384E-01 -7.4910683E+01  3.8954408E+01 
      1092      6.7319498E+01 -9.3098286E-01  6.8590481E-01  2.1270893E-02 -5.8669212E+00  5.8770007E+00 
      1092 SSD  1.9591499E+02 -8.1734722E+00  1.1170167E+01  2.5247179E-01 -4.6803279E+01  4.5927798E+01 
      1093      9.3744495E+00 -9.3708921E-01  8.8518126E-01  2.0629073E-02 -2.6352892E+00  5.7601144E+00 
      1093 SSD -2.4388409E+02 -8.2240148E+00  1.3657252E+01  2.4091180E-01 -1.8543511E+01  4.1201686E+01 
      1094      3.3258868E+01 -1.1348518E+00  4.7526002E-01  2.2068536E-02 -8.5070488E+00  2.1232685E+00 
      1094 SSD -8.0802654E+01 -1.0614960E+01  8.4498397E+00  2.7324436E-01 -6.5262799E+01  1.4936085E+01 
      1095      4.8680560E+01 -1.1239863E+00  2.6617394E-01  2.1907518E-02 -1.0359681E+01  1.1356355E+00 
      1095 SSD  3.2274646E+01 -1.0553931E+01  5.7992942E+00  2.6688838E-01 -8.1475002E+01  8.2200879E+00 
      1096      9.6873943E+00 -1.1523736E+00  6.8757168E-01  2.0939568E-02 -5.7164840E+00  2.6265655E+00 
      1096 SSD -2.5088136E+02 -1.0720290E+01  1.1142673E+01  2.6256063E-01 -4.1627946E+01  1.7876809E+01 
      1097     -1.7249494E+01 -1.1755433E+00  8.8362652E-01  1.8315517E-02 -2.5223176E+00  2.6060006E+00 
      1097 SSD -4.3312969E+02 -1.0835714E+01  1.3654187E+01  2.4304534E-01 -1.6931514E+01  1.6031277E+01 
      1098      2.4941393E+02 -4.9322527E-01  4.9163802E-01  2.1219398E-02 -3.8323380E+00  8.6618248E+00 
      1098 SSD  1.8061601E+03 -3.1817433E+00  8.7735909E+00  2.5052689E-01 -3.6684788E+01  8.5015224E+01 
      1099      1.9661461E+02 -7.0809859E-01  4.8438531E-01  2.1122699E-02 -7.0612611E+00  6.9987606E+00 
      1099 SSD  1.3093474E+03 -5.6442136E+00  8.6829380E+00  2.5122065E-01 -6.5221286E+01  6.4346833E+01 
      1100      3.1490948E+02 -4.8708233E-01  2.8197215E-01  2.1164141E-02 -4.8156423E+00  4.7302036E+00 
      1100 SSD  2.4712207E+03 -3.0677795E+00  6.2463972E+00  2.5103921E-01 -5.1481626E+01  5.0700170E+01 
      1101      2.4869641E+02 -7.0056570E-01  2.7544672E-01  2.1108319E-02 -8.7196564E+00  3.7527741E+00 
      1101 SSD  1.7982216E+03 -5.5577296E+00  6.1271471E+00  2.5137050E-01 -8.5818950E+01  3.5982326E+01 
      1102      4.9421204E+01 -5.0219272E-01  9.1229557E-01  2.1125128E-02 -1.1896536E+00  1.0409077E+01 
      1102 SSD  4.6712044E+01 -3.4987963E+00  1.3809156E+01  2.3392547E-01 -8.1406017E+00  8.1919570E+01 
      1103      1.5388406E+02 -4.9843994E-01  7.0187123E-01  2.1314809E-02 -2.5442994E+00  1.0764885E+01 
      1103 SSD  9.2109776E+02 -3.3254897E+00  1.1306932E+01  2.4856899E-01 -2.1565629E+01  9.5204864E+01 
      1104      3.3395091E+01 -7.1973314E-01  9.0282112E-01  2.0532562E-02 -2.2041197E+00  8.5262435E+00 
      1104 SSD -6.8181886E+01 -5.8711727E+00  1.3759390E+01  2.3074706E-01 -1.5418686E+01  6.5213744E+01 
      1105      1.1912244E+02 -7.1551494E-01  6.9335624E-01  2.1138303E-02 -4.7053286E+00  8.8007220E+00 
      1105 SSD  6.2566041E+02 -5.7551629E+00  1.1246318E+01  2.4846766E-01 -3.9776166E+01  7.4122713E+01 
      1106      1.4003256E+00 -8.8597758E-01 -7.9674906E-01  2.2804778E-02 -2.4916477E+00 -5.0417973E+00 
      1106 SSD -3.4534469E+02 -7.8117160E+00 -6.3463355E+00  2.7476179E-01 -1.6187464E+01 -3.3394777E+01 
      1107      5.4472654E+01 -8.8648860E-01 -5.7961983E-01  2.1159572E-02 -5.6090719E+00 -5.6360709E+00 
      1107 SSD  3.4314454E+01 -7.8486672E+00 -3.8343177E+00  2.5134609E-01 -4.2759376E+01 -4.3322113E+01 
      1108      1.0691942E+02 -8.9092337E-01 -3.6476058E-01  2.1120378E-02 -8.5284413E+00 -4.7737642E+00 
      1108 SSD  4.5716250E+02 -7.9048595E+00 -1.4101869E+00  2.4734310E-01 -7.0510502E+01 -4.0479364E+01 
      1109      1.4586000E+02 -8.9725307E-01 -1.5167881E-01  2.1067175E-02 -1.0605264E+01 -2.8095665E+00 
      1109 SSD  8.0422493E+02 -7.9561444E+00  9.9341070E-01  2.4742654E-01 -9.2334084E+01 -2.6776905E+01 
      1110      1.3780321E+00 -1.0892272E+00 -5.8690643E-01  1.9914417E-02 -5.0812340E+00 -2.5352810E+00 
      1110 SSD -3.4074957E+02 -1.0349163E+01 -3.8985573E+00  2.2902629E-01 -3.2994335E+01 -1.6680071E+01 
      1111     -2.2672427E+01 -1.0816792E+00 -8.1208911E-01  2.1378127E-02 -2.2587900E+00 -2.2028572E+00 
      1111 SSD -4.9170684E+02 -1.0315557E+01 -6.4082698E+00  2.5714744E-01 -1.2163773E+01 -1.2686685E+01 
      1112      2.5853336E+01 -1.0971377E+00 -3.7039773E-01  2.0422565E-02 -7.8729639E+00 -2.1467243E+00 
      1112 SSD -1.6740846E+02 -1.0394446E+01 -1.5191934E+00  2.2757966E-01 -5.6347340E+01 -1.5640136E+01 
      1113      4.4337484E+01 -1.1055413E+00 -1.5641335E-01  2.0925360E-02 -9.9705020E+00 -1.2506156E+00 
      1113 SSD -2.1888318E+01 -1.0446462E+01  8.2788049E-01  2.3616004E-01 -7.5710260E+01 -1.0374216E+01 
      1114      1.4565735E+02 -4.6524681E-01 -5.6250000E-01  2.1306955E-02 -2.8017058E+00 -1.0615640E+01 
      1114 SSD  8.0318689E+02 -2.6322616E+00 -3.7063792E+00  2.5441930E-01 -2.7117892E+01 -9.2579730E+01 
      1115      1.0677928E+02 -6.7677205E-01 -5.7126216E-01  2.1211874E-02 -4.7696327E+00 -8.5501413E+00 
      1115 SSD  4.5452570E+02 -5.2424630E+00 -3.7668235E+00  2.5564074E-01 -4.0432321E+01 -7.0970920E+01 
      1116      4.4156757E+01 -4.6263486E-01 -7.7591908E-01  2.2505993E-02 -1.2464365E+00 -9.9521632E+00 
      1116 SSD -2.5304728E+01 -2.4768951E+00 -6.2292008E+00  2.6542140E-01 -1.0911255E+01 -7.5871273E+01 
      1117      2.5684140E+01 -6.7359677E-01 -7.8525465E-01  2.2805340E-02 -2.1489357E+00 -7.8558401E+00 
      1117 SSD -1.7379025E+02 -5.1318375E+00 -6.2868497E+00  2.7676558E-01 -1.5832880E+01 -5.6635769E+01 
      1118      3.1005144E+02 -4.7462474E-01 -1.3857755E-01  2.1186860E-02 -5.0026563E+00 -5.0214146E+00 
      1118 SSD  2.3731565E+03 -2.8793851E+00  1.2535059E+00  2.5104098E-01 -5.5521335E+01 -5.5507054E+01 
      1119      2.4153223E+02 -4.6933733E-01 -3.5000267E-01  2.1242864E-02 -4.1279689E+00 -8.7462445E+00 
      1119 SSD  1.6775749E+03 -2.7688355E+00 -1.2212463E+00  2.5199258E-01 -4.2853145E+01 -8.4545380E+01 
      1120      2.4165725E+02 -6.8679877E-01 -1.4554078E-01  2.1148297E-02 -8.7389513E+00 -4.1455429E+00 
      1120 SSD  1.6774203E+03 -5.4223731E+00  1.1369901E+00  2.4992166E-01 -8.4497789E+01 -4.2767204E+01 
      1121      1.8488442E+02 -6.8115562E-01 -3.5777427E-01  2.1192640E-02 -7.1185026E+00 -7.1290120E+00 
      1121 SSD  1.1325121E+03 -5.3417506E+00 -1.3075454E+00  2.5142454E-01 -6.5139586E+01 -6.5280715E+01 

