      NODE            V1             V2             V3             VR1            VR2            VR3
      1001     -5.7646027E+01 -2.0502201E+00  1.6600047E+00  1.7664956E-01  5.2293016E-01 -5.2854713E-01 
      1001 SSD -6.9190581E+02 -1.6771958E+01  1.9827001E+01  7.7532487E-01  3.1547676E+00 -3.5960932E+00 
      1002     -5.7533987E+01 -1.9406731E+00  1.6315819E+00  6.0444851E-01  5.1388562E-02  1.7666765E+00 
      1002 SSD -6.9138742E+02 -1.5052145E+01  1.9540827E+01  3.8389747E+00  1.7500504E+00  1.1921661E+01 
      1003     -5.7406121E+01 -1.4821068E+00  1.6587500E+00  2.3585417E-01  3.9123463E-02  5.1491244E+00 
      1003 SSD -6.9078541E+02 -1.1065130E+01  1.9645575E+01  2.1452358E+00  1.0622556E+00  3.2946400E+01 
      1004     -5.7376741E+01 -1.1921669E+00  1.6541510E+00  1.7751075E-01 -1.1778380E-01  8.2035829E+00 
      1004 SSD -6.9048638E+02 -8.3852307E+00  1.9590872E+01  2.1235159E+00 -9.4916064E-03  5.2328995E+01 
      1005     -5.7342516E+01 -8.6129276E-01  1.6597083E+00  4.9363232E-02 -1.9499132E-01  1.0234280E+01 
      1005 SSD -6.9027284E+02 -5.3991114E+00  1.9640817E+01  1.2682187E+00 -1.4074315E+00  6.5095208E+01 
      1006     -5.7351816E+01 -5.4085427E-01  1.6650755E+00 -8.1487933E-02 -2.4883844E-01  1.0790484E+01 
      1006 SSD -6.9033404E+02 -2.2990649E+00  1.9743668E+01  2.7082327E-02 -2.1554469E+00  6.7743715E+01 
      1007     -5.7407729E+01 -2.2184166E-01  1.6695235E+00 -1.8079980E-01 -2.3043367E-01  9.8082418E+00 
      1007 SSD -6.9096400E+02  9.8063580E-01  1.9830086E+01 -1.1827470E+00 -2.0955558E+00  5.9814682E+01 
      1008     -5.7521651E+01  8.3383334E-02  1.6682238E+00 -2.5493098E-01 -1.4940165E-01  7.5053508E+00 
      1008 SSD -6.9201871E+02  4.2255445E+00  1.9841999E+01 -1.9715334E+00 -1.6923681E+00  4.4122511E+01 
      1009     -5.7626019E+01  4.3208395E-01  1.6769145E+00 -1.7615784E-01 -1.0211778E-01  4.4782955E+00 
      1009 SSD -6.9311473E+02  7.8016954E+00  1.9857531E+01 -1.5937983E+00 -1.0228524E+00  2.5399123E+01 
      1010     -5.7828001E+01  6.7889660E-01  1.6701343E+00 -2.5241662E-01  2.2781326E-01  1.4308080E+00 
      1010 SSD -6.9426053E+02  1.0634303E+01  1.9782038E+01 -2.2389203E+00  9.9330769E-01  7.8316903E+00 
      1011     -5.7878934E+01  1.0212020E+00  1.6913581E+00  2.6825646E-01 -7.0604841E-02 -2.4579695E-01 
      1011 SSD -6.9496944E+02  1.3966191E+01  1.9780941E+01  1.2734053E+00 -3.8480963E-01 -9.8288636E-01 
      1012     -5.8156204E+01  1.0237662E+00 -1.4959992E+00  1.9129213E-01 -5.3298289E-01  4.8809590E-01 
      1012 SSD -6.9880384E+02  1.3834040E+01 -1.1837910E+01  9.6318537E-01 -3.1930715E+00  3.3533167E+00 
      1013     -5.7993495E+01  9.1786768E-01 -1.4653711E+00  5.1943203E-01 -4.9798110E-02 -1.7164056E+00 
      1013 SSD -6.9767946E+02  1.2121537E+01 -1.1537290E+01  3.3606414E+00 -1.7057399E+00 -1.1633526E+01 
      1014     -5.7820115E+01  4.8923458E-01 -1.4849625E+00  2.5938431E-01 -3.8771457E-02 -5.0342038E+00 
      1014 SSD -6.9650342E+02  8.3192260E+00 -1.1600190E+01  2.2526019E+00 -1.0181547E+00 -3.2278614E+01 
      1015     -5.7745360E+01  1.7935746E-01 -1.4800758E+00  1.7622701E-01  1.1866830E-01 -8.0296828E+00 
      1015 SSD -6.9564779E+02  5.5255485E+00 -1.1545519E+01  2.1462337E+00  5.9551441E-02 -5.1368222E+01 
      1016     -5.7663234E+01 -1.4332370E-01 -1.4836905E+00  5.1323784E-02  1.9612175E-01 -1.0003964E+01 
      1016 SSD -6.9485654E+02  2.5765279E+00 -1.1591658E+01  1.2315880E+00  1.4456044E+00 -6.3819615E+01 
      1017     -5.7624467E+01 -4.6318088E-01 -1.4884068E+00 -6.8645362E-02  2.5595323E-01 -1.0534343E+01 
      1017 SSD -6.9433456E+02 -4.9722108E-01 -1.1692375E+01  5.1842692E-02  2.2434492E+00 -6.6296595E+01 
      1018     -5.7636556E+01 -7.9348525E-01 -1.4942217E+00 -1.6010966E-01  2.3435044E-01 -9.5727616E+00 
      1018 SSD -6.9442585E+02 -3.8601948E+00 -1.1787488E+01 -1.0236996E+00  2.1568489E+00 -5.8534944E+01 
      1019     -5.7707098E+01 -1.1026932E+00 -1.4947903E+00 -2.6830431E-01  1.4788257E-01 -7.3020172E+00 
      1019 SSD -6.9494879E+02 -7.1516878E+00 -1.1812929E+01 -2.0927851E+00  1.7004227E+00 -4.3020407E+01 
      1020     -5.7759678E+01 -1.4331562E+00 -1.5009311E+00 -1.9611571E-01  1.1419305E-01 -4.3287546E+00 
      1020 SSD -6.9544122E+02 -1.0599831E+01 -1.1808357E+01 -1.7664735E+00  1.1226395E+00 -2.4533879E+01 
      1021     -5.7911642E+01 -1.7055798E+00 -1.4932983E+00 -2.0516697E-01 -2.0803780E-01 -1.4047177E+00 
      1021 SSD -6.9600293E+02 -1.3585063E+01 -1.1717573E+01 -1.9031704E+00 -8.7533990E-01 -7.6895405E+00 
      1022     -5.7919115E+01 -2.0337722E+00 -1.5080323E+00  1.9538393E-01  4.1086543E-02  2.5550577E-01 
      1022 SSD -6.9614358E+02 -1.6857159E+01 -1.1682567E+01  8.7557230E-01  2.4406052E-01  1.0010735E+00 
      1023     -5.7787774E+01 -2.0490634E+00 -1.2620305E+00  3.2200284E-01 -1.2809879E+00 -1.2088978E-01 
      1023 SSD -6.9519281E+02 -1.6882612E+01 -8.9629725E+00  1.7982590E+00 -7.5663923E+00 -8.9908704E-01 
      1024     -5.7657169E+01 -2.0598963E+00 -9.0291182E-01  2.8969831E-01 -4.2396637E+00  4.5413890E-02 
      1024 SSD -6.9406109E+02 -1.6915792E+01 -5.7195039E+00  2.5435850E+00 -2.5294641E+01  7.6662202E-01 
      1025     -5.7542321E+01 -2.0651686E+00 -5.8521107E-01  2.1486137E-01 -7.3190423E+00  1.4613057E-01 
      1025 SSD -6.9290729E+02 -1.6934644E+01 -2.7815536E+00  2.4122111E+00 -4.4451377E+01  1.7288710E+00 
      1026     -5.7438033E+01 -2.0684607E+00 -2.6703061E-01  1.0218824E-01 -9.5944835E+00  2.3777286E-01 
      1026 SSD -6.9175612E+02 -1.6989781E+01  1.2312719E-01  1.7352593E+00 -5.9236100E+01  2.3615238E+00 
      1027     -5.7385438E+01 -2.0719958E+00  4.4681229E-02 -2.2267795E-02 -1.0564409E+01  2.4903881E-01 
      1027 SSD -6.9104392E+02 -1.7078492E+01  3.0928542E+00  5.9156517E-01 -6.5967570E+01  2.3154517E+00 
      1028     -5.7363025E+01 -2.0770013E+00  3.6166052E-01 -1.1960517E-01 -1.0059119E+01  1.7611580E-01 
      1028 SSD -6.9072777E+02 -1.7160768E+01  6.3068828E+00 -6.2869636E-01 -6.2588229E+01  1.3711206E+00 
      1029     -5.7394138E+01 -2.0794280E+00  6.6985065E-01 -2.2940152E-01 -8.1331517E+00  1.0783236E-01 
      1029 SSD -6.9081236E+02 -1.7192093E+01  9.6090992E+00 -1.8601900E+00 -4.9673221E+01  9.8322378E-02 
      1030     -5.7441030E+01 -2.0783460E+00  1.0001034E+00 -1.8868616E-01 -5.2833437E+00 -7.1664053E-02 
      1030 SSD -6.9113193E+02 -1.7136318E+01  1.3119492E+01 -1.8157985E+00 -3.1499503E+01 -1.3344669E+00 
      1031     -5.7565413E+01 -2.0745522E+00  1.2540552E+00 -3.2935620E-01 -1.9117048E+00 -3.3348271E-02 
      1031 SSD -6.9154073E+02 -1.7073582E+01  1.5949343E+01 -2.8738175E+00 -1.1096347E+01 -1.6891569E+00 
      1032     -5.7801625E+01  1.0341612E+00  1.4349988E+00  3.2149523E-01  1.3005944E+00  1.1527040E-01 
      1032 SSD -6.9481640E+02  1.3995012E+01  1.7013464E+01  1.8032502E+00  7.8047374E+00  8.3916699E-01 
      1033     -5.7719638E+01  1.0443096E+00  1.0809486E+00  2.9734449E-01  4.2989713E+00 -5.4305068E-02 
      1033 SSD -6.9445674E+02  1.4020179E+01  1.3770565E+01  2.5817251E+00  2.5943906E+01 -8.5383759E-01 
      1034     -5.7658910E+01  1.0493111E+00  7.6431899E-01  2.1339409E-01  7.4118903E+00 -1.5104586E-01 
      1034 SSD -6.9410612E+02  1.4034886E+01  1.0833736E+01  2.3910404E+00  4.5494013E+01 -1.7858063E+00 
      1035     -5.7610130E+01  1.0528248E+00  4.4786515E-01  9.7789185E-02  9.6873033E+00 -2.4772312E-01 
      1035 SSD -6.9377081E+02  1.4087309E+01  7.9338703E+00  1.6921439E+00  6.0429255E+01 -2.4730865E+00 
      1036     -5.7612357E+01  1.0570728E+00  1.3764621E-01 -2.7973326E-02  1.0633583E+01 -2.4724654E-01 
      1036 SSD -6.9385129E+02  1.4182085E+01  4.9836024E+00  5.4541486E-01  6.7132130E+01 -2.3290867E+00 
      1037     -5.7649317E+01  1.0616955E+00 -1.7934920E-01 -1.2547417E-01  1.0088929E+01 -1.8613475E-01 
      1037 SSD -6.9440773E+02  1.4259298E+01  1.7694089E+00 -6.8740947E-01  6.3473368E+01 -1.5544564E+00 
      1038     -5.7744742E+01  1.0637567E+00 -4.8649381E-01 -2.3546301E-01  8.1198300E+00 -1.2099509E-01 
      1038 SSD -6.9534905E+02  1.4298261E+01 -1.5027077E+00 -1.9017327E+00  5.0228334E+01 -1.6816801E-01 
      1039     -5.7847102E+01  1.0619139E+00 -8.1875007E-01 -1.8624292E-01  5.2604738E+00  7.8265422E-02 
      1039 SSD -6.9643807E+02  1.4245458E+01 -5.0205898E+00 -1.7847975E+00  3.1853871E+01  1.3404653E+00 
      1040     -5.8006071E+01  1.0613965E+00 -1.0574378E+00 -3.3312052E-01  1.9030001E+00  4.4221152E-02 
      1040 SSD -6.9755091E+02  1.4206789E+01 -7.7388034E+00 -2.9218234E+00  1.1230344E+01  1.6358641E+00 
      1041      7.1146813E+01 -5.3384088E-01  1.3469297E+00  3.2534060E-02  7.3989942E-02  1.5321838E+01 
      1041 SSD  2.3092740E+02 -2.0631573E+00  1.6553831E+01  3.1406059E-01  2.1488340E+00  1.1983356E+02 
      1042      2.2569829E+02 -5.2854307E-01  1.0319734E+00  3.1650728E-02  2.3056352E-01  1.6015357E+01 
      1042 SSD  1.4960489E+03 -1.8608490E+00  1.3421207E+01  3.1376098E-01  4.4265700E+00  1.3720722E+02 
      1043      3.6859696E+02 -5.2174163E-01  7.1758701E-01  3.1611758E-02  2.4217710E-01  1.2966352E+01 
      1043 SSD  2.7641817E+03 -1.6886286E+00  1.0289424E+01  3.1386284E-01  5.4404072E+00  1.2077739E+02 
      1044      4.6806379E+02 -5.1377781E-01  4.0407268E-01  3.1553740E-02  1.5113098E-01  7.2062139E+00 
      1044 SSD  3.7281306E+03 -1.5462345E+00  7.1651465E+00  3.1367029E-01  5.3194229E+00  7.5424794E+01 
      1045      5.0315551E+02 -5.0509988E-01  9.0896761E-02  3.1540470E-02 -3.7480276E-02 -9.0541886E-02 
      1045 SSD  4.0988205E+03 -1.4215102E+00  4.0458552E+00  3.1361434E-01 -3.5476989E-01 -5.4523396E-01 
      1046      4.6638057E+02 -4.9633709E-01 -2.2243107E-01  3.1566416E-02 -2.2359992E-01 -7.3640256E+00 
      1046 SSD  3.7178138E+03 -1.2964317E+00  9.2627176E-01  3.1371414E-01 -5.9862247E+00 -7.6398272E+01 
      1047      3.6571740E+02 -4.8810471E-01 -5.3643449E-01  3.1650424E-02 -3.0619611E-01 -1.3047576E+01 
      1047 SSD  2.7463594E+03 -1.1527639E+00 -2.1991840E+00  3.1410198E-01 -5.9900852E+00 -1.2129723E+02 
      1048      2.2255846E+02 -4.8076329E-01 -8.5191452E-01  3.1760837E-02 -2.7425536E-01 -1.5984890E+01 
      1048 SSD  1.4762263E+03 -9.7719173E-01 -5.3356953E+00  3.1452675E-01 -4.7677121E+00 -1.3707714E+02 
      1049      6.8877060E+01 -4.7459286E-01 -1.1694132E+00  3.2568767E-02 -8.9804802E-02 -1.5177269E+01 
      1049 SSD  2.1571186E+02 -7.6901027E-01 -8.4833175E+00  3.1398053E-01 -2.2483738E+00 -1.1904403E+02 
      1050      4.6750203E+02 -1.8757793E-01  1.0075467E-01  3.1506209E-02  7.2677049E+00  1.0058162E-01 
      1050 SSD  3.7253183E+03  1.7283887E+00  4.1755906E+00  3.1330348E-01  7.5787234E+01  5.1200014E+00 
      1051      3.6750983E+02  1.2871867E-01  1.1002970E-01  3.1435907E-02  1.3011537E+01  1.9512489E-01 
      1051 SSD  2.7576887E+03  4.8697419E+00  4.3225808E+00  3.1261738E-01  1.2111374E+02  5.1084613E+00 
      1052      2.2436281E+02  4.4298238E-01  1.1848419E-01  3.1343594E-02  1.6023881E+01  1.9645793E-01 
      1052 SSD  1.4870319E+03  7.9987494E+00  4.5001389E+00  3.1144820E-01  1.3737419E+02  3.8894147E+00 
      1053      6.9973175E+01  7.5510265E-01  1.2595910E-01  3.2016200E-02  1.5284105E+01  5.1605438E-02 
      1053 SSD  2.2232733E+02  1.1114022E+01  4.7091178E+00  3.1225614E-01  1.1964831E+02  1.3993717E+00 
      1054      3.3663605E+02  1.1912523E-01  4.2372967E-01  3.1449645E-02  1.2242142E+01  5.6751509E+00 
      1054 SSD  2.4409364E+03  4.7779053E+00  7.4147939E+00  3.1209486E-01  1.1118115E+02  5.4677534E+01 
      1055      2.5791891E+02  1.1058639E-01  7.3887334E-01  3.1509382E-02  1.0001166E+01  9.9543550E+00 
      1055 SSD  1.7263629E+03  4.6734935E+00  1.0485684E+01  3.1371067E-01  8.7102437E+01  8.7051589E+01 
      1056      1.4826446E+02  1.0353107E-01  1.0554971E+00  3.1534192E-02  6.7255454E+00  1.2057083E+01 
      1056 SSD  8.0566631E+02  4.5531400E+00  1.3573823E+01  3.1658545E-01  5.5371371E+01  9.7919651E+01 
      1057      3.3652664E+01  9.8140304E-02  1.3736687E+00  3.3897609E-02  3.0372244E+00  1.1128450E+01 
      1057 SSD -8.1197939E+01  4.4259871E+00  1.6728506E+01  3.4169541E-01  2.2697319E+01  8.1970580E+01 
      1058      3.3719381E+02 -2.0450781E-01  7.2851055E-01  3.1563559E-02  5.7371088E+00  1.2191899E+01 
      1058 SSD  2.4436412E+03  1.4827381E+00  1.0382630E+01  3.1456777E-01  5.5070521E+01  1.1102080E+02 
      1059      4.3207208E+02 -1.9651010E-01  4.1418860E-01  3.1520107E-02  6.9353486E+00  6.8726062E+00 
      1059 SSD  3.3425828E+03  1.6130907E+00  7.2830994E+00  3.1343591E-01  7.0218079E+01  6.9899393E+01 
      1060      2.0288860E+02 -2.1115021E-01  1.0438947E+00  3.1587505E-02  3.9106649E+00  1.4931976E+01 
      1060 SSD  1.2744157E+03  1.3292591E+00  1.3493110E+01  3.1703947E-01  3.5548861E+01  1.2564810E+02 
      1061      5.9727696E+01 -2.1607424E-01  1.3599266E+00  3.3317666E-02  1.7568061E+00  1.4076447E+01 
      1061 SSD  1.2580087E+02  1.1602494E+00  1.6636962E+01  3.3256815E-01  1.4833229E+01  1.0765407E+02 
      1062      3.3257919E+01  7.2986243E-01  7.5586513E-01  3.0174975E-02  1.1162836E+01  3.0006017E+00 
      1062 SSD -7.7610508E+01  1.0939098E+01  1.0717275E+01  2.8327555E-01  8.1922945E+01  2.2363490E+01 
      1063      1.4801158E+02  4.2335138E-01  7.4829095E-01  3.1333076E-02  1.2059606E+01  6.6738034E+00 
      1063 SSD  8.0694287E+02  7.8520121E+00  1.0601317E+01  3.0864297E-01  9.7533372E+01  5.5209675E+01 
      1064      5.8916169E+01  7.4271042E-01  4.3914456E-01  3.1167099E-02  1.4075440E+01  1.7051832E+00 
      1064 SSD  1.2426878E+02  1.1030582E+01  7.7396474E+00  2.9556557E-01  1.0760441E+02  1.3989885E+01 
      1065      2.0205184E+02  4.3256378E-01  4.3228128E-01  3.1331685E-02  1.4937686E+01  3.8406527E+00 
      1065 SSD  1.2714069E+03  7.9294129E+00  7.5690817E+00  3.0875200E-01  1.2549915E+02  3.4871453E+01 
      1066     -3.5073414E+01  7.0183669E-01  1.4078659E+00  3.0969145E-02  3.2352549E+00  3.1144743E+00 
      1066 SSD -5.5753081E+02  1.0763110E+01  1.6911523E+01  3.1739214E-01  1.9852452E+01  1.9914597E+01 
      1067     -1.1334521E+00  7.1661956E-01  1.0763104E+00  2.9743510E-02  7.2293048E+00  3.5688626E+00 
      1067 SSD -3.2866993E+02  1.0850420E+01  1.3737351E+01  2.8944623E-01  4.9769019E+01  2.4817532E+01 
      1068     -7.5670066E-01  4.1719078E-01  1.3876344E+00  3.3691531E-02  3.5368444E+00  7.1358879E+00 
      1068 SSD -3.3107366E+02  7.7421963E+00  1.6807754E+01  3.3868844E-01  2.4303723E+01  4.9751022E+01 
      1069      7.4269779E+01  4.1704954E-01  1.0666103E+00  3.1344755E-02  7.9588202E+00  7.9561419E+00 
      1069 SSD  2.1926547E+02  7.7779734E+00  1.3659157E+01  3.1130223E-01  6.0803498E+01  6.1282658E+01 
      1070      4.1262056E+01  1.6611309E-01 -1.1386518E+00  3.0641643E-02  3.0333089E+00 -1.1843443E+01 
      1070 SSD  2.2200392E+01  5.3347245E+00 -8.2937906E+00  2.9167036E-01  2.2022605E+01 -9.1168091E+01 
      1071      1.6086478E+02  1.6071747E-01 -8.2671861E-01  3.1518141E-02  6.5161421E+00 -1.2326126E+01 
      1071 SSD  9.7984365E+02  5.2110848E+00 -5.1650819E+00  3.1101759E-01  5.3840510E+01 -1.0147172E+02 
      1072      2.6976828E+02  1.5017426E-01 -5.1460342E-01  3.1466902E-02  9.8158983E+00 -9.8767096E+00 
      1072 SSD  1.9066628E+03  5.0774965E+00 -1.9850881E+00  3.1346548E-01  8.6408320E+01 -8.6555283E+01 
      1073      3.4371435E+02  1.3927251E-01 -2.0298991E-01  3.1425950E-02  1.2147904E+01 -5.3831067E+00 
      1073 SSD  2.5640580E+03  4.9653891E+00  1.1840744E+00  3.1347263E-01  1.1206800E+02 -4.8511920E+01 
      1074      2.0883966E+02 -1.6070171E-01 -8.3952868E-01  3.1736333E-02  3.4927333E+00 -1.5063251E+01 
      1074 SSD  1.3782490E+03  2.1442293E+00 -5.2586222E+00  3.1224441E-01  2.8997765E+01 -1.2837975E+02 
      1075      6.3226971E+01 -1.5441845E-01 -1.1547437E+00  3.1370872E-02  1.6165782E+00 -1.4449456E+01 
      1075 SSD  1.8461618E+02  2.3321585E+00 -8.3900358E+00  2.9709200E-01  1.1617802E+01 -1.1345090E+02 
      1076      3.4293362E+02 -1.6891367E-01 -5.2523998E-01  3.1598031E-02  5.2866736E+00 -1.2202517E+01 
      1076 SSD  2.5602706E+03  1.9814285E+00 -2.1002616E+00  3.1335786E-01  4.7888318E+01 -1.1219819E+02 
      1077      4.3566848E+02 -1.7813478E-01 -2.1231080E-01  3.1521556E-02  6.6556506E+00 -6.7566082E+00 
      1077 SSD  3.4341700E+03  1.8459240E+00  1.0469362E+00  3.1346173E-01  6.5559006E+01 -6.6183895E+01 
      1078      8.9467859E+00  8.0772854E-01 -8.1646623E-01  3.1722039E-02  7.9327073E+00 -3.6797213E+00 
      1078 SSD -2.2676370E+02  1.1452874E+01 -5.0268703E+00  3.2945872E-01  5.8974828E+01 -2.6327212E+01 
      1079      8.8999531E+01  4.8197555E-01 -8.1586732E-01  3.1415376E-02  8.1516152E+00 -8.2314161E+00 
      1079 SSD  3.9447986E+02  8.2718996E+00 -5.0623010E+00  3.1453978E-01  6.4521346E+01 -6.4383378E+01 
      1080     -2.8622783E+01  8.3563440E-01 -1.1048851E+00  2.8338225E-02  3.4729969E+00 -3.6111062E+00 
      1080 SSD -4.9433801E+02  1.1606621E+01 -8.0770792E+00  3.0422330E-01  2.4436050E+01 -2.4175504E+01 
      1081      8.1352083E+00  4.9127154E-01 -1.1140273E+00  2.9075313E-02  3.6328557E+00 -8.0025876E+00 
      1081 SSD -2.2540316E+02  8.3440097E+00 -8.1332674E+00  2.9156685E-01  2.6414107E+01 -5.8896243E+01 
      1082      4.2100782E+01  7.8269200E-01 -5.0064788E-01  3.2901913E-02  1.1877995E+01 -2.9939009E+00 
      1082 SSD  1.9675065E+01  1.1291137E+01 -1.7205423E+00  3.3836760E-01  9.1538450E+01 -2.1893450E+01 
      1083      1.6149696E+02  4.6728018E-01 -5.0563873E-01  3.1393944E-02  1.2262523E+01 -6.5670451E+00 
      1083 SSD  9.7976610E+02  8.1606222E+00 -1.8510596E+00  3.1643884E-01  1.0163665E+02 -5.3939181E+01 
      1084      6.4044544E+01  7.6862802E-01 -1.8902360E-01  3.2696819E-02  1.4512238E+01 -1.6293261E+00 
      1084 SSD  1.8464649E+02  1.1203244E+01  1.5320170E+00  3.2894500E-01  1.1384914E+02 -1.2179428E+01 
      1085      2.0996652E+02  4.5463300E-01 -1.9507628E-01  3.1351741E-02  1.5058661E+01 -3.5546294E+00 
      1085 SSD  1.3815678E+03  8.0726209E+00  1.3467953E+00  3.1481990E-01  1.2863691E+02 -2.9635824E+01 
      1086      6.9452926E+01 -1.7667538E+00  5.5836799E-02  3.2035429E-02 -1.5208807E+01 -1.0251032E-01 
      1086 SSD  2.1559987E+02 -1.3973683E+01  3.3690356E+00  3.1670692E-01 -1.1891224E+02 -1.7096018E+00 
      1087      2.2328056E+02 -1.4541517E+00  6.3062942E-02  3.1403790E-02 -1.5986131E+01 -3.0128729E-01 
      1087 SSD  1.4754937E+03 -1.0852589E+01  3.5823716E+00  3.1316142E-01 -1.3714837E+02 -4.5158924E+00 
      1088      3.6637551E+02 -1.1395120E+00  7.1572720E-02  3.1467977E-02 -1.3033966E+01 -3.4406812E-01 
      1088 SSD  2.7466054E+03 -7.7189013E+00  3.7645776E+00  3.1301160E-01 -1.2140408E+02 -6.0061470E+00 
      1089      4.6680537E+02 -8.2280364E-01  8.0970917E-02  3.1523876E-02 -7.3290152E+00 -2.7309739E-01 
      1089 SSD  3.7187397E+03 -4.5733233E+00  3.9148934E+00  3.1367215E-01 -7.6388239E+01 -6.1590192E+00 
      1090      2.0990927E+02 -1.4654030E+00  3.7666596E-01  3.1396109E-02 -1.5072483E+01  3.4526000E+00 
      1090 SSD  1.3769497E+03 -1.0921392E+01  6.7404333E+00  3.1618197E-01 -1.2872567E+02  2.8860662E+01 
      1091      1.6233507E+02 -1.4773783E+00  6.8747058E-01  3.1608166E-02 -1.2316671E+01  6.4888335E+00 
      1091 SSD  9.8223244E+02 -1.1004807E+01  9.9474383E+00  3.1819337E-01 -1.0194764E+02  5.3276382E+01 
      1092      9.0319327E+01 -1.4909525E+00  9.9745320E-01  3.1681135E-02 -8.2105648E+00  8.2171882E+00 
      1092 SSD  4.0201520E+02 -1.1110101E+01  1.3161977E+01  3.1542763E-01 -6.4865123E+01  6.4043570E+01 
      1093      9.3175180E+00 -1.4994249E+00  1.2955333E+00  3.0776434E-02 -3.6817324E+00  8.0490657E+00 
      1093 SSD -2.1629589E+02 -1.1179352E+01  1.6237880E+01  3.0162630E-01 -2.6686458E+01  5.8940655E+01 
      1094      4.2571233E+01 -1.7954356E+00  6.8292856E-01  3.2847164E-02 -1.1897026E+01  2.9577911E+00 
      1094 SSD  2.0853822E+01 -1.4154406E+01  9.8203453E+00  3.3866783E-01 -9.1457949E+01  2.1507659E+01 
      1095      6.4048694E+01 -1.7803715E+00  3.7101832E-01  3.2569855E-02 -1.4488074E+01  1.5791394E+00 
      1095 SSD  1.8172198E+02 -1.4060364E+01  6.5532360E+00  3.3183966E-01 -1.1340615E+02  1.1747411E+01 
      1096      9.6996688E+00 -1.8198663E+00  9.9977261E-01  3.1264118E-02 -7.9912197E+00  3.6632917E+00 
      1096 SSD -2.2210713E+02 -1.4312714E+01  1.3139226E+01  3.2468330E-01 -5.9216137E+01  2.6002262E+01 
      1097     -2.7882590E+01 -1.8521248E+00  1.2934214E+00  2.7620700E-02 -3.5220935E+00  3.6334471E+00 
      1097 SSD -4.8757258E+02 -1.4498463E+01  1.6228674E+01  2.9687530E-01 -2.4681988E+01  2.4080926E+01 
      1098      3.4510535E+02 -8.4047401E-01  7.0647940E-01  3.1601090E-02 -5.3650611E+00  1.2111581E+01 
      1098 SSD  2.5723138E+03 -4.8193576E+00  1.0192183E+01  3.1336924E-01 -4.8502535E+01  1.1154400E+02 
      1099      2.7120788E+02 -1.1601282E+00  6.9621273E-01  3.1470620E-02 -9.8846492E+00  9.7874447E+00 
      1099 SSD  1.9131563E+03 -7.9191216E+00  1.0079739E+01  3.1375647E-01 -8.6906241E+01  8.5848328E+01 
      1100      4.3660457E+02 -8.3182055E-01  3.9394290E-01  3.1525336E-02 -6.7310367E+00  6.6007849E+00 
      1100 SSD  3.4378530E+03 -4.6873789E+00  7.0445588E+00  3.1370855E-01 -6.6217268E+01  6.5171340E+01 
      1101      3.4400458E+02 -1.1496205E+00  3.8464201E-01  3.1448568E-02 -1.2201095E+01  5.2442294E+00 
      1101 SSD  2.5622094E+03 -7.8099407E+00  6.9062548E+00  3.1386578E-01 -1.1251551E+02  4.7555188E+01 
      1102      6.5233267E+01 -8.5327196E-01  1.3333843E+00  3.1414555E-02 -1.6567577E+00  1.4562634E+01 
      1102 SSD  1.9822679E+02 -5.1605167E+00  1.6472849E+01  2.9652472E-01 -1.1844406E+01  1.1399928E+02 
      1103      2.1143872E+02 -8.4787643E-01  1.0198406E+00  3.1728274E-02 -3.5583749E+00  1.5070919E+01 
      1103 SSD  1.3941039E+03 -4.9777123E+00  1.3347561E+01  3.1173208E-01 -2.9455150E+01  1.2828564E+02 
      1104      4.2873839E+01 -1.1764743E+00  1.3201558E+00  3.0597671E-02 -3.0764076E+00  1.1924736E+01 
      1104 SSD  3.3631933E+01 -8.1799388E+00  1.6393744E+01  2.9147774E-01 -2.2239918E+01  9.1472438E+01 
      1105      1.6280967E+02 -1.1705204E+00  1.0079132E+00  3.1487786E-02 -6.5842844E+00  1.2315820E+01 
      1105 SSD  9.9129073E+02 -8.0519911E+00  1.3260777E+01  3.1109529E-01 -5.4279988E+01  1.0119037E+02 
      1106     -2.1361138E+00 -1.4282014E+00 -1.2105007E+00  3.3894804E-02 -3.4678190E+00 -7.0357667E+00 
      1106 SSD -3.4095792E+02 -1.0609394E+01 -8.7462547E+00  3.4254825E-01 -2.3912334E+01 -4.9081099E+01 
      1107      7.2040285E+01 -1.4289759E+00 -8.8751664E-01  3.1533994E-02 -7.8400629E+00 -7.8906407E+00 
      1107 SSD  2.0338507E+02 -1.0648257E+01 -5.5901507E+00  3.1401611E-01 -6.0111805E+01 -6.0767202E+01 
      1108      1.4548652E+02 -1.4352410E+00 -5.6806098E-01  3.1458081E-02 -1.1939542E+01 -6.6871632E+00 
      1108 SSD  7.8813447E+02 -1.0718173E+01 -2.5283737E+00  3.0994709E-01 -9.6827782E+01 -5.5166406E+01 
      1109      2.0001555E+02 -1.4440951E+00 -2.5119961E-01  3.1380702E-02 -1.4853350E+01 -3.9306553E+00 
      1109 SSD  1.2545554E+03 -1.0789034E+01  5.0797094E-01  3.0986754E-01 -1.2498722E+02 -3.5324988E+01 
      1110     -2.0817999E+00 -1.7320608E+00 -8.9757052E-01  2.9731326E-02 -7.0845415E+00 -3.5388381E+00 
      1110 SSD -3.3642729E+02 -1.3748342E+01 -5.6761800E+00  2.8784579E-01 -4.8810007E+01 -2.4549362E+01 
      1111     -3.5614983E+01 -1.7216758E+00 -1.2316580E+00  3.1892155E-02 -3.1343474E+00 -3.0666197E+00 
      1111 SSD -5.6218803E+02 -1.3690773E+01 -8.8559131E+00  3.2055489E-01 -1.9210414E+01 -1.9552729E+01 
      1112      3.2113792E+01 -1.7430166E+00 -5.7597867E-01  3.0411724E-02 -1.1000123E+01 -2.9987574E+00 
      1112 SSD -8.7314767E+01 -1.3818276E+01 -2.6539838E+00  2.8813203E-01 -8.0782843E+01 -2.2266613E+01 
      1113      5.7944863E+01 -1.7546704E+00 -2.5806503E-01  3.1129879E-02 -1.3941664E+01 -1.7451396E+00 
      1113 SSD  1.1503644E+02 -1.3896221E+01  3.2946493E-01  2.9829476E-01 -1.0656977E+02 -1.4191029E+01 
      1114      1.9952444E+02 -8.0039498E-01 -8.6395465E-01  3.1734680E-02 -3.9121409E+00 -1.4874420E+01 
      1114 SSD  1.2525349E+03 -4.1868811E+00 -5.4105087E+00  3.1748099E-01 -3.5619225E+01 -1.2527106E+02 
      1115      1.4517494E+02 -1.1158778E+00 -8.7599676E-01  3.1617611E-02 -6.6694704E+00 -1.1980911E+01 
      1115 SSD  7.8491946E+02 -7.4221661E+00 -5.4974595E+00  3.1841385E-01 -5.5086198E+01 -9.7363757E+01 
      1116      5.7479434E+01 -7.9614006E-01 -1.1817755E+00  3.3389930E-02 -1.7375950E+00 -1.3910296E+01 
      1116 SSD  1.1076434E+02 -4.0242710E+00 -8.5654718E+00  3.3211739E-01 -1.4696024E+01 -1.0665693E+02 
      1117      3.1710597E+01 -1.1110440E+00 -1.1946351E+00  3.3878685E-02 -2.9949010E+00 -1.0976248E+01 
      1117 SSD -9.4345545E+01 -7.3020999E+00 -8.6515406E+00  3.4445214E-01 -2.2447787E+01 -8.1007186E+01 
      1118      4.2978823E+02 -8.1420150E-01 -2.3267208E-01  3.1557701E-02 -6.9809738E+00 -7.0205472E+00 
      1118 SSD  3.3265193E+03 -4.4615569E+00  8.0592927E-01  3.1378658E-01 -7.0697148E+01 -7.0762919E+01 
      1119      3.3385860E+02 -8.0654777E-01 -5.4753958E-01  3.1638531E-02 -5.7645664E+00 -1.2254840E+01 
      1119 SSD  2.4215697E+03 -4.3352796E+00 -2.2955444E+00  3.1489557E-01 -5.5378559E+01 -1.1135283E+02 
      1120      3.3415336E+02 -1.1303378E+00 -2.4246886E-01  3.1501982E-02 -1.2232671E+01 -5.8009993E+00 
      1120 SSD  2.4220192E+03 -7.6324237E+00  6.6905204E-01  3.1257056E-01 -1.1126133E+02 -5.5369018E+01 
      1121      2.5462786E+02 -1.1222945E+00 -5.5831770E-01  3.1571434E-02 -9.9639776E+00 -9.9922461E+00 
      1121 SSD  1.7034193E+03 -7.5346210E+00 -2.4050586E+00  3.1418936E-01 -8.6972484E+01 -8.7167334E+01 

