      NODE            V1             V2             V3             VR1            VR2            VR3
      1001     -5.0087089E+02 -2.4429214E+01  1.2405636E+01  1.4423290E+00  4.1676169E+00 -4.2340082E+00 
      1001 SSD -1.9323630E+03 -6.8326566E+01  5.1269673E+01  4.4826694E+00  1.3742113E+01 -1.4352961E+01 
      1002     -5.0000454E+02 -2.3333228E+01  1.2190396E+01  4.8527570E+00  3.8650082E-01  1.4153596E+01 
      1002 SSD -1.9296283E+03 -6.4055323E+01  5.0469482E+01  1.6193761E+01  2.7635157E+00  4.7588266E+01 
      1003     -4.9901144E+02 -1.9507790E+01  1.2405439E+01  1.9099316E+00  2.7661941E-01  4.1388180E+01 
      1003 SSD -1.9265338E+03 -5.0734516E+01  5.1115730E+01  6.9958231E+00  1.7800817E+00  1.3759487E+02 
      1004     -4.9879236E+02 -1.6995989E+01  1.2371687E+01  1.4268178E+00 -9.6766350E-01  6.6006225E+01 
      1004 SSD -1.9256560E+03 -4.1990095E+01  5.0983506E+01  5.7494970E+00 -2.4361742E+00  2.1931785E+02 
      1005     -4.9853735E+02 -1.4166059E+01  1.2417116E+01  3.9066568E-01 -1.5486327E+00  8.2366909E+01 
      1005 SSD -1.9247945E+03 -3.2141891E+01  5.1151945E+01  2.2426429E+00 -5.3231106E+00  2.7354927E+02 
      1006     -4.9863416E+02 -1.1436192E+01  1.2458193E+01 -6.4994255E-01 -1.9835329E+00  8.6929760E+01 
      1006 SSD -1.9251018E+03 -2.2430637E+01  5.1361642E+01 -1.6444333E+00 -7.1892586E+00  2.8784135E+02 
      1007     -4.9908203E+02 -8.7242322E+00  1.2493817E+01 -1.4388141E+00 -1.8484615E+00  7.9163542E+01 
      1007 SSD -1.9268685E+03 -1.2578293E+01  5.1541590E+01 -4.8712414E+00 -6.8013623E+00  2.6035913E+02 
      1008     -4.9999179E+02 -6.1219318E+00  1.2484428E+01 -2.0485910E+00 -1.1838922E+00  6.0685320E+01 
      1008 SSD -1.9302194E+03 -3.0304141E+00  5.1535671E+01 -7.2134251E+00 -4.7311162E+00  1.9797936E+02 
      1009     -5.0082130E+02 -3.1758882E+00  1.2554465E+01 -1.4023860E+00 -8.0655386E-01  3.6259126E+01 
      1009 SSD -1.9334428E+03  7.6964090E+00  5.1727431E+01 -5.2153574E+00 -3.1065343E+00  1.1743920E+02 
      1010     -5.0246953E+02 -1.0560057E+00  1.2494835E+01 -2.0357289E+00  1.9390581E+00  1.1553359E+01 
      1010 SSD -1.9387326E+03  1.5646909E+01  5.1511793E+01 -7.4519328E+00  5.8763982E+00  3.7238549E+01 
      1011     -5.0281432E+02  1.8283643E+00  1.2675965E+01  2.2608331E+00 -5.8064725E-01 -2.0660148E+00 
      1011 SSD -1.9404128E+03  2.5995393E+01  5.1961121E+01  6.9345156E+00 -1.9075096E+00 -6.1683773E+00 
      1012     -5.0559565E+02  1.8763607E+00 -1.4481557E+01  1.5587930E+00 -4.2140311E+00  3.8493829E+00 
      1012 SSD -1.9508142E+03  2.6044880E+01 -4.5448076E+01  4.9399931E+00 -1.3928864E+01  1.3199559E+01 
      1013     -5.0431771E+02  8.1300562E-01 -1.4251116E+01  4.1251050E+00 -4.3526461E-01 -1.3388435E+01 
      1013 SSD -1.9464087E+03  2.1862976E+01 -4.4593695E+01  1.3932907E+01 -2.7671449E+00 -4.5835377E+01 
      1014     -5.0295686E+02 -2.7511873E+00 -1.4405089E+01  2.1124929E+00 -3.3088000E-01 -3.9417780E+01 
      1014 SSD -1.9417824E+03  9.3323170E+00 -4.5049929E+01  7.5898261E+00 -1.8012275E+00 -1.3325567E+02 
      1015     -5.0235341E+02 -5.3934244E+00 -1.4368807E+01  1.4606725E+00  9.0318899E-01 -6.2887926E+01 
      1015 SSD -1.9393668E+03  1.2912542E-01 -4.4911013E+01  5.8037428E+00  2.4110402E+00 -2.1260445E+02 
      1016     -5.0169942E+02 -8.1381347E+00 -1.4398636E+01  4.6839740E-01  1.5003697E+00 -7.8293034E+01 
      1016 SSD -1.9369024E+03 -9.4952905E+00 -4.5037603E+01  2.3290478E+00  5.3102001E+00 -2.6471534E+02 
      1017     -5.0139371E+02 -1.0853982E+01 -1.4436270E+01 -4.8313926E-01  2.0099597E+00 -8.2444595E+01 
      1017 SSD -1.9355968E+03 -1.9158434E+01 -4.5235688E+01 -1.2741022E+00  7.3804411E+00 -2.7803599E+02 
      1018     -5.0147447E+02 -1.3652179E+01 -1.4484005E+01 -1.2223193E+00  1.8811040E+00 -7.4992453E+01 
      1018 SSD -1.9358808E+03 -2.9306540E+01 -4.5453286E+01 -4.2291100E+00  6.9457290E+00 -2.5131616E+02 
      1019     -5.0201390E+02 -1.6299117E+01 -1.4491526E+01 -2.1137287E+00  1.2203891E+00 -5.7272944E+01 
      1019 SSD -1.9377574E+03 -3.8992994E+01 -4.5499945E+01 -7.5449436E+00  4.7735566E+00 -1.9042059E+02 
      1020     -5.0243298E+02 -1.9114924E+01 -1.4539632E+01 -1.5683937E+00  9.4726234E-01 -3.4018262E+01 
      1020 SSD -1.9393024E+03 -4.9260447E+01 -4.5621348E+01 -5.7969810E+00  3.5127005E+00 -1.1218396E+02 
      1021     -5.0360107E+02 -2.1476019E+01 -1.4483333E+01 -1.6636362E+00 -1.5726706E+00 -1.1098498E+01 
      1021 SSD -1.9428574E+03 -5.7915917E+01 -4.5389092E+01 -6.1668490E+00 -5.0735857E+00 -3.6253700E+01 
      1022     -5.0367163E+02 -2.4287577E+01 -1.4601660E+01  1.5231729E+00  3.4562071E-01  1.9511804E+00 
      1022 SSD -1.9431495E+03 -6.7981350E+01 -4.5663893E+01  4.8551945E+00  1.1706194E+00  6.1259240E+00 
      1023     -5.0259822E+02 -2.4402414E+01 -1.2436699E+01  2.5638658E+00 -1.0261266E+01 -1.0168100E+00 
      1023 SSD -1.9394801E+03 -6.8317168E+01 -3.7785131E+01  8.4340800E+00 -3.3773415E+01 -3.4819424E+00 
      1024     -5.0150946E+02 -2.4479223E+01 -9.3833948E+00  2.3325725E+00 -3.3927554E+01  3.5200877E-01 
      1024 SSD -1.9356354E+03 -6.8550693E+01 -2.7087689E+01  8.4661686E+00 -1.1190819E+02  1.6766395E+00 
      1025     -5.0053380E+02 -2.4516157E+01 -6.6738554E+00  1.7440356E+00 -5.8516393E+01  1.1681595E+00 
      1025 SSD -1.9320562E+03 -6.8671992E+01 -1.7587158E+01  6.8046597E+00 -1.9367819E+02  4.7006523E+00 
      1026     -4.9964439E+02 -2.4539593E+01 -3.9608912E+00  8.4197089E-01 -7.6608342E+01  1.9131326E+00 
      1026 SSD -1.9287174E+03 -6.8792197E+01 -8.0904676E+00  3.7893633E+00 -2.5447214E+02  7.2119337E+00 
      1027     -4.9915999E+02 -2.4566772E+01 -1.3015169E+00 -1.5533672E-01 -8.4234211E+01  1.9826599E+00 
      1027 SSD -1.9268391E+03 -6.8954488E+01  1.3316225E+00  1.0067468E-01 -2.8054395E+02  7.3395901E+00 
      1028     -4.9890540E+02 -2.4609059E+01  1.3892281E+00 -9.2676081E-01 -8.0161005E+01  1.3905988E+00 
      1028 SSD -1.9259526E+03 -6.9145061E+01  1.1076406E+01 -3.0856066E+00 -2.6670677E+02  4.8964305E+00 
      1029     -4.9908055E+02 -2.4633194E+01  4.0060683E+00 -1.8057249E+00 -6.4845434E+01  8.6481102E-01 
      1029 SSD -1.9265498E+03 -6.9238413E+01  2.0718627E+01 -6.5365787E+00 -2.1472383E+02  2.2871268E+00 
      1030     -4.9938374E+02 -2.4629881E+01  6.8038698E+00 -1.4924023E+00 -4.2147395E+01 -5.6287487E-01 
      1030 SSD -1.9277128E+03 -6.9175165E+01  3.1011331E+01 -5.6709387E+00 -1.3870290E+02 -2.7570432E+00 
      1031     -5.0030668E+02 -2.4605480E+01  9.0080377E+00 -2.6315467E+00 -1.5239426E+01 -2.5293588E-01 
      1031 SSD -1.9305058E+03 -6.9054370E+01  3.9142227E+01 -9.5918643E+00 -4.9786244E+01 -2.3272727E+00 
      1032     -5.0225218E+02  1.9376427E+00  1.0471226E+01  2.6171862E+00  1.0345542E+01  8.8701885E-01 
      1032 SSD -1.9387758E+03  2.6304817E+01  4.3892218E+01  8.5060596E+00  3.4300729E+01  3.1904740E+00 
      1033     -5.0167134E+02  2.0218696E+00  7.4676928E+00  2.4164728E+00  3.4173359E+01 -4.6647553E-01 
      1033 SSD -1.9368895E+03  2.6535448E+01  3.3312696E+01  8.6880756E+00  1.1340446E+02 -2.0088610E+00 
      1034     -5.0125154E+02  2.0657882E+00  4.7664191E+00  1.7317336E+00  5.8859020E+01 -1.2239695E+00 
      1034 SSD -1.9354113E+03  2.6661072E+01  2.3837221E+01  6.7564838E+00  1.9597067E+02 -4.8898201E+00 
      1035     -5.0093794E+02  2.0964988E+00  2.0584356E+00  7.9459306E-01  7.6816514E+01 -1.9825311E+00 
      1035 SSD -1.9342282E+03  2.6791958E+01  1.4368983E+01  3.6442614E+00  2.5669253E+02 -7.5181125E+00 
      1036     -5.0102730E+02  2.1314729E+00 -6.0439329E-01 -2.2120079E-01  8.4185140E+01 -1.9449126E+00 
      1036 SSD -1.9344781E+03  2.6977764E+01  4.9735752E+00 -8.4443599E-02  2.8213551E+02 -7.2934619E+00 
      1037     -5.0138055E+02  2.1699778E+00 -3.3131154E+00 -9.9750139E-01  7.9817484E+01 -1.4342154E+00 
      1037 SSD -1.9358799E+03  2.7155845E+01 -4.7961523E+00 -3.2902066E+00  2.6725336E+02 -5.2304108E+00 
      1038     -5.0219857E+02  2.1868013E+00 -5.9400577E+00 -1.8792474E+00  6.4261488E+01 -9.3309581E-01 
      1038 SSD -1.9388410E+03  2.7243010E+01 -1.4416811E+01 -6.7294345E+00  2.1423990E+02 -2.5732598E+00 
      1039     -5.0307977E+02  2.1685987E+00 -8.7698266E+00 -1.4957366E+00  4.1646468E+01  6.3287657E-01 
      1039 SSD -1.9421220E+03  2.7154789E+01 -2.4779049E+01 -5.6239816E+00  1.3807716E+02  2.9126319E+00 
      1040     -5.0438434E+02  2.1618713E+00 -1.0855630E+01 -2.6740103E+00  1.5057968E+01  3.6978668E-01 
      1040 SSD -1.9465112E+03  2.7109270E+01 -3.2511174E+01 -9.7259910E+00  4.9566026E+01  2.5395135E+00 
      1041      5.3167403E+02 -1.1393307E+01  9.7512797E+00  2.7688369E-01  4.5457601E-01  1.2240284E+02 
      1041 SSD  1.6115948E+03 -2.2077441E+01  4.1611768E+01  9.8545646E-01  3.1938771E+00  4.3107872E+02 
      1042      1.7629556E+03 -1.1362769E+01  7.0652998E+00  2.6987793E-01  1.5720396E+00  1.2723199E+02 
      1042 SSD  6.0095787E+03 -2.1789198E+01  3.1970327E+01  9.6767221E-01  8.2002518E+00  4.6111617E+02 
      1043      2.8947798E+03 -1.1317945E+01  4.3839407E+00  2.6957058E-01  1.5925126E+00  1.0228208E+02 
      1043 SSD  1.0161116E+04 -2.1496508E+01  2.2341327E+01  9.6702590E-01  9.2690393E+00  3.8157178E+02 
      1044      3.6756198E+03 -1.1261039E+01  1.7091017E+00  2.6911450E-01  8.8589471E-01  5.6050805E+01 
      1044 SSD  1.3118478E+04 -2.1205077E+01  1.2736121E+01  9.6571431E-01  7.4366914E+00  2.1885051E+02 
      1045      3.9457169E+03 -1.1195566E+01 -9.6379718E-01  2.6901425E-01 -2.1596095E-01 -1.2809347E+00 
      1045 SSD  1.4183808E+04 -2.0912192E+01  3.1410677E+00  9.6541785E-01 -9.6985553E-01 -3.1183496E+00 
      1046      3.6518668E+03 -1.1126852E+01 -3.6386204E+00  2.6921378E-01 -1.3185813E+00 -5.8303850E+01 
      1046 SSD  1.3060455E+04 -2.0613799E+01 -6.4585038E+00  9.6602336E-01 -9.3188005E+00 -2.2432746E+02 
      1047      2.8535393E+03 -1.1060301E+01 -6.3192686E+00  2.6984811E-01 -2.0144321E+00 -1.0355912E+02 
      1047 SSD  1.0060955E+04 -2.0305634E+01 -1.6077858E+01  9.6801058E-01 -1.0956022E+01 -3.8455570E+02 
      1048      1.7165024E+03 -1.0999350E+01 -9.0116990E+00  2.7065734E-01 -1.9065047E+00 -1.2699678E+02 
      1048 SSD  5.8981034E+03 -1.9983059E+01 -2.5737224E+01  9.7049327E-01 -9.3861342E+00 -4.6037018E+02 
      1049      4.9657813E+02 -1.0946818E+01 -1.1719179E+01  2.7642377E-01 -6.3160494E-01 -1.2032954E+02 
      1049 SSD  1.5281448E+03 -1.9651678E+01 -3.5445873E+01  9.8518881E-01 -3.6770514E+00 -4.2616184E+02 
      1050      3.6653374E+03 -8.4902466E+00 -8.8732110E-01  2.6875988E-01  5.7106418E+01 -1.0819879E-01 
      1050 SSD  1.3096503E+04 -1.1205688E+01  3.4638577E+00  9.6447230E-01  2.2119534E+02  5.3992916E+00 
      1051      2.8758347E+03 -5.7957748E+00 -8.1508890E-01  2.6826191E-01  1.0300811E+02  7.6944775E-01 
      1051 SSD  1.0119133E+04 -1.5330637E+00  3.7920343E+00  9.6251137E-01  3.8327429E+02  7.3696965E+00 
      1052      1.7401509E+03 -3.1173913E+00 -7.4943305E-01  2.6765305E-01  1.2732392E+02  1.0520851E+00 
      1052 SSD  5.9577995E+03  8.0874045E+00  4.1329128E+00  9.5973792E-01  4.6147591E+02  6.6387307E+00 
      1053      5.1242025E+02 -4.5424964E-01 -6.9207096E-01  2.7337912E-01  1.2160237E+02  2.2900615E-01 
      1053 SSD  1.5664441E+03  1.7654868E+01  4.4834246E+00  9.7537375E-01  4.2949051E+02  1.9514249E+00 
      1054      2.6386349E+03 -5.8686177E+00  1.8661119E+00  2.6830282E-01  9.7191293E+01  4.4255826E+01 
      1054 SSD  9.1953857E+03 -1.8128970E+00  1.3377588E+01  9.6218611E-01  3.5828706E+02  1.6766361E+02 
      1055      2.0190487E+03 -5.9310683E+00  4.5574402E+00  2.6863014E-01  7.9661344E+01  7.8725214E+01 
      1055 SSD  6.9007416E+03 -2.0808926E+00  2.2969440E+01  9.6469533E-01  2.8943080E+02  2.8770621E+02 
      1056      1.1484305E+03 -5.9799153E+00  7.2578339E+00  2.6861793E-01  5.3753191E+01  9.6008555E+01 
      1056 SSD  3.7617845E+03 -2.3321148E+00  3.2602742E+01  9.6760926E-01  1.9174944E+02  3.4248868E+02 
      1057      2.3314175E+02 -6.0145795E+00  9.9663761E+00  2.8747331E-01  2.4368600E+01  8.9123463E+01 
      1057 SSD  5.4390914E+02 -2.5555323E+00  4.2325189E+01  1.0410199E+00  8.4429514E+01  3.0889802E+02 
      1058      2.6484751E+03 -8.6148455E+00  4.4728523E+00  2.6908554E-01  4.5314465E+01  9.6281578E+01 
      1058 SSD  9.2163520E+03 -1.1775146E+01  2.2656154E+01  9.6661568E-01  1.7004868E+02  3.5645977E+02 
      1059      3.3939465E+03 -8.5574965E+00  1.7897303E+00  2.6883209E-01  5.4592224E+01  5.3475212E+01 
      1059 SSD  1.2017383E+04 -1.1494243E+01  1.3055767E+01  9.6481427E-01  2.0898272E+02  2.0658444E+02 
      1060      1.5835458E+03 -8.6592051E+00  7.1629027E+00  2.6912382E-01  3.0977591E+01  1.1875858E+02 
      1060 SSD  5.3341525E+03 -1.2048165E+01  3.2285698E+01  9.6921482E-01  1.1401544E+02  4.2804875E+02 
      1061      4.4157280E+02 -8.6886727E+00  9.8559169E+00  2.8278702E-01  1.3958502E+01  1.1261549E+02 
      1061 SSD  1.2788922E+03 -1.2300507E+01  4.1956902E+01  1.0195290E+00  5.0128401E+01  3.9416554E+02 
      1062      2.2409761E+02 -6.5177698E-01  4.6975379E+00  2.5805212E-01  8.9344411E+01  2.3757282E+01 
      1062 SSD  5.3149438E+02  1.6977374E+01  2.3547873E+01  9.0767598E-01  3.0949903E+02  8.2957577E+01 
      1063      1.1419455E+03 -3.2669159E+00  4.6347393E+00  2.6732575E-01  9.6410635E+01  5.2833671E+01 
      1063 SSD  3.7520406E+03  7.5537498E+00  2.3276503E+01  9.5651517E-01  3.4267869E+02  1.8989102E+02 
      1064      4.2662299E+02 -5.5139092E-01  1.9897507E+00  2.6647294E-01  1.1230607E+02  1.3346186E+01 
      1064 SSD  1.2497649E+03  1.7324329E+01  1.4007130E+01  9.4137572E-01  3.9372281E+02  4.8009878E+01 
      1065      1.5679788E+03 -3.1976849E+00  1.9346940E+00  2.6748183E-01  1.1903120E+02  3.0002741E+01 
      1065 SSD  5.3026834E+03  7.8113423E+00  1.3701448E+01  9.5682499E-01  4.2832794E+02  1.1139412E+02 
      1066     -3.1983598E+02 -8.7250211E-01  1.0246363E+01  2.6345286E-01  2.6124593E+01  2.4848137E+01 
      1066 SSD -1.3364581E+03  1.6237547E+01  4.3213417E+01  9.5684685E-01  8.6239492E+01  8.3388052E+01 
      1067     -4.9148017E+01 -7.5582137E-01  7.4296439E+00  2.5399386E-01  5.8068487E+01  2.8393374E+01 
      1067 SSD -4.1663794E+02  1.6623580E+01  3.3190604E+01  9.0359302E-01  1.9760596E+02  9.7291009E+01 
      1068     -4.3357446E+01 -3.3037684E+00  1.0080379E+01  2.8571668E-01  2.8488024E+01  5.7132787E+01 
      1068 SSD -4.0747501E+02  7.3320017E+00  4.2691332E+01  1.0341057E+00  9.6602116E+01  1.9541172E+02 
      1069      5.5595654E+02 -3.3115980E+00  7.3493499E+00  2.6713147E-01  6.3849749E+01  6.3380014E+01 
      1069 SSD  1.6706205E+03  7.3592929E+00  3.2915017E+01  9.5875100E-01  2.2306024E+02  2.2287063E+02 
      1070      2.7849470E+02 -5.4986150E+00 -1.1481931E+01  2.6096945E-01  2.3891041E+01 -9.3764652E+01 
      1070 SSD  7.7387194E+02 -3.2302868E-01 -3.4649941E+01  9.2349371E-01  8.3234719E+01 -3.3029549E+02 
      1071      1.2268418E+03 -5.5430512E+00 -8.8201327E+00  2.6870278E-01  5.1526995E+01 -9.7857622E+01 
      1071 SSD  4.1478561E+03 -5.5538762E-01 -2.5072237E+01  9.6233694E-01  1.8549217E+02 -3.5062160E+02 
      1072      2.0918818E+03 -5.6274462E+00 -6.1541461E+00  2.6841593E-01  7.7650609E+01 -7.8520353E+01 
      1072 SSD  7.2764182E+03 -8.9897920E-01 -1.5438956E+01  9.6378083E-01  2.8443291E+02 -2.8633506E+02 
      1073      2.6811286E+03 -5.7136326E+00 -3.4906532E+00  2.6816642E-01  9.6045097E+01 -4.3102038E+01 
      1073 SSD  9.4323785E+03 -1.2281556E+00 -5.8236851E+00  9.6309515E-01  3.5673377E+02 -1.5804128E+02 
      1074      1.6064159E+03 -8.2767850E+00 -8.9176156E+00  2.7042483E-01  2.7668850E+01 -1.1957785E+02 
      1074 SSD  5.5168272E+03 -1.0258271E+01 -2.5416774E+01  9.6784733E-01  9.9844873E+01 -4.3280756E+02 
      1075      4.5159058E+02 -8.2253305E+00 -1.1606153E+01  2.6684680E-01  1.2718353E+01 -1.1443891E+02 
      1075 SSD  1.3802467E+03 -9.9482353E+00 -3.5063164E+01  9.4415913E-01  4.4327267E+01 -4.0541321E+02 
      1076      2.6708369E+03 -8.3433150E+00 -6.2346996E+00  2.6942172E-01  4.1903564E+01 -9.6833851E+01 
      1076 SSD  9.4073377E+03 -1.0583464E+01 -1.5760816E+01  9.6625827E-01  1.5489603E+02 -3.5845221E+02 
      1077      3.4074592E+03 -8.4167444E+00 -3.5616969E+00  2.6886982E-01  5.2530782E+01 -5.3794121E+01 
      1077 SSD  1.2153420E+04 -1.0901914E+01 -6.1412624E+00  9.6491170E-01  1.9948238E+02 -2.0275432E+02 
      1078      2.5500683E+01 -4.3882952E-02 -8.7468172E+00  2.7112992E-01  6.2712948E+01 -2.9229842E+01 
      1078 SSD -1.2465667E+02  1.9034456E+01 -2.4736660E+01  9.8726883E-01  2.1888630E+02 -1.0086891E+02 
      1079      6.5855660E+02 -2.8107333E+00 -8.7383842E+00  2.6785400E-01  6.4470361E+01 -6.5385200E+01 
      1079 SSD  2.1114320E+03  9.1373634E+00 -2.4757745E+01  9.6357105E-01  2.2906625E+02 -2.3094190E+02 
      1080     -2.7255319E+02  1.7440909E-01 -1.1221106E+01  2.4328431E-01  2.7326254E+01 -2.8591676E+01 
      1080 SSD -1.1520260E+03  1.9742841E+01 -3.3766431E+01  8.9017680E-01  9.4205284E+01 -9.7057055E+01 
      1081      1.7248746E+01 -2.7364256E+00 -1.1291341E+01  2.4868090E-01  2.8647082E+01 -6.3333811E+01 
      1081 SSD -1.4246125E+02  9.3957575E+00 -3.4004963E+01  8.9146824E-01  9.9743303E+01 -2.2034092E+02 
      1082      2.8901076E+02 -2.3932397E-01 -6.0499571E+00  2.8053777E-01  9.4134833E+01 -2.3793138E+01 
      1082 SSD  7.9373955E+02  1.8379219E+01 -1.4908099E+01  1.0191996E+00  3.3145931E+02 -8.2599349E+01 
      1083      1.2349768E+03 -2.9271253E+00 -6.0866846E+00  2.6790333E-01  9.7121982E+01 -5.2279858E+01 
      1083 SSD  4.1648148E+03  8.7335204E+00 -1.5132397E+01  9.6523127E-01  3.4918776E+02 -1.8708867E+02 
      1084      4.6385701E+02 -3.4836686E-01 -3.3851995E+00  2.7879611E-01  1.1521195E+02 -1.2999959E+01 
      1084 SSD  1.4047218E+03  1.8013157E+01 -5.2113472E+00  1.0056604E+00  4.0744138E+02 -4.5365932E+01 
      1085      1.6218580E+03 -3.0264548E+00 -3.4306302E+00  2.6767767E-01  1.1942237E+02 -2.8495403E+01 
      1085 SSD  5.5517019E+03  8.3935076E+00 -5.5097061E+00  9.6304103E-01  4.3280379E+02 -1.0218050E+02 
      1086      5.1146456E+02 -2.1962637E+01 -1.2232471E+00  2.7241293E-01 -1.2110702E+02 -7.7144333E-01 
      1086 SSD  1.5547184E+03 -5.9543778E+01  1.8049815E+00  9.7844277E-01 -4.2742422E+02 -3.4835950E+00 
      1087      1.7349102E+03 -1.9293693E+01 -1.1727557E+00  2.6776014E-01 -1.2697739E+02 -2.3609752E+00 
      1087 SSD  5.9303498E+03 -4.9958304E+01  2.1470763E+00  9.6205621E-01 -4.6041156E+02 -1.0031219E+01 
      1088      2.8693897E+03 -1.6606879E+01 -1.1106116E+00  2.6841015E-01 -1.0305979E+02 -2.7587088E+00 
      1088 SSD  1.0089724E+04 -4.0318296E+01  2.4872970E+00  9.6338404E-01 -3.8379952E+02 -1.2353969E+01 
      1089      3.6611534E+03 -1.3904229E+01 -1.0399386E+00  2.6887714E-01 -5.7438146E+01 -2.3022155E+00 
      1089 SSD  1.3078276E+04 -3.0626723E+01  2.8171252E+00  9.6514126E-01 -2.2276655E+02 -1.1304693E+01 
      1090      1.6289223E+03 -1.9382746E+01  1.4965420E+00  2.6763378E-01 -1.1981984E+02  2.7341543E+01 
      1090 SSD  5.5573557E+03 -5.0253755E+01  1.1777861E+01  9.6461432E-01 -4.3353298E+02  9.8915193E+01 
      1091      1.2517816E+03 -1.9475900E+01  4.1426397E+00  2.6943917E-01 -9.8104312E+01  5.1510075E+01 
      1091 SSD  4.1987545E+03 -5.0575242E+01  2.1396624E+01  9.7086243E-01 -3.5129682E+02  1.8470156E+02 
      1092      6.7957046E+02 -1.9580615E+01  6.7845425E+00  2.7033056E-01 -6.5582025E+01  6.5402581E+01 
      1092 SSD  2.1601821E+03 -5.0947872E+01  3.1008431E+01  9.7013715E-01 -2.3142806E+02  2.3053850E+02 
      1093      3.4451400E+01 -1.9644639E+01  9.3375153E+00  2.6303297E-01 -2.9547535E+01  6.4188739E+01 
      1093 SSD -9.8930194E+01 -5.1182826E+01  4.0258271E+01  9.3584793E-01 -1.0166086E+02  2.2199819E+02 
      1094      2.9773036E+02 -2.2189556E+01  4.1075603E+00  2.7925505E-01 -9.4817760E+01  2.3531844E+01 
      1094 SSD  8.1210015E+02 -6.0297402E+01  2.1182154E+01  1.0170298E+00 -3.3250614E+02  8.1550742E+01 
      1095      4.6835940E+02 -2.2070742E+01  1.4559567E+00  2.7665440E-01 -1.1538321E+02  1.2538804E+01 
      1095 SSD  1.4090990E+03 -5.9903568E+01  1.1488660E+01  1.0042145E+00 -4.0704889E+02  4.3853718E+01 
      1096      3.6165317E+01 -2.2382371E+01  6.8015866E+00  2.6738891E-01 -6.3760479E+01  2.9193545E+01 
      1096 SSD -9.7848171E+01 -6.0940376E+01  3.1026456E+01  9.7313028E-01 -2.2108582E+02  1.0037924E+02 
      1097     -2.6332641E+02 -2.2637441E+01  9.3175872E+00  2.3853283E-01 -2.8154481E+01  2.8978293E+01 
      1097 SSD -1.1255079E+03 -6.1766701E+01  4.0194427E+01  8.7017144E-01 -9.6006346E+01  9.7728985E+01 
      1098      2.7058566E+03 -1.4036327E+01  4.2939698E+00  2.6956312E-01 -4.2717291E+01  9.5592060E+01 
      1098 SSD  9.4870760E+03 -3.1213504E+01  2.2019382E+01  9.6645697E-01 -1.5729806E+02  3.5530533E+02 
      1099      2.1181126E+03 -1.6765248E+01  4.2116459E+00  2.6849507E-01 -7.8611384E+01  7.7468484E+01 
      1099 SSD  7.3323370E+03 -4.0924591E+01  2.1701233E+01  9.6416507E-01 -2.8682685E+02  2.8341448E+02 
      1100      3.4257011E+03 -1.3973206E+01  1.6290845E+00  2.6889614E-01 -5.3150575E+01  5.1669200E+01 
      1100 SSD  1.2190873E+04 -3.0917382E+01  1.2414777E+01  9.6519525E-01 -2.0163043E+02  1.9743854E+02 
      1101      2.6932012E+03 -1.6685720E+01  1.5568380E+00  2.6823113E-01 -9.6636907E+01  4.1347921E+01 
      1101 SSD  9.4504312E+03 -4.0610616E+01  1.2095027E+01  9.6374104E-01 -3.5842781E+02  1.5344392E+02 
      1102      4.8321269E+02 -1.4117986E+01  9.6413123E+00  2.6846944E-01 -1.3337039E+01  1.1622742E+02 
      1102 SSD  1.4550343E+03 -3.1775338E+01  4.1254885E+01  9.4615146E-01 -4.5748577E+01  4.0942346E+02 
      1103      1.6471988E+03 -1.4086524E+01  6.9658847E+00  2.7072140E-01 -2.8497711E+01  1.1969969E+02 
      1103 SSD  5.6118501E+03 -3.1505144E+01  3.1648224E+01  9.6764438E-01 -1.0200539E+02  4.3297622E+02 
      1104      3.0358379E+02 -1.6881005E+01  9.5339951E+00  2.6201940E-01 -2.4710131E+01  9.5133809E+01 
      1104 SSD  8.3415343E+02 -4.1489837E+01  4.0906424E+01  9.2435744E-01 -8.4939437E+01  3.3321266E+02 
      1105      1.2584172E+03 -1.6841573E+01  6.8688384E+00  2.6887649E-01 -5.2605695E+01  9.7894688E+01 
      1105 SSD  4.2202600E+03 -4.1255273E+01  3.1318692E+01  9.6233924E-01 -1.8798654E+02  3.5033532E+02 
      1106     -6.2006693E+01 -1.9078328E+01 -1.2033241E+01  2.8879480E-01 -2.7351799E+01 -5.6072688E+01 
      1106 SSD -4.5520465E+02 -4.9173656E+01 -3.6517408E+01  1.0439799E+00 -9.4033653E+01 -1.9240306E+02 
      1107      5.2969650E+02 -1.9088097E+01 -9.2761626E+00  2.6941627E-01 -6.2162992E+01 -6.3038663E+01 
      1107 SSD  1.5989321E+03 -4.9236149E+01 -2.6679000E+01  9.6633845E-01 -2.1897691E+02 -2.2130517E+02 
      1108      1.1159956E+03 -1.9140625E+01 -6.5516293E+00  2.6857002E-01 -9.4811426E+01 -5.3354752E+01 
      1108 SSD  3.6753298E+03 -4.9437284E+01 -1.7011319E+01  9.6063964E-01 -3.3867751E+02 -1.9070574E+02 
      1109      1.5503207E+03 -1.9212780E+01 -3.8504947E+00  2.6775902E-01 -1.1797596E+02 -3.1222028E+01 
      1109 SSD  5.2439934E+03 -4.9689803E+01 -7.4222527E+00  9.5874806E-01 -4.2558557E+02 -1.1436835E+02 
      1110     -5.8773535E+01 -2.1687303E+01 -9.3487592E+00  2.5484109E-01 -5.6294053E+01 -2.8296837E+01 
      1110 SSD -4.4585856E+02 -5.8618016E+01 -2.6954319E+01  9.0306668E-01 -1.9291832E+02 -9.6639272E+01 
      1111     -3.2658126E+02 -2.1603883E+01 -1.2197387E+01  2.7338203E-01 -2.4739806E+01 -2.4492970E+01 
      1111 SSD -1.3551443E+03 -5.8345205E+01 -3.7051328E+01  9.8209860E-01 -8.2800927E+01 -8.2128771E+01 
      1112      2.1443134E+02 -2.1774400E+01 -6.6073601E+00  2.5996293E-01 -8.7595999E+01 -2.3939327E+01 
      1112 SSD  4.9870900E+02 -5.8910457E+01 -1.7284328E+01  9.1757874E-01 -3.0450251E+02 -8.3121531E+01 
      1113      4.2027091E+02 -2.1866595E+01 -3.8977702E+00  2.6549907E-01 -1.1105366E+02 -1.3850599E+01 
      1113 SSD  1.2238196E+03 -5.9223049E+01 -7.7237745E+00  9.4232541E-01 -3.8978095E+02 -4.9294463E+01 
      1114      1.5370420E+03 -1.3719984E+01 -9.1020504E+00  2.7059698E-01 -3.0644999E+01 -1.1838165E+02 
      1114 SSD  5.2185264E+03 -2.9785380E+01 -2.6046561E+01  9.7299806E-01 -1.1365226E+02 -4.2662450E+02 
      1115      1.1087785E+03 -1.6412057E+01 -9.1913678E+00  2.6993779E-01 -5.2677070E+01 -9.5545140E+01 
      1115 SSD  3.6590936E+03 -3.9536491E+01 -2.6365647E+01  9.7198544E-01 -1.8948957E+02 -3.4060730E+02 
      1116      4.0766771E+02 -1.3680425E+01 -1.1813546E+01  2.8334270E-01 -1.3587161E+01 -1.1047795E+02 
      1116 SSD  1.1973988E+03 -2.9531377E+01 -3.5770747E+01  1.0204260E+00 -4.9321619E+01 -3.8875904E+02 
      1117      2.0504900E+02 -1.6368844E+01 -1.1911397E+01  2.8810526E-01 -2.3562711E+01 -8.7331471E+01 
      1117 SSD  4.7494219E+02 -3.9312943E+01 -3.6109156E+01  1.0443380E+00 -8.2704345E+01 -3.0411857E+02 
      1118      3.3673676E+03 -1.3835910E+01 -3.7155611E+00  2.6916714E-01 -5.4660270E+01 -5.5615013E+01 
      1118 SSD  1.1944597E+04 -3.0342831E+01 -6.7763332E+00  9.6596223E-01 -2.0994308E+02 -2.1172221E+02 
      1119      2.6056916E+03 -1.3772933E+01 -6.4021453E+00  2.6983047E-01 -4.5168478E+01 -9.7434915E+01 
      1119 SSD  9.1058350E+03 -3.0061022E+01 -1.6388950E+01  9.6865117E-01 -1.7040144E+02 -3.5893753E+02 
      1120      2.6136928E+03 -1.6533270E+01 -3.7877889E+00  2.6876518E-01 -9.6717591E+01 -4.6043021E+01 
      1120 SSD  9.1204148E+03 -4.0045946E+01 -7.0991867E+00  9.6377276E-01 -3.5761103E+02 -1.7196806E+02 
      1121      1.9811142E+03 -1.6466933E+01 -6.4813147E+00  2.6942773E-01 -7.8779762E+01 -7.9602387E+01 
      1121 SSD  6.7964395E+03 -3.9783019E+01 -1.6704276E+01  9.6684502E-01 -2.8775179E+02 -2.8937963E+02 

