      NODE            V1             V2             V3             VR1            VR2            VR3
      1001     -3.1068200E+03 -1.8767756E+02  8.0257912E+01  8.8462684E+00  2.5614407E+01 -2.6183653E+01 
      1001 SSD -3.8307186E+03 -1.5224635E+02  8.7383231E+01  1.0110350E+01  2.9549506E+01 -3.0400573E+01 
      1002     -3.1013913E+03 -1.8079195E+02  7.8964001E+01  3.0050586E+01  2.2398390E+00  8.8090319E+01 
      1002 SSD -3.8247268E+03 -1.4389870E+02  8.5835370E+01  3.4643422E+01  4.2323542E+00  1.0055146E+02 
      1003     -3.0952412E+03 -1.5725345E+02  8.0276470E+01  1.1690186E+01  1.5044616E+00  2.5766113E+02 
      1003 SSD -3.8179717E+03 -1.1645003E+02  8.7292940E+01  1.4261922E+01  2.8119559E+00  2.9331678E+02 
      1004     -3.0937928E+03 -1.4174588E+02  8.0072786E+01  8.6834088E+00 -6.1417334E+00  4.1113879E+02 
      1004 SSD -3.8162809E+03 -9.8397605E+01  8.7053203E+01  1.1155128E+01 -6.0918220E+00  4.6790689E+02 
      1005     -3.0921372E+03 -1.2430102E+02  8.0353215E+01  2.2288554E+00 -9.6544494E+00  5.1330857E+02 
      1005 SSD -3.8145064E+03 -7.8068548E+01  8.7400987E+01  3.6929854E+00 -1.1169747E+01  5.8389230E+02 
      1006     -3.0926488E+03 -1.0752420E+02  8.0601518E+01 -4.1722672E+00 -1.2258292E+01  5.4211316E+02 
      1006 SSD -3.8152325E+03 -5.8251391E+01  8.7770261E+01 -4.1369928E+00 -1.4694465E+01  6.1554608E+02 
      1007     -3.0953000E+03 -9.0884774E+01  8.0819895E+01 -8.9918602E+00 -1.1373067E+01  4.9409987E+02 
      1007 SSD -3.8187332E+03 -3.8355660E+01  8.8088404E+01 -1.0361753E+01 -1.3814847E+01  5.5900138E+02 
      1008     -3.1007945E+03 -7.4948330E+01  8.0765024E+01 -1.2713797E+01 -7.1731594E+00  3.7912647E+02 
      1008 SSD -3.8255361E+03 -1.9169220E+01  8.8053055E+01 -1.5026201E+01 -9.2384039E+00  4.2712620E+02 
      1009     -3.1057689E+03 -5.6915298E+01  8.1205947E+01 -8.6339442E+00 -4.8806915E+00  2.2669609E+02 
      1009 SSD -3.8319555E+03  2.4500455E+00  8.8500027E+01 -1.0596959E+01 -6.1735854E+00  2.5451463E+02 
      1010     -3.1159516E+03 -4.3980156E+01  8.0831841E+01 -1.2542082E+01  1.2475828E+01  7.2146844E+01 
      1010 SSD -3.8434391E+03  1.8249086E+01  8.8063245E+01 -1.5220924E+01  1.3304471E+01  8.0952915E+01 
      1011     -3.1178277E+03 -2.6336322E+01  8.1985934E+01  1.4375431E+01 -3.6835551E+00 -1.3188030E+01 
      1011 SSD -3.8465312E+03  3.9250889E+01  8.9178144E+01  1.5488607E+01 -4.1793724E+00 -1.3991528E+01 
      1012     -3.1356191E+03 -2.5920233E+01 -8.4808823E+01  9.7857718E+00 -2.5987053E+01  2.3621329E+01 
      1012 SSD -3.8676497E+03  3.9589828E+01 -1.0867578E+02  1.0807947E+01 -2.9743762E+01  2.7768212E+01 
      1013     -3.1278457E+03 -3.2531023E+01 -8.3454425E+01  2.5412021E+01 -2.7749731E+00 -8.1146194E+01 
      1013 SSD -3.8583711E+03  3.1407778E+01 -1.0699880E+02  2.9594493E+01 -4.4357466E+00 -9.6568151E+01 
      1014     -3.1196081E+03 -5.4317023E+01 -8.4410231E+01  1.3096973E+01 -2.1377251E+00 -2.3987339E+02 
      1014 SSD -3.8486467E+03  5.6508730E+00 -1.0802536E+02  1.5540560E+01 -2.9882794E+00 -2.8282036E+02 
      1015     -3.1159648E+03 -7.0517625E+01 -8.4204348E+01  9.0949268E+00  5.4269474E+00 -3.8286471E+02 
      1015 SSD -3.8438654E+03 -1.3327702E+01 -1.0775653E+02  1.1309877E+01  5.8403220E+00 -4.5136536E+02 
      1016     -3.1120423E+03 -8.7354599E+01 -8.4395420E+01  2.9883864E+00  9.1017269E+00 -4.7662834E+02 
      1016 SSD -3.8388845E+03 -3.3124262E+01 -1.0799918E+02  4.0441547E+00  1.0987167E+01 -5.6210322E+02 
      1017     -3.1102632E+03 -1.0402529E+02 -8.4631762E+01 -2.8727629E+00  1.2306171E+01 -5.0189634E+02 
      1017 SSD -3.8363747E+03 -5.2825137E+01 -1.0834144E+02 -3.1501704E+00  1.4968965E+01 -5.9141927E+02 
      1018     -3.1108435E+03 -1.2121040E+02 -8.4927379E+01 -7.4517509E+00  1.1595231E+01 -4.5661205E+02 
      1018 SSD -3.8369018E+03 -7.3306445E+01 -1.0874252E+02 -8.9092323E+00  1.4058441E+01 -5.3664420E+02 
      1019     -3.1142102E+03 -1.3751049E+02 -8.4979486E+01 -1.2974241E+01  7.6246898E+00 -3.4885032E+02 
      1019 SSD -3.8407352E+03 -9.2762852E+01 -1.0882546E+02 -1.5586235E+01  9.3783973E+00 -4.0862332E+02 
      1020     -3.1169254E+03 -1.5483131E+02 -8.5265828E+01 -9.7123963E+00  5.9203865E+00 -2.0738397E+02 
      1020 SSD -3.8438255E+03 -1.1342951E+02 -1.0913454E+02 -1.1770381E+01  7.0998181E+00 -2.4201059E+02 
      1021     -3.1240280E+03 -1.6941302E+02 -8.4939387E+01 -1.0325024E+01 -9.3628588E+00 -6.7856957E+01 
      1021 SSD -3.8517293E+03 -1.3079603E+02 -1.0870420E+02 -1.2506454E+01 -1.1158644E+01 -7.8672690E+01 
      1022     -3.1247452E+03 -1.8675761E+02 -8.5643419E+01  9.1461411E+00  2.2010857E+00  1.1654531E+01 
      1022 SSD -3.8522868E+03 -1.5126553E+02 -1.0943680E+02  1.0710693E+01  2.5830474E+00  1.3600691E+01 
      1023     -3.1181418E+03 -1.8744246E+02 -7.2259932E+01  1.5754274E+01 -6.3321968E+01 -6.4557560E+00 
      1023 SSD -3.8445138E+03 -1.5205369E+02 -9.3588569E+01  1.8322926E+01 -7.2962593E+01 -7.4231835E+00 
      1024     -3.1113931E+03 -1.8788154E+02 -5.3462355E+01  1.4323506E+01 -2.0923397E+02  2.1132804E+00 
      1024 SSD -3.8365435E+03 -1.5257424E+02 -7.1515572E+01  1.7281348E+01 -2.4137517E+02  2.9671967E+00 
      1025     -3.1053094E+03 -1.8809074E+02 -3.6831083E+01  1.0751247E+01 -3.6063868E+02  7.2016012E+00 
      1025 SSD -3.8292587E+03 -1.5284182E+02 -5.1982125E+01  1.3349826E+01 -4.1669072E+02  9.0854458E+00 
      1026     -3.0997514E+03 -1.8822537E+02 -2.0181488E+01  5.1973011E+00 -4.7189570E+02  1.1835784E+01 
      1026 SSD -3.8225629E+03 -1.5305539E+02 -3.2413395E+01  6.8498477E+00 -5.4616790E+02  1.4422784E+01 
      1027     -3.0966677E+03 -1.8839123E+02 -3.8755122E+00 -9.2584206E-01 -5.1865285E+02  1.2267224E+01 
      1027 SSD -3.8188419E+03 -1.5332574E+02 -1.3136701E+01 -6.2249862E-01 -6.0105473E+02  1.4819840E+01 
      1028     -3.0949946E+03 -1.8865803E+02  1.2608892E+01 -5.6683477E+00 -4.9343769E+02  8.6262904E+00 
      1028 SSD -3.8169943E+03 -1.5367805E+02  6.5686229E+00 -6.7230883E+00 -5.7155229E+02  1.0160439E+01 
      1029     -3.0959663E+03 -1.8882241E+02  2.8645969E+01 -1.1068218E+01 -3.9910990E+02  5.3984900E+00 
      1029 SSD -3.8182403E+03 -1.5386619E+02  2.5880283E+01 -1.3472464E+01 -4.6121447E+02  5.5855919E+00 
      1030     -3.0977392E+03 -1.8883034E+02  4.5783622E+01 -9.1744413E+00 -2.5934183E+02 -3.4004741E+00 
      1030 SSD -3.8205461E+03 -1.5379485E+02  4.6498884E+01 -1.1373060E+01 -2.9878978E+02 -4.8358838E+00 
      1031     -3.1033431E+03 -1.8871359E+02  5.9373274E+01 -1.6168974E+01 -9.3678412E+01 -1.5049130E+00 
      1031 SSD -3.8267711E+03 -1.5359228E+02  6.2757288E+01 -1.9569469E+01 -1.0752349E+02 -3.2203644E+00 
      1032     -3.1143369E+03 -2.5622435E+01  6.8532690E+01  1.6418201E+01  6.3977266E+01  5.3883810E+00 
      1032 SSD -3.8427695E+03  3.9985771E+01  7.3001615E+01  1.8507982E+01  7.3425339E+01  6.6050943E+00 
      1033     -3.1108437E+03 -2.5078923E+01  5.0040563E+01  1.4926972E+01  2.1128142E+02 -2.8870819E+00 
      1033 SSD -3.8387384E+03  4.0525491E+01  5.1259100E+01  1.7814051E+01  2.4251603E+02 -3.7917315E+00 
      1034     -3.1083442E+03 -2.4784145E+01  3.3423883E+01  1.0610098E+01  3.6367730E+02 -7.4976156E+00 
      1034 SSD -3.8356875E+03  4.0819141E+01  3.1811267E+01  1.3311986E+01  4.1804974E+02 -9.5585077E+00 
      1035     -3.1065373E+03 -2.4581477E+01  1.6727387E+01  4.7480488E+00  4.7439041E+02 -1.2131288E+01 
      1035 SSD -3.8333539E+03  4.1068728E+01  1.2321832E+01  6.6191451E+00  5.4624530E+02 -1.5044490E+01 
      1036     -3.1072011E+03 -2.4360355E+01  3.1352433E-01 -1.5310603E+00  5.1967004E+02 -1.1883153E+01 
      1036 SSD -3.8339577E+03  4.1392062E+01 -6.9207047E+00 -9.5233097E-01  5.9923008E+02 -1.4652717E+01 
      1037     -3.1094885E+03 -2.4125042E+01 -1.6366604E+01 -6.3000338E+00  4.9256682E+02 -8.7457614E+00 
      1037 SSD -3.8367182E+03  4.1721447E+01 -2.6707357E+01 -7.1062846E+00  5.6773294E+02 -1.0645399E+01 
      1038     -3.1146106E+03 -2.4027414E+01 -3.2525103E+01 -1.1697340E+01  3.9651137E+02 -5.6997570E+00 
      1038 SSD -3.8427728E+03  4.1880630E+01 -4.6047023E+01 -1.3874455E+01  4.5606048E+02 -6.0784882E+00 
      1039     -3.1201376E+03 -2.4153279E+01 -4.9906367E+01 -9.2787142E+00  2.5688768E+02  3.8739296E+00 
      1039 SSD -3.8494194E+03  4.1734785E+01 -6.6869713E+01 -1.1344661E+01  2.9467125E+02  5.2918638E+00 
      1040     -3.1281992E+03 -2.4206568E+01 -6.2720243E+01 -1.6486714E+01  9.2787872E+01  2.2481119E+00 
      1040 SSD -3.8587280E+03  4.1678136E+01 -8.2349883E+01 -1.9856017E+01  1.0604909E+02  3.9768279E+00 
      1041      3.2980885E+03 -1.0731323E+02  6.3987902E+01  1.7021802E+00  2.3201143E+00  7.5625217E+02 
      1041 SSD  3.6118808E+03 -5.7735177E+01  6.8000957E+01  2.0108990E+00  4.7899273E+00  8.9376893E+02 
      1042      1.0889968E+04 -1.0717273E+02  4.7487559E+01  1.6579630E+00  8.8502730E+00  7.8294148E+02 
      1042 SSD  1.2665095E+04 -5.7329105E+01  4.8420813E+01  1.9665161E+00  1.4041550E+01  9.4221862E+02 
      1043      1.7844801E+04 -1.0693455E+02  3.1014111E+01  1.6561389E+00  8.8159218E+00  6.2734074E+02 
      1043 SSD  2.1097109E+04 -5.6865506E+01  2.8872728E+01  1.9645565E+00  1.5393492E+01  7.6843674E+02 
      1044      2.2624064E+04 -1.0660913E+02  1.4579151E+01  1.6533824E+00  4.4947671E+00  3.4172872E+02 
      1044 SSD  2.7008894E+04 -5.6358634E+01  9.3721689E+00  1.9614931E+00  1.1174758E+01  4.3102577E+02 
      1045      2.4256432E+04 -1.0621730E+02 -1.8444491E+00  1.6527614E+00 -1.8706465E+00 -1.0728259E+01 
      1045 SSD  2.9099812E+04 -5.5819732E+01 -1.0113025E+01  1.9608188E+00 -1.0094147E+00 -7.3534531E+00 
      1046      2.2424895E+04 -1.0579253E+02 -1.8279831E+01  1.6539567E+00 -8.1930721E+00 -3.6067006E+02 
      1046 SSD  2.6872649E+04 -5.5265519E+01 -2.9612201E+01  1.9621611E+00 -1.3254019E+01 -4.4393079E+02 
      1047      1.7497130E+04 -1.0536985E+02 -3.4750705E+01  1.6578036E+00 -1.2316503E+01 -6.3842219E+02 
      1047 SSD  2.0861598E+04 -5.4712530E+01 -4.9154362E+01  1.9664423E+00 -1.7551600E+01 -7.7555309E+02 
      1048      1.0494129E+04 -1.0497286E+02 -5.1293779E+01  1.6627354E+00 -1.1607883E+01 -7.8151759E+02 
      1048 SSD  1.2402038E+04 -5.4169159E+01 -6.8779802E+01  1.9717633E+00 -1.5812370E+01 -9.4059139E+02 
      1049      2.9956489E+03 -1.0462171E+02 -6.7929047E+01  1.6969840E+00 -3.8648635E+00 -7.3865172E+02 
      1049 SSD  3.4142992E+03 -5.3650685E+01 -8.8507378E+01  2.0079991E+00 -5.7156876E+00 -8.8210744E+02 
      1050      2.2539947E+04 -8.9603074E+01 -1.3796458E+00  1.6512480E+00  3.5026490E+02 -3.7344532E+00 
      1050 SSD  2.6946631E+04 -3.6103053E+01 -9.5032623E+00  1.9589581E+00  4.3748422E+02  5.2205094E+00 
      1051      1.7691248E+04 -7.3062625E+01 -9.4248206E-01  1.6484718E+00  6.3312837E+02  2.1757316E+00 
      1051 SSD  2.0981228E+04 -1.6458504E+01 -8.9016955E+00  1.9551408E+00  7.7294061E+02  1.0254530E+01 
      1052      1.0705913E+04 -5.6621433E+01 -5.4822895E-01  1.6454237E+00  7.8358603E+02  4.8301663E+00 
      1052 SSD  1.2524554E+04  3.0751014E+00 -8.3106263E+00  1.9500399E+00  9.4292918E+02  1.0429963E+01 
      1053      3.1442957E+03 -4.0263735E+01 -2.0739984E-01  1.6834701E+00  7.4947025E+02  8.5913990E-01 
      1053 SSD  3.4919472E+03  2.2498923E+01 -7.7402870E+00  1.9876062E+00  8.8903650E+02  2.6730742E+00 
      1054      1.6255654E+04 -7.3504400E+01  1.5553181E+01  1.6485001E+00  5.9817677E+02  2.7002965E+02 
      1054 SSD  1.9161857E+04 -1.7008904E+01  1.0602446E+01  1.9549523E+00  7.2577120E+02  3.3475580E+02 
      1055      1.2459842E+04 -7.3872051E+01  3.2108237E+01  1.6497902E+00  4.9109670E+02  4.8326199E+02 
      1055 SSD  1.4526750E+04 -1.7510038E+01  3.0150044E+01  1.9587117E+00  5.9049361E+02  5.8513082E+02 
      1056      7.1048163E+03 -7.4146246E+01  4.8707128E+01  1.6486180E+00  3.3211893E+02  5.9137424E+02 
      1056 SSD  8.0975076E+03 -1.7944595E+01  4.9772837E+01  1.9616060E+00  3.9477257E+02  7.0540115E+02 
      1057      1.4543425E+03 -7.4327149E+01  6.5335059E+01  1.7641057E+00  1.5113191E+02  5.5135825E+02 
      1057 SSD  1.4190541E+03 -1.8299122E+01  6.9517248E+01  2.1073215E+00  1.7635214E+02  6.4593073E+02 
      1058      1.6335805E+04 -9.0337733E+01  3.1574907E+01  1.6526739E+00  2.7857784E+02  5.9071244E+02 
      1058 SSD  1.9221076E+04 -3.7138230E+01  2.9519343E+01  1.9623731E+00  3.4126740E+02  7.2041962E+02 
      1059      2.0899868E+04 -9.0007238E+01  1.5079941E+01  1.6515551E+00  3.3516600E+02  3.2605884E+02 
      1059 SSD  2.4840315E+04 -3.6642189E+01  9.9930560E+00  1.9595732E+00  4.1549411E+02  4.0873882E+02 
      1060      9.7894479E+03 -9.0576361E+01  4.8105665E+01  1.6521344E+00  1.9075716E+02  7.3110132E+02 
      1060 SSD  1.1312910E+04 -3.7578758E+01  4.9100566E+01  1.9652463E+00  2.3089205E+02  8.7702392E+02 
      1061      2.7441942E+03 -9.0714791E+01  6.4642820E+01  1.7364488E+00  8.6198000E+01  6.9623541E+02 
      1061 SSD  2.9401441E+03 -3.7943713E+01  6.8736603E+01  2.0678296E+00  1.0268036E+02  8.1994217E+02 
      1062      1.3766868E+03 -4.1479423E+01  3.2991955E+01  1.5877021E+00  5.5250771E+02  1.4622378E+02 
      1062 SSD  1.3712411E+03  2.1086422E+01  3.1259047E+01  1.8610419E+00  6.4733185E+02  1.7251517E+02 
      1063      7.0482957E+03 -5.7530377E+01  3.2595333E+01  1.6425808E+00  5.9529346E+02  3.2460282E+02 
      1063 SSD  8.0623246E+03  1.9846624E+00  3.0748647E+01  1.9456385E+00  7.0720898E+02  3.8935218E+02 
      1064      2.6212293E+03 -4.0861161E+01  1.6312971E+01  1.6407345E+00  6.9319737E+02  8.1783007E+01 
      1064 SSD  2.8528318E+03  2.1806958E+01  1.1702147E+01  1.9272030E+00  8.1825500E+02  9.8209889E+01 
      1065      9.6611474E+03 -5.7112923E+01  1.5976014E+01  1.6441958E+00  7.3362847E+02  1.8329367E+02 
      1065 SSD  1.1220856E+04  2.5005957E+00  1.1186156E+01  1.9464793E+00  8.7839597E+02  2.2450166E+02 
      1066     -1.9808010E+03 -4.2843268E+01  6.7101752E+01  1.6131621E+00  1.6280472E+02  1.5374281E+02 
      1066 SSD -2.5506815E+03  1.9521265E+01  7.1459725E+01  1.9322411E+00  1.8501135E+02  1.7728654E+02 
      1067     -3.0756025E+02 -4.2121226E+01  4.9797434E+01  1.5592012E+00  3.6009883E+02  1.7520313E+02 
      1067 SSD -6.0817334E+02  2.0344716E+01  5.1002575E+01  1.8414875E+00  4.1721735E+02  2.0447396E+02 
      1068     -2.6141427E+02 -5.7724645E+01  6.6054295E+01  1.7527454E+00  1.7710453E+02  3.5362851E+02 
      1068 SSD -5.7659743E+02  1.6189680E+00  7.0311920E+01  2.0938966E+00  2.0423296E+02  4.1147934E+02 
      1069      3.4410061E+03 -5.7790640E+01  4.9287427E+01  1.6400388E+00  3.9525702E+02  3.9066843E+02 
      1069 SSD  3.7672083E+03  1.6217204E+00  5.0427767E+01  1.9470559E+00  4.6447046E+02  4.6239512E+02 
      1070      1.6634758E+03 -7.1180277E+01 -6.6501279E+01  1.5995847E+00  1.4596580E+02 -5.7571453E+02 
      1070 SSD  1.8271779E+03 -1.4164390E+01 -8.6821724E+01  1.8883035E+00  1.7401248E+02 -6.8488832E+02 
      1071      7.4950668E+03 -7.1476393E+01 -5.0157037E+01  1.6497637E+00  3.1568018E+02 -6.0247794E+02 
      1071 SSD  8.7849492E+03 -1.4555097E+01 -6.7387432E+01  1.9570633E+00  3.8107779E+02 -7.2018298E+02 
      1072      1.2826711E+04 -7.2012915E+01 -3.3775926E+01  1.6486815E+00  4.7633874E+02 -4.8452680E+02 
      1072 SSD  1.5179696E+04 -1.5205272E+01 -4.7887191E+01  1.9571813E+00  5.7869716E+02 -5.8274723E+02 
      1073      1.6469894E+04 -7.2554247E+01 -1.7399956E+01  1.6476798E+00  5.8969717E+02 -2.6732708E+02 
      1073 SSD  1.9559697E+04 -1.5850374E+01 -2.8416095E+01  1.9554482E+00  7.2030432E+02 -3.2070997E+02 
      1074      9.8200160E+03 -8.8254319E+01 -5.0735442E+01  1.6607613E+00  1.6943561E+02 -7.3594307E+02 
      1074 SSD  1.1596732E+04 -3.4376227E+01 -6.8102238E+01  1.9686315E+00  2.0526394E+02 -8.8469397E+02 
      1075      2.7211142E+03 -8.7912283E+01 -6.7249435E+01  1.6369542E+00  7.7633688E+01 -7.0247623E+02 
      1075 SSD  3.0923683E+03 -3.3884999E+01 -8.7699624E+01  1.9311455E+00  9.2851940E+01 -8.3861108E+02 
      1076      1.6377193E+04 -8.8684110E+01 -3.4250489E+01  1.6549558E+00  2.5691659E+02 -5.9713767E+02 
      1076 SSD  1.9507551E+04 -3.4940905E+01 -4.8516439E+01  1.9632672E+00  3.1425077E+02 -7.2395952E+02 
      1077      2.0927149E+04 -8.9148487E+01 -1.7821180E+01  1.6518299E+00  3.2215539E+02 -3.3320650E+02 
      1077 SSD  2.5032711E+04 -3.5527717E+01 -2.9004394E+01  1.9598363E+00  3.9881658E+02 -4.0555012E+02 
      1078      1.2994068E+02 -3.7750455E+01 -4.9745888E+01  1.6658442E+00  3.8476471E+02 -1.8036773E+02 
      1078 SSD -3.7891410E+01  2.5402877E+01 -6.6756001E+01  1.9937027E+00  4.5587699E+02 -2.1112510E+02 
      1079      4.0123212E+03 -5.4714409E+01 -4.9676089E+01  1.6440169E+00  3.9518418E+02 -4.0286754E+02 
      1079 SSD  4.5936785E+03  5.2539474E+00 -6.6758404E+01  1.9554572E+00  4.7330440E+02 -4.7776872E+02 
      1080     -1.7068650E+03 -3.6412704E+01 -6.4926962E+01  1.4892500E+00  1.6705007E+02 -1.7597358E+02 
      1080 SSD -2.1891830E+03  2.6924400E+01 -8.4958179E+01  1.7901710E+00  1.9758003E+02 -2.0476514E+02 
      1081      6.5969519E+01 -5.4242252E+01 -6.5349201E+01  1.5230894E+00  1.7514894E+02 -3.8907846E+02 
      1081 SSD -8.1360897E+01  5.7806282E+00 -8.5463862E+01  1.8102160E+00  2.0851616E+02 -4.5947943E+02 
      1082      1.7570520E+03 -3.8945861E+01 -3.3178051E+01  1.7252831E+00  5.7865834E+02 -1.4700484E+02 
      1082 SSD  1.8748602E+03  2.4023271E+01 -4.6951203E+01  2.0593548E+00  6.8712920E+02 -1.7238618E+02 
      1083      7.5681154E+03 -5.5441192E+01 -3.3383155E+01  1.6455992E+00  5.9621394E+02 -3.2288395E+02 
      1083 SSD  8.8231342E+03  4.4239787E+00 -4.7320684E+01  1.9567650E+00  7.1672688E+02 -3.8447655E+02 
      1084      2.8392296E+03 -3.9613765E+01 -1.6786928E+01  1.7160278E+00  7.0917308E+02 -8.0589475E+01 
      1084 SSD  3.1459813E+03  2.3250885E+01 -2.7395828E+01  2.0388653E+00  8.4276209E+02 -9.4479307E+01 
      1085      9.9622540E+03 -5.6059344E+01 -1.7048266E+01  1.6451382E+00  7.3403903E+02 -1.7684200E+02 
      1085 SSD  1.1670858E+04  3.7177927E+00 -2.7871119E+01  1.9535498E+00  8.8450265E+02 -2.0982344E+02 
      1086      3.1239140E+03 -1.7240344E+02 -3.4101932E+00  1.6715234E+00 -7.4535143E+02 -4.8440806E+00 
      1086 SSD  3.5000074E+03 -1.3428118E+02 -1.2388447E+01  1.9881807E+00 -8.8645892E+02 -6.1056505E+00 
      1087      1.0652702E+04 -1.5599940E+02 -3.1097622E+00  1.6442771E+00 -7.8130530E+02 -1.5242947E+01 
      1087 SSD  1.2507509E+04 -1.1482158E+02 -1.1870239E+01  1.9528994E+00 -9.4056674E+02 -1.8270876E+01 
      1088      1.7632688E+04 -1.3947809E+02 -2.7357581E+00  1.6488493E+00 -6.3394591E+02 -1.8475679E+01 
      1088 SSD  2.0953361E+04 -9.5243342E+01 -1.1307536E+01  1.9565962E+00 -7.7278943E+02 -2.1894950E+01 
      1089      2.2503196E+04 -1.2286190E+02 -2.3074368E+00  1.6518883E+00 -3.5324005E+02 -1.6357967E+01 
      1089 SSD  2.6927238E+04 -7.5554830E+01 -1.0719470E+01  1.9600162E+00 -4.3892596E+02 -1.9118455E+01 
      1090      1.0008285E+04 -1.5654272E+02  1.3260948E+01  1.6436566E+00 -7.3806492E+02  1.6743314E+02 
      1090 SSD  1.1726471E+04 -1.1545744E+02  7.6397790E+00  1.9545460E+00 -8.8637223E+02  2.0310169E+02 
      1091      7.6950261E+03 -1.5710470E+02  2.9492409E+01  1.6554503E+00 -6.0519622E+02  3.1636868E+02 
      1091 SSD  8.9339330E+03 -1.1613524E+02  2.7043452E+01  1.9670280E+00 -7.2188685E+02  3.8028748E+02 
      1092      4.1779678E+03 -1.5772963E+02  4.5709070E+01  1.6628471E+00 -4.0544927E+02  4.0238902E+02 
      1092 SSD  4.7249154E+03 -1.1690707E+02  4.6418105E+01  1.9694809E+00 -4.7909474E+02  4.7840537E+02 
      1093      2.0522628E+02 -1.5810289E+02  6.1413262E+01  1.6183376E+00 -1.8341372E+02  3.9583052E+02 
      1093 SSD  2.3354745E+01 -1.1739003E+02  6.5102708E+01  1.9044438E+00 -2.1322387E+02  4.6474415E+02 
      1094      1.8121732E+03 -1.7379484E+02  2.9268066E+01  1.7151259E+00 -5.8445933E+02  1.4471568E+02 
      1094 SSD  1.9408086E+03 -1.3589081E+02  2.6708098E+01  2.0509557E+00 -6.9122258E+02  1.7107288E+02 
      1095      2.8603605E+03 -1.7306586E+02  1.3012004E+01  1.6980679E+00 -7.1059068E+02  7.7010628E+01 
      1095 SSD  3.1877466E+03 -1.3504932E+02  7.2117149E+00  2.0293900E+00 -8.4399502E+02  9.1711137E+01 
      1096      2.0366508E+02 -1.7497414E+02  4.5791961E+01  1.6463337E+00 -3.9359422E+02  1.7962670E+02 
      1096 SSD  3.6747378E+01 -1.3725609E+02  4.6501142E+01  1.9627560E+00 -4.6197303E+02  2.1128449E+02 
      1097     -1.6397682E+03 -1.7653605E+02  6.1275945E+01  1.4696734E+00 -1.7432603E+02  1.7847878E+02 
      1097 SSD -2.1269057E+03 -1.3903623E+02  6.4955316E+01  1.7476129E+00 -2.0212703E+02  2.0751403E+02 
      1098      1.6670717E+04 -1.2364077E+02  3.0446854E+01  1.6565071E+00 -2.6414169E+02  5.8634066E+02 
      1098 SSD  1.9711285E+04 -7.6644486E+01  2.8217373E+01  1.9638267E+00 -3.1841243E+02  7.1714806E+02 
      1099      1.3040467E+04 -1.4042588E+02  2.9927853E+01  1.6499419E+00 -4.8520838E+02  4.7543179E+02 
      1099 SSD  1.5338848E+04 -9.6455360E+01  2.7597185E+01  1.9573590E+00 -5.8355120E+02  5.7702457E+02 
      1100      2.1077975E+04 -1.2327592E+02  1.4081943E+01  1.6521107E+00 -3.2767716E+02  3.1534658E+02 
      1100 SSD  2.5142016E+04 -7.6107327E+01  8.7548754E+00  1.9600960E+00 -4.0184962E+02  3.9342258E+02 
      1101      1.6564229E+04 -1.3995527E+02  1.3633659E+01  1.6478237E+00 -5.9526850E+02  2.5274182E+02 
      1101 SSD  1.9639153E+04 -9.5836894E+01  8.1718147E+00  1.9561188E+00 -7.2311647E+02  3.1064502E+02 
      1102      2.9928147E+03 -1.2406226E+02  6.3299510E+01  1.6521965E+00 -8.3155053E+01  7.1768870E+02 
      1102 SSD  3.2716667E+03 -7.7521673E+01  6.7232800E+01  1.9391958E+00 -9.6131798E+01  8.4874739E+02 
      1103      1.0166510E+04 -1.2391372E+02  4.6858245E+01  1.6642013E+00 -1.7681268E+02  7.3642650E+02 
      1103 SSD  1.1830060E+04 -7.7129030E+01  4.7728522E+01  1.9694509E+00 -2.0959750E+02  8.8577264E+02 
      1104      1.8756447E+03 -1.4107566E+02  6.2629320E+01  1.6130614E+00 -1.5356374E+02  5.8711924E+02 
      1104 SSD  1.9725504E+03 -9.7467172E+01  6.6482167E+01  1.8920468E+00 -1.7821364E+02  6.9286611E+02 
      1105      7.7580344E+03 -1.4086654E+02  4.6244656E+01  1.6533606E+00 -3.2560210E+02  6.0223253E+02 
      1105 SSD  8.9707312E+03 -9.7078159E+01  4.7039100E+01  1.9569980E+00 -3.8661678E+02  7.2087377E+02 
      1106     -4.1976284E+02 -1.5463153E+02 -6.9812962E+01  1.7782526E+00 -1.6715951E+02 -3.4467610E+02 
      1106 SSD -6.8204990E+02 -1.1320741E+02 -9.0766819E+01  2.1141035E+00 -1.9795799E+02 -4.0570843E+02 
      1107      3.2202868E+03 -1.5471191E+02 -5.2854406E+01  1.6568557E+00 -3.8116464E+02 -3.8823692E+02 
      1107 SSD  3.6199067E+03 -1.1331271E+02 -7.0716885E+01  1.9632323E+00 -4.5475457E+02 -4.6046200E+02 
      1108      6.8320155E+03 -1.5504845E+02 -3.6117909E+01  1.6505033E+00 -5.8225689E+02 -3.2887020E+02 
      1108 SSD  7.9181124E+03 -1.1371559E+02 -5.0955926E+01  1.9548125E+00 -6.9780152E+02 -3.9261947E+02 
      1109      9.5102540E+03 -1.5549979E+02 -1.9537498E+01  1.6447149E+00 -7.2526151E+02 -1.9273184E+02 
      1109 SSD  1.1128249E+04 -1.1424379E+02 -3.1357391E+01  1.9498926E+00 -8.7203070E+02 -2.3206824E+02 
      1110     -3.8970320E+02 -1.7071505E+02 -5.3275891E+01  1.5664260E+00 -3.4538831E+02 -1.7430510E+02 
      1110 SSD -6.6022854E+02 -1.3230691E+02 -7.1261390E+01  1.8452871E+00 -4.0706892E+02 -2.0420404E+02 
      1111     -2.0382051E+03 -1.7019802E+02 -7.0803216E+01  1.6846698E+00 -1.5119867E+02 -1.5078268E+02 
      1111 SSD -2.5886777E+03 -1.3171005E+02 -9.1926351E+01  1.9942937E+00 -1.7708453E+02 -1.7546088E+02 
      1112      1.2931570E+03 -1.7125000E+02 -3.6440432E+01  1.5964580E+00 -5.3832822E+02 -1.4747939E+02 
      1112 SSD  1.3215463E+03 -1.3293276E+02 -5.1433554E+01  1.8804147E+00 -6.3724512E+02 -1.7390298E+02 
      1113      2.5613747E+03 -1.7181492E+02 -1.9812069E+01  1.6295527E+00 -6.8307285E+02 -8.5327660E+01 
      1113 SSD  2.8260112E+03 -1.3359646E+02 -3.1826000E+01  1.9263052E+00 -8.1113426E+02 -1.0161604E+02 
      1114      9.3949473E+03 -1.2169072E+02 -5.1828683E+01  1.6630995E+00 -1.8763980E+02 -7.2859831E+02 
      1114 SSD  1.1050143E+04 -7.4026494E+01 -6.9430830E+01  1.9737685E+00 -2.2902300E+02 -8.7463116E+02 
      1115      6.7706647E+03 -1.3824709E+02 -5.2356014E+01  1.6599304E+00 -3.2276572E+02 -5.8820445E+02 
      1115 SSD  7.8735729E+03 -9.3724078E+01 -7.0086076E+01  1.9702790E+00 -3.8869607E+02 -7.0256267E+02 
      1116      2.4520788E+03 -1.2141848E+02 -6.8494969E+01  1.7413430E+00 -8.2980023E+01 -6.7834534E+02 
      1116 SSD  2.7498653E+03 -7.3629752E+01 -8.9188483E+01  2.0691178E+00 -1.0054604E+02 -8.0784190E+02 
      1117      1.2133856E+03 -1.3795823E+02 -6.9081092E+01  1.7729040E+00 -1.4393220E+02 -5.3644712E+02 
      1117 SSD  1.2612508E+03 -9.3339506E+01 -8.9897386E+01  2.1111806E+00 -1.7194833E+02 -6.3582123E+02 
      1118      2.0676819E+04 -1.2243937E+02 -1.8738749E+01  1.6537474E+00 -3.3566626E+02 -3.4383561E+02 
      1118 SSD  2.4691326E+04 -7.5013531E+01 -3.0217630E+01  1.9619112E+00 -4.1560249E+02 -4.2117147E+02 
      1119      1.5976733E+04 -1.2203872E+02 -3.5240444E+01  1.6580413E+00 -2.7702380E+02 -6.0063540E+02 
      1119 SSD  1.8978430E+04 -7.4496858E+01 -4.9777651E+01  1.9669269E+00 -3.4037585E+02 -7.2699491E+02 
      1120      1.6046275E+04 -1.3902279E+02 -1.9167901E+01  1.6513172E+00 -5.9427508E+02 -2.8450028E+02 
      1120 SSD  1.9024852E+04 -9.4690778E+01 -3.0806941E+01  1.9583600E+00 -7.2280929E+02 -3.4541895E+02 
      1121      1.2143844E+04 -1.3860333E+02 -3.5706611E+01  1.6559489E+00 -4.8348965E+02 -4.9070088E+02 
      1121 SSD  1.4312492E+04 -9.4176798E+01 -5.0388642E+01  1.9637143E+00 -5.8539773E+02 -5.9029078E+02 

