      NODE            V1             V2             V3             VR1            VR2            VR3
      1001     -9.2815123E+01  2.7812118E+00  6.5321241E+00  2.4508579E-01  7.3587845E-01 -7.6801391E-01 
      1001 SSD  8.2379358E+02  2.5333858E+00 -4.5275114E+01 -3.4064331E+00 -8.3865621E+00  8.0706452E+00 
      1002     -9.2665394E+01  2.9568980E+00  6.4942835E+00  8.7700691E-01  1.4776912E-01  2.5052142E+00 
      1002 SSD  8.2210582E+02  5.5100940E-01 -4.4994550E+01 -9.6014691E+00  5.3332592E-01 -2.6498973E+01 
      1003     -9.2510833E+01  3.5961866E+00  6.5270667E+00  3.6963418E-01  9.5831186E-02  7.2613355E+00 
      1003 SSD  8.2019521E+02 -6.5587220E+00 -4.5470447E+01 -3.3058807E+00  1.8628577E-01 -7.9972417E+01 
      1004     -9.2461210E+01  3.9978276E+00  6.5201246E+00  3.0693384E-01 -1.2254168E-01  1.1535533E+01 
      1004 SSD  8.2003238E+02 -1.1420290E+01 -4.5428960E+01 -1.9993278E+00  2.5057096E+00 -1.2788332E+02 
      1005     -9.2418775E+01  4.4581075E+00  6.5280988E+00  1.1767632E-01 -2.5649973E-01  1.4341536E+01 
      1005 SSD  8.1970430E+02 -1.6815091E+01 -4.5492345E+01 -2.3521859E-02  2.6800773E+00 -1.5970398E+02 
      1006     -9.2439556E+01  4.9086312E+00  6.5378225E+00 -7.8706603E-02 -3.5950853E-01  1.5088434E+01 
      1006 SSD  8.2006486E+02 -2.1822729E+01 -4.5493884E+01  1.5876988E+00  3.2068154E+00 -1.6952346E+02 
      1007     -9.2532893E+01  5.3663996E+00  6.5471139E+00 -2.4677891E-01 -3.5655897E-01  1.3698393E+01 
      1007 SSD  8.2080079E+02 -2.6607957E+01 -4.5503627E+01  2.5930175E+00  3.0015952E+00 -1.5644059E+02 
      1008     -9.2706791E+01  5.8124958E+00  6.5489042E+00 -3.7717317E-01 -2.6325860E-01  1.0483985E+01 
      1008 SSD  8.2235688E+02 -3.1156310E+01 -4.5476224E+01  3.5703918E+00  1.6961517E+00 -1.2191693E+02 
      1009     -9.2891916E+01  6.3165552E+00  6.5600912E+00 -2.8787126E-01 -1.8531028E-01  6.2820313E+00 
      1009 SSD  8.2375701E+02 -3.6296682E+01 -4.5655091E+01  2.2783249E+00  1.3429048E+00 -7.4156449E+01 
      1010     -9.3162146E+01  6.6978848E+00  6.5565089E+00 -4.0280833E-01  2.4676551E-01  2.0583612E+00 
      1010 SSD  8.2716265E+02 -4.0021704E+01 -4.5614160E+01  3.4042681E+00 -3.8046181E+00 -2.4359045E+01 
      1011     -9.3314649E+01  7.2064891E+00  6.5783428E+00  3.1566101E-01 -1.1826127E-01 -2.7545085E-01 
      1011 SSD  8.2786934E+02 -4.5410224E+01 -4.6112747E+01 -4.6561089E+00  1.2825737E+00  4.3154197E+00 
      1012     -9.3575772E+01  7.2170744E+00  2.0063327E+00  3.0148597E-01 -8.1652630E-01  7.6876253E-01 
      1012 SSD  8.3150044E+02 -4.5702472E+01  3.3128797E+00 -3.6956846E+00  8.9211115E+00 -7.6764386E+00 
      1013     -9.3310941E+01  7.0573030E+00  2.0438119E+00  8.2384681E-01 -7.3046361E-02 -2.6683927E+00 
      1013 SSD  8.2887295E+02 -4.3863846E+01  3.0201515E+00 -8.5806586E+00 -9.4089726E-01  2.6975250E+01 
      1014     -9.3043556E+01  6.4351030E+00  2.0131991E+00  3.9911687E-01 -4.2267685E-02 -7.8844437E+00 
      1014 SSD  8.2607313E+02 -3.7085534E+01  3.4216934E+00 -3.6949920E+00 -4.5243559E-01  8.2357419E+01 
      1015     -9.2910779E+01  5.9872049E+00  2.0171889E+00  2.6730752E-01  1.9919768E-01 -1.2598207E+01 
      1015 SSD  8.2517430E+02 -3.1807541E+01  3.3935324E+00 -1.7386287E+00 -2.9023933E+00  1.3204404E+02 
      1016     -9.2774546E+01  5.5164968E+00  2.0088987E+00  6.3219083E-02  3.1968413E-01 -1.5712495E+01 
      1016 SSD  8.2402949E+02 -2.6437998E+01  3.4362440E+00  1.9827417E-01 -3.0216553E+00  1.6500050E+02 
      1017     -9.2706302E+01  5.0523337E+00  1.9996709E+00 -1.2567990E-01  4.0924725E-01 -1.6570367E+01 
      1017 SSD  8.2360844E+02 -2.1327078E+01  3.4321609E+00  1.6714990E+00 -3.5066112E+00  1.7520094E+02 
      1018     -9.2715614E+01  4.5738003E+00  1.9896203E+00 -2.7085320E-01  3.7301332E-01 -1.5084039E+01 
      1018 SSD  8.2360867E+02 -1.6352636E+01  3.4609187E+00  2.5973343E+00 -3.1031694E+00  1.6170704E+02 
      1019     -9.2812459E+01  4.1282804E+00  1.9887302E+00 -4.3935935E-01  2.2556859E-01 -1.1526441E+01 
      1019 SSD  8.2447281E+02 -1.1802127E+01  3.4427004E+00  3.9699562E+00 -1.4801258E+00  1.2563251E+02 
      1020     -9.2882540E+01  3.6518307E+00  1.9811557E+00 -3.1818433E-01  1.6624301E-01 -6.8328048E+00 
      1020 SSD  8.2491448E+02 -6.9334368E+00  3.5892799E+00  2.5500215E+00 -1.3351608E+00  7.5803982E+01 
      1021     -9.3104258E+01  3.2702867E+00  1.9974216E+00 -3.3330120E-01 -4.1237386E-01 -2.1729884E+00 
      1021 SSD  8.2773636E+02 -2.9812577E+00  3.4860219E+00  2.6786605E+00  4.5177956E+00  2.4760130E+01 
      1022     -9.3080164E+01  2.8198169E+00  1.9773648E+00  3.4973654E-01  7.1902968E-02  4.5390413E-01 
      1022 SSD  8.2722093E+02  1.9374378E+00  3.9161783E+00 -4.1540853E+00 -7.4485921E-01 -5.3838094E+00 
      1023     -9.2880090E+01  2.7906647E+00  2.3081450E+00  5.1436579E-01 -1.8397211E+00 -1.5400807E-01 
      1023 SSD  8.2502946E+02  2.3038847E+00  2.4942687E-01 -5.7771292E+00  2.0961862E+01  1.6382341E+00 
      1024     -9.2703060E+01  2.7717619E+00  2.8208420E+00  4.5892498E-01 -6.0830530E+00  1.0434251E-01 
      1024 SSD  8.2319686E+02  2.5298296E+00 -5.5947444E+00 -4.0913441E+00  6.9000824E+01 -2.9891383E-01 
      1025     -9.2542470E+01  2.7603131E+00  3.2672541E+00  3.4955192E-01 -1.0460071E+01  2.5235935E-01 
      1025 SSD  8.2168663E+02  2.6447016E+00 -1.0779804E+01 -2.4668070E+00  1.1801510E+02 -1.4978638E+00 
      1026     -9.2405028E+01  2.7523023E+00  3.7216119E+00  1.7142244E-01 -1.3669762E+01  3.7405804E-01 
      1026 SSD  8.2045719E+02  2.6649890E+00 -1.6044065E+01 -5.5766174E-01  1.5321123E+02 -2.8601896E+00 
      1027     -9.2343279E+01  2.7438031E+00  4.1716919E+00 -2.6080021E-02 -1.5016323E+01  3.6778285E-01 
      1027 SSD  8.1989139E+02  2.6511020E+00 -2.1093692E+01  1.0974766E+00  1.6737265E+02 -3.0315620E+00 
      1028     -9.2332635E+01  2.7347971E+00  4.6356118E+00 -1.8869450E-01 -1.4269906E+01  2.4144710E-01 
      1028 SSD  8.1956037E+02  2.6764211E+00 -2.5972452E+01  2.0144564E+00  1.5934432E+02 -2.3263477E+00 
      1029     -9.2400364E+01  2.7312333E+00  5.0920564E+00 -3.6739705E-01 -1.1513398E+01  1.2301938E-01 
      1029 SSD  8.2000323E+02  2.6977519E+00 -3.0539665E+01  3.2235294E+00  1.2984805E+02 -2.1918776E+00 
      1030     -9.2500789E+01  2.7364794E+00  5.5811305E+00 -3.2000546E-01 -7.4504150E+00 -1.4003113E-01 
      1030 SSD  8.2057487E+02  2.7197203E+00 -3.5395643E+01  2.3754547E+00  8.5162528E+01  2.8580475E-01 
      1031     -9.2678730E+01  2.7436832E+00  5.9568476E+00 -5.2655696E-01 -2.6706282E+00 -1.1370772E-01 
      1031 SSD  8.2265814E+02  2.7036107E+00 -3.9243887E+01  4.4879749E+00  3.1014479E+01 -9.1810502E-01 
      1032     -9.3199281E+01  7.2216222E+00  6.1952902E+00  4.8097764E-01  2.0490868E+00  2.3415107E-01 
      1032 SSD  8.2654893E+02 -4.5658319E+01 -4.2062153E+01 -5.5850262E+00 -2.2194806E+01 -2.0112257E+00 
      1033     -9.3060870E+01  7.2296468E+00  5.6745928E+00  4.4761672E-01  6.7386221E+00 -6.9429398E-02 
      1033 SSD  8.2528458E+02 -4.5825600E+01 -3.6256940E+01 -4.1021037E+00 -7.2907600E+01  1.8775001E-01 
      1034     -9.2947142E+01  7.2341693E+00  5.2240962E+00  3.3461470E-01  1.1568856E+01 -2.3886366E-01 
      1034 SSD  8.2443923E+02 -4.5906160E+01 -3.1066950E+01 -2.3786107E+00 -1.2454526E+02  1.4831600E+00 
      1035     -9.2851719E+01  7.2388634E+00  4.7730431E+00  1.5392481E-01  1.5074132E+01 -3.9841555E-01 
      1035 SSD  8.2385238E+02 -4.5918641E+01 -2.5843275E+01 -4.3626172E-01 -1.6121511E+02  3.0666933E+00 
      1036     -9.2832466E+01  7.2466283E+00  4.3335824E+00 -3.9790558E-02  1.6508335E+01 -3.9790303E-01 
      1036 SSD  8.2395979E+02 -4.5906533E+01 -2.0850134E+01  1.2130613E+00 -1.7549575E+02  3.2140194E+00 
      1037     -9.2868808E+01  7.2559703E+00  3.8844570E+00 -1.9358352E-01  1.5634385E+01 -3.0271130E-01 
      1037 SSD  8.2429153E+02 -4.5936389E+01 -1.6054006E+01  2.0656290E+00 -1.6643272E+02  2.6444352E+00 
      1038     -9.2993584E+01  7.2621285E+00  3.4480215E+00 -3.6496790E-01  1.2563696E+01 -1.9882619E-01 
      1038 SSD  8.2555601E+02 -4.5955747E+01 -1.1573244E+01  3.2523760E+00 -1.3485915E+02  2.7880685E+00 
      1039     -9.3135341E+01  7.2627854E+00  2.9763231E+00 -2.9343826E-01  8.1146555E+00  1.0981608E-01 
      1039 SSD  8.2683422E+02 -4.5993550E+01 -6.7936556E+00  2.2298538E+00 -8.8079586E+01 -1.5892192E-01 
      1040     -9.3359702E+01  7.2651994E+00  2.6302354E+00 -5.1637942E-01  2.9083576E+00  6.5469620E-02 
      1040 SSD  8.2939562E+02 -4.6050835E+01 -3.2042591E+00  4.4162058E+00 -3.2061791E+01  9.9625482E-01 
      1041      9.5355627E+01  4.9298631E+00  6.0803331E+00  4.6032887E-02  1.0728495E-01  2.3034977E+01 
      1041 SSD -1.0979168E+03 -2.1720795E+01 -4.0606041E+01 -5.0799253E-01  1.2142407E+00 -2.1950399E+02 
      1042      3.3020710E+02  4.9475540E+00  5.6263466E+00  4.5355611E-02  2.2798617E-01  2.4568684E+01 
      1042 SSD -3.2546562E+03 -2.1617934E+01 -3.5704899E+01 -4.9172045E-01  1.2825368E+00 -2.1706558E+02 
      1043      5.5065177E+02  4.9651439E+00  5.1722322E+00  4.5399411E-02  1.4112892E-01  2.0142937E+01 
      1043 SSD -5.1421359E+03 -2.1581141E+01 -3.0808844E+01 -4.9135570E-01  3.0205712E+00 -1.6476589E+02 
      1044      7.0619763E+02  4.9818893E+00  4.7195853E+00  4.5365548E-02 -5.9312738E-02  1.1415116E+01 
      1044 SSD -6.3628489E+03 -2.1600130E+01 -2.5924541E+01 -4.9054536E-01  5.2995547E+00 -8.2012448E+01 
      1045      7.6373462E+02  4.9973027E+00  4.2683683E+00  4.5360791E-02 -3.3698272E-01  2.6758583E-01 
      1045 SSD -6.7680354E+03 -2.1648037E+01 -2.1046669E+01 -4.9041345E-01  2.0648460E+00 -5.8107307E-01 
      1046      7.1107251E+02  5.0108871E+00  3.8180642E+00  4.5402637E-02 -5.6376549E-01 -1.0928378E+01 
      1046 SSD -6.3733368E+03 -2.1686960E+01 -1.6171565E+01 -4.9094569E-01 -1.4448123E+00  8.0853760E+01 
      1047      5.5948266E+02  5.0222653E+00  3.3676471E+00  4.5538944E-02 -6.1853539E-01 -1.9799161E+01 
      1047 SSD -5.1629293E+03 -2.1679565E+01 -1.1292560E+01 -4.9254027E-01  1.7548812E-02  1.6365197E+02 
      1048      3.4099714E+02  5.0314208E+00  2.9153183E+00  4.5743638E-02 -4.8703306E-01 -2.4505001E+01 
      1048 SSD -3.2838827E+03 -2.1601324E+01 -6.3937004E+00 -4.9485694E-01  4.5252653E-01  2.1639775E+02 
      1049      1.0433507E+02  5.0384178E+00  2.4592024E+00  4.7194440E-02 -1.4078526E-01 -2.3487481E+01 
      1049 SSD -1.1258475E+03 -2.1446593E+01 -1.4575273E+00 -5.1551939E-01 -9.0108132E-01  2.2055779E+02 
      1050      7.1161641E+02  5.4543717E+00  4.2834435E+00  4.5300997E-02  1.0888555E+01  4.9367950E-01 
      1050 SSD -6.3864763E+03 -2.6586493E+01 -2.1108703E+01 -4.8989938E-01 -7.9716507E+01  2.8887424E+00 
      1051      5.6020245E+02  5.9108152E+00  4.2966350E+00  4.5165027E-02  1.9805253E+01  5.4104431E-01 
      1051 SSD -5.1839753E+03 -3.1512291E+01 -2.1126696E+01 -4.8886841E-01 -1.6328536E+02  1.2299479E+00 
      1052      3.4143857E+02  6.3645951E+00  4.3081039E+00  4.4942276E-02  2.4562507E+01  4.2274090E-01 
      1052 SSD -3.3043280E+03 -3.6405853E+01 -2.1078941E+01 -4.8758902E-01 -2.1700848E+02  1.4746645E-01 
      1053      1.0423521E+02  6.8141083E+00  4.3180170E+00  4.5814705E-02  2.3544039E+01  9.9091999E-02 
      1053 SSD -1.1364098E+03 -4.1257149E+01 -2.0961802E+01 -5.0190521E-01 -2.2194384E+02  7.2884040E-01 
      1054      5.1020188E+02  5.8931354E+00  4.7452949E+00  4.5249964E-02  1.8519199E+01  9.0042795E+00 
      1054 SSD -4.8240156E+03 -3.1390643E+01 -2.6035485E+01 -4.9021106E-01 -1.5657031E+02 -7.0321165E+01 
      1055      3.8657988E+02  5.8751363E+00  5.1972247E+00  4.5429869E-02  1.5005569E+01  1.5565179E+01 
      1055 SSD -3.7947918E+03 -3.1301863E+01 -3.1015470E+01 -4.8998302E-01 -1.3200439E+02 -1.3432182E+02 
      1056      2.1622355E+02  5.8573623E+00  5.6530240E+00  4.5612977E-02  9.9636739E+00  1.8656475E+01 
      1056 SSD -2.2713165E+03 -3.1261351E+01 -3.6018897E+01 -4.8750637E-01 -9.2170265E+01 -1.7143789E+02 
      1057      4.0787522E+01  5.8407099E+00  6.1140821E+00  4.9363895E-02  4.3882023E+00  1.6861392E+01 
      1057 SSD -5.9669444E+02 -3.1266110E+01 -4.0986007E+01 -5.1386223E-01 -4.3945870E+01 -1.6688909E+02 
      1058      5.0508754E+02  5.4202117E+00  5.1855165E+00  4.5438051E-02  8.4816651E+00  1.9012538E+01 
      1058 SSD -4.8021510E+03 -2.6473192E+01 -3.0928368E+01 -4.8979110E-01 -6.8016017E+01 -1.5860501E+02 
      1059      6.5387067E+02  5.4377374E+00  4.7333461E+00  4.5341549E-02  1.0322820E+01  1.0904125E+01 
      1059 SSD -5.9940288E+03 -2.6514320E+01 -2.5999525E+01 -4.9013222E-01 -7.8108166E+01 -8.0631094E+01 
      1060      2.9709008E+02  5.4023437E+00  5.6401674E+00  4.5518904E-02  5.7326185E+00  2.3010611E+01 
      1060 SSD -2.9936072E+03 -2.6484292E+01 -3.5873475E+01 -4.8718116E-01 -4.8580935E+01 -2.0607596E+02 
      1061      7.8743519E+01  5.3850992E+00  6.0966659E+00  4.7891902E-02  2.5417541E+00  2.1239757E+01 
      1061 SSD -9.5938008E+02 -2.6548915E+01 -4.0792480E+01 -5.0720939E-01 -2.3090634E+01 -2.0546765E+02 
      1062      4.6691382E+01  6.7742373E+00  5.2146041E+00  4.3138729E-02  1.6983077E+01  4.6855754E+00 
      1062 SSD -6.1706710E+02 -4.0866057E+01 -3.1053704E+01 -4.9462471E-01 -1.6824704E+02 -4.5371232E+01 
      1063      2.2081690E+02  6.3286940E+00  5.2071832E+00  4.5194229E-02  1.8237779E+01  1.0451612E+01 
      1063 SSD -2.2902769E+03 -3.6098395E+01 -3.1058709E+01 -4.9243785E-01 -1.6971542E+02 -9.4152574E+01 
      1064      8.6798768E+01  6.7944667E+00  4.7629792E+00  4.4586306E-02  2.1586875E+01  2.6689991E+00 
      1064 SSD -9.9082308E+02 -4.1061476E+01 -2.5924211E+01 -5.0295461E-01 -2.0745761E+02 -2.3964447E+01 
      1065      3.0566098E+02  6.3463990E+00  4.7553499E+00  4.5036726E-02  2.2773689E+01  6.0760728E+00 
      1065 SSD -3.0297534E+03 -3.6235123E+01 -2.6012637E+01 -4.9147501E-01 -2.0510563E+02 -5.0128175E+01 
      1066     -5.9289982E+01  6.7301331E+00  6.1577284E+00  4.6170125E-02  4.6526796E+00  4.8050602E+00 
      1066 SSD  4.5015608E+02 -4.0406523E+01 -4.1541089E+01 -4.8140882E-01 -5.2257244E+01 -5.0922109E+01 
      1067     -6.8768152E+00  6.7534493E+00  5.6735794E+00  4.2982932E-02  1.0817642E+01  5.5574459E+00 
      1067 SSD -9.0617114E+01 -4.0656401E+01 -3.6236049E+01 -4.7921001E-01 -1.1217162E+02 -5.6217395E+01 
      1068     -9.3495997E+00  6.3059660E+00  6.1318251E+00  4.9559496E-02  5.1178848E+00  1.0876734E+01 
      1068 SSD -8.6997971E+01 -3.6045930E+01 -4.1204276E+01 -5.1577511E-01 -5.3957356E+01 -1.1087429E+02 
      1069      1.0595798E+02  6.3135377E+00  5.6646401E+00  4.5401960E-02  1.1872083E+01  1.2366546E+01 
      1069 SSD -1.2239592E+03 -3.6020951E+01 -3.6142904E+01 -4.9022398E-01 -1.1565904E+02 -1.1767049E+02 
      1070      6.1274903E+01  5.9682540E+00  2.5079773E+00  4.4038623E-02  4.7437276E+00 -1.8362985E+01 
      1070 SSD -6.8902929E+02 -3.1766836E+01 -1.9726120E+00 -4.9663856E-01 -4.6783085E+01  1.7389907E+02 
      1071      2.4602292E+02  5.9605017E+00  2.9569920E+00  4.5416160E-02  1.0114996E+01 -1.8988195E+01 
      1071 SSD -2.3972352E+03 -3.1818694E+01 -6.7974385E+00 -4.9389115E-01 -9.1654918E+01  1.7248223E+02 
      1072      4.1322480E+02  5.9450877E+00  3.4040377E+00  4.5240145E-02  1.5119879E+01 -1.5115335E+01 
      1072 SSD -3.8816396E+03 -3.1752908E+01 -1.1549574E+01 -4.8874427E-01 -1.3054745E+02  1.3140414E+02 
      1073      5.2566579E+02  5.9282972E+00  3.8494482E+00  4.5141722E-02  1.8594640E+01 -8.1042246E+00 
      1073 SSD -4.8521255E+03 -3.1643187E+01 -1.6300404E+01 -4.8747049E-01 -1.5426990E+02  6.9723945E+01 
      1074      3.2022768E+02  5.4947806E+00  2.9360923E+00  4.5749502E-02  5.3831171E+00 -2.3157933E+01 
      1074 SSD -3.0698540E+03 -2.6653748E+01 -6.6029971E+00 -4.9755186E-01 -4.9074565E+01  2.0509894E+02 
      1075      9.5550406E+01  5.5026886E+00  2.4827179E+00  4.5316131E-02  2.5286824E+00 -2.2390810E+01 
      1075 SSD -1.0243433E+03 -2.6530266E+01 -1.6997796E+00 -5.0804231E-01 -2.5200308E+01  2.0965999E+02 
      1076      5.2549973E+02  5.4835380E+00  3.3866371E+00  4.5470434E-02  8.0642779E+00 -1.8588731E+01 
      1076 SSD -4.8422964E+03 -2.6689898E+01 -1.1441215E+01 -4.9228228E-01 -6.8596836E+01  1.5503828E+02 
      1077      6.6576904E+02  5.4698379E+00  3.8348165E+00  4.5326166E-02  1.0054859E+01 -1.0093201E+01 
      1077 SSD -5.9895824E+03 -2.6657422E+01 -1.6259818E+01 -4.9009337E-01 -7.8759170E+01  7.9945652E+01 
      1078      1.0224363E+01  6.8952104E+00  2.9767233E+00  4.5904619E-02  1.2304052E+01 -5.6992137E+00 
      1078 SSD -2.0847855E+02 -4.2094994E+01 -6.8652740E+00 -4.7627307E-01 -1.1884432E+02  5.6757663E+01 
      1079      1.3446322E+02  6.4250337E+00  2.9751074E+00  4.5209489E-02  1.2670194E+01 -1.2713773E+01 
      1079 SSD -1.3779747E+03 -3.6988748E+01 -6.9275296E+00 -4.8607666E-01 -1.1782489E+02  1.1966989E+02 
      1080     -4.7862383E+01  6.9376066E+00  2.5610257E+00  4.0422655E-02  5.4060232E+00 -5.5760935E+00 
      1080 SSD  3.7073263E+02 -4.2571433E+01 -2.5176628E+00 -4.2381441E-01 -5.3708114E+01  5.7431633E+01 
      1081      9.4879460E+00  6.4387294E+00  2.5457791E+00  4.1468346E-02  5.6937590E+00 -1.2391894E+01 
      1081 SSD -1.8834013E+02 -3.7111564E+01 -2.3630322E+00 -4.5761071E-01 -5.5803086E+01  1.2064053E+02 
      1082      6.1493456E+01  6.8576260E+00  3.4270810E+00  4.7334547E-02  1.8387245E+01 -4.6333757E+00 
      1082 SSD -7.0834017E+02 -4.1700243E+01 -1.1528926E+01 -4.9151765E-01 -1.7414487E+02  4.5658439E+01 
      1083      2.4615097E+02  6.4032099E+00  3.4186186E+00  4.5039489E-02  1.8960823E+01 -1.0102892E+01 
      1083 SSD -2.4092131E+03 -3.6783989E+01 -1.1587097E+01 -4.8238628E-01 -1.7099766E+02  9.2352625E+01 
      1084      9.5301906E+01  6.8354000E+00  3.8706284E+00  4.6928227E-02  2.2418354E+01 -2.5093467E+00 
      1084 SSD -1.0374954E+03 -4.1472273E+01 -1.6156060E+01 -4.9757825E-01 -2.1039421E+02  2.4605795E+01 
      1085      3.2029010E+02  6.3835566E+00  3.8615213E+00  4.4933873E-02  2.3186142E+01 -5.4011979E+00 
      1085 SSD -3.0858494E+03 -3.6594619E+01 -1.6267618E+01 -4.8322322E-01 -2.0483995E+02  4.9450438E+01 
      1086      9.4747765E+01  3.1872834E+00  4.1965005E+00  4.6579204E-02 -2.2969446E+01 -9.6705291E-02 
      1086 SSD -1.0836041E+03 -2.0650848E+00 -2.1024186E+01 -5.0064374E-01  2.1836896E+02 -2.0699289E-01 
      1087      3.2902772E+02  3.6367709E+00  4.2150854E+00  4.5334389E-02 -2.4527347E+01 -2.5746970E-01 
      1087 SSD -3.2316156E+03 -6.9200865E+00 -2.0946304E+01 -4.8863766E-01  2.1645005E+02  2.5805626E-03 
      1088      5.4941956E+02  4.0876247E+00  4.2337588E+00  4.5309760E-02 -2.0171661E+01 -1.9681168E-01 
      1088 SSD -5.1187557E+03 -1.1800622E+01 -2.0933875E+01 -4.8980362E-01  1.6532714E+02 -1.6554514E+00 
      1089      7.0548830E+02  4.5413091E+00  4.2516492E+00  4.5357837E-02 -1.1486254E+01 -8.8421330E-03 
      1089 SSD -6.3488417E+03 -1.6714375E+01 -2.0975910E+01 -4.9008011E-01  8.3323554E+01 -3.8567959E+00 
      1090      3.0718085E+02  3.6221713E+00  4.6718251E+00  4.5433615E-02 -2.2984012E+01  5.3559705E+00 
      1090 SSD -3.0187015E+03 -6.7561372E+00 -2.5807906E+01 -4.8502615E-01  2.0383913E+02 -4.8371691E+01 
      1091      2.3426363E+02  3.6056590E+00  5.1268548E+00  4.5682544E-02 -1.8623782E+01  9.8627686E+00 
      1091 SSD -2.3558230E+03 -6.5899141E+00 -3.0546799E+01 -4.8727543E-01  1.6965869E+02 -9.0464247E+01 
      1092      1.2545203E+02  3.5861752E+00  5.5802567E+00  4.5563122E-02 -1.2279733E+01  1.2320112E+01 
      1092 SSD -1.3429707E+03 -6.4089919E+00 -3.5253032E+01 -4.9128712E-01  1.1624477E+02 -1.1760924E+02 
      1093      4.7534197E+00  3.5736808E+00  6.0137678E+00  4.3348174E-02 -5.3837395E+00  1.1868773E+01 
      1093 SSD -1.7333114E+02 -6.3032182E+00 -3.9834075E+01 -4.8235656E-01  5.4571677E+01 -1.1842201E+02 
      1094      5.4127956E+01  3.1494960E+00  5.1161579E+00  4.8363735E-02 -1.7755165E+01  4.3685076E+00 
      1094 SSD -6.7546628E+02 -1.6430072E+00 -3.0594299E+01 -4.9618558E-01  1.7105534E+02 -4.3991327E+01 
      1095      8.6234895E+01  3.1691948E+00  4.6568232E+00  4.7821846E-02 -2.1764112E+01  2.3633708E+00 
      1095 SSD -9.9176691E+02 -1.8639877E+00 -2.5895064E+01 -4.9678080E-01  2.0689694E+02 -2.3418332E+01 
      1096      5.3767555E+00  3.1166849E+00  5.5816092E+00  4.5985681E-02 -1.1798325E+01  5.3861993E+00 
      1096 SSD -1.9061772E+02 -1.2802889E+00 -3.5342336E+01 -4.7544980E-01  1.1670245E+02 -5.5097318E+01 
      1097     -4.9730841E+01  3.0741949E+00  6.0106975E+00  4.0021841E-02 -5.1082184E+00  5.2463068E+00 
      1097 SSD  3.7432095E+02 -7.7614858E-01 -3.9796004E+01 -4.2136897E-01  5.2557713E+01 -5.6030298E+01 
      1098      5.1310498E+02  4.5108995E+00  5.1573724E+00  4.5374516E-02 -8.3187523E+00  1.8721176E+01 
      1098 SSD -4.7969555E+03 -1.6612433E+01 -3.0682083E+01 -4.9179634E-01  7.0577334E+01 -1.5497433E+02 
      1099      3.9967402E+02  4.0569172E+00  5.1419807E+00  4.5300839E-02 -1.5085848E+01  1.5033852E+01 
      1099 SSD -3.8242847E+03 -1.1585337E+01 -3.0586696E+01 -4.8886644E-01  1.3091903E+02 -1.3024888E+02 
      1100      6.5567332E+02  4.5269053E+00  4.7042639E+00  4.5348737E-02 -1.0512621E+01  1.0437709E+01 
      1100 SSD -5.9456973E+03 -1.6652173E+01 -2.5843723E+01 -4.8998391E-01  8.1762093E+01 -8.0395000E+01 
      1101      5.1249066E+02  4.0733614E+00  4.6881622E+00  4.5323241E-02 -1.8768709E+01  8.2508902E+00 
      1101 SSD -4.7870444E+03 -1.1689465E+01 -2.5796336E+01 -4.8843047E-01  1.5558371E+02 -6.9300896E+01 
      1102      8.6687492E+01  4.4786394E+00  6.0630353E+00  4.4042590E-02 -2.4014363E+00  2.1807599E+01 
      1102 SSD -9.9474703E+02 -1.6716780E+01 -4.0401382E+01 -5.0239636E-01  2.4880402E+01 -2.0764632E+02 
      1103      3.0792305E+02  4.4943788E+00  5.6113333E+00  4.5365777E-02 -5.4111818E+00  2.2999518E+01 
      1103 SSD -3.0281014E+03 -1.6627823E+01 -3.5527401E+01 -4.9594599E-01  4.9771819E+01 -2.0442115E+02 
      1104      5.4001864E+01  4.0253760E+00  6.0462519E+00  4.2898174E-02 -4.4663228E+00  1.7767556E+01 
      1104 SSD -6.6433652E+02 -1.1526413E+01 -4.0199940E+01 -4.9008371E-01  4.5707728E+01 -1.7156294E+02 
      1105      2.3438124E+02  4.0389486E+00  5.5955257E+00  4.5137663E-02 -9.9189146E+00  1.8647577E+01 
      1105 SSD -2.3534960E+03 -1.1508376E+01 -3.5366435E+01 -4.9190083E-01  9.1190309E+01 -1.7071510E+02 
      1106     -7.1002859E+00  3.6633772E+00  2.3922884E+00  4.8808204E-02 -5.4505139E+00 -1.0675133E+01 
      1106 SSD -8.6885132E+01 -7.1203533E+00 -7.7594349E-01 -5.1041565E-01  5.5077580E+01  1.0891614E+02 
      1107      1.0501065E+02  3.6654372E+00  2.8513112E+00  4.4995671E-02 -1.2239823E+01 -1.1849030E+01 
      1107 SSD -1.1995073E+03 -7.1882546E+00 -5.8178850E+00 -4.8788047E-01  1.1652044E+02  1.1437755E+02 
      1108      2.1501023E+02  3.6592691E+00  3.3064672E+00  4.5043752E-02 -1.8521573E+01 -9.9409908E+00 
      1108 SSD -2.2379378E+03 -7.1564058E+00 -1.0904593E+01 -4.9224727E-01  1.7010990E+02  9.1637732E+01 
      1109      2.9575527E+02  3.6490838E+00  3.7608760E+00  4.5122812E-02 -2.2916527E+01 -5.7341426E+00 
      1109 SSD -2.9608740E+03 -7.0591751E+00 -1.5973878E+01 -4.9149070E-01  2.0508807E+02  4.9223076E+01 
      1110     -9.7168708E+00  3.2340171E+00  2.8316463E+00  4.1720808E-02 -1.0902817E+01 -5.1862834E+00 
      1110 SSD -6.7496617E+01 -2.5733421E+00 -5.6693140E+00 -4.7437632E-01  1.1136801E+02  5.4012310E+01 
      1111     -5.9360801E+01  3.2481560E+00  2.3578861E+00  4.5053961E-02 -4.9012395E+00 -4.5192129E+00 
      1111 SSD  4.5519550E+02 -2.7378771E+00 -3.8484079E-01 -4.8691451E-01  5.2712507E+01  4.9009912E+01 
      1112      4.0591242E+01  3.2191855E+00  3.2876568E+00  4.3162025E-02 -1.6794189E+01 -4.3663602E+00 
      1112 SSD -5.7534669E+02 -2.4107975E+00 -1.0852951E+01 -4.9254989E-01  1.6585263E+02  4.3730599E+01 
      1113      7.8300089E+01  3.2034434E+00  3.7426590E+00  4.4722711E-02 -2.1164045E+01 -2.5104649E+00 
      1113 SSD -9.3851399E+02 -2.2431325E+00 -1.6013290E+01 -4.9960342E-01  2.0411439E+02  2.3545505E+01 
      1114      3.0450921E+02  4.5694494E+00  2.8944493E+00  4.5633237E-02 -6.1607432E+00 -2.2715875E+01 
      1114 SSD -3.0031375E+03 -1.6683069E+01 -6.1874867E+00 -4.8991417E-01  5.0862254E+01  2.0397695E+02 
      1115      2.1926027E+02  4.1148398E+00  2.8728410E+00  4.5314261E-02 -1.0454992E+01 -1.8186543E+01 
      1115 SSD -2.2601160E+03 -1.1906939E+01 -5.9941525E+00 -4.8510727E-01  9.4260683E+01  1.6828196E+02 
      1116      8.6439253E+01  4.5729595E+00  2.4389835E+00  4.8447083E-02 -2.7259419E+00 -2.1470330E+01 
      1116 SSD -9.8050630E+02 -1.6540646E+01 -1.2569231E+00 -5.1243751E-01  2.3941705E+01  2.0519716E+02 
      1117      4.6001865E+01  4.1188528E+00  2.4178863E+00  4.9111992E-02 -4.7065402E+00 -1.6850512E+01 
      1117 SSD -6.0717602E+02 -1.1832752E+01 -1.0484494E+00 -5.0891673E-01  4.5266288E+01  1.6547655E+02 
      1118      6.5261253E+02  4.5533946E+00  3.7997632E+00  4.5386651E-02 -1.0974283E+01 -1.0368961E+01 
      1118 SSD -5.9675349E+03 -1.6760588E+01 -1.6072530E+01 -4.9064546E-01  8.1885083E+01  7.9159451E+01 
      1119      5.0874037E+02  4.5628802E+00  3.3477249E+00  4.5484670E-02 -9.0795327E+00 -1.8514524E+01 
      1119 SSD -4.7919805E+03 -1.6757335E+01 -1.1137416E+01 -4.9101829E-01  7.1384728E+01  1.5654837E+02 
      1120      5.0338810E+02  4.0992862E+00  3.7804183E+00  4.5274404E-02 -1.9025116E+01 -8.5245435E+00 
      1120 SSD -4.7670796E+03 -1.1888780E+01 -1.5998032E+01 -4.9074855E-01  1.5909217E+02  6.8978422E+01 
      1121      3.8472511E+02  4.1084667E+00  3.3269906E+00  4.5291836E-02 -1.5561492E+01 -1.5003484E+01 
      1121 SSD -3.7562328E+03 -1.1929336E+01 -1.1001897E+01 -4.8984199E-01  1.3458126E+02  1.3174820E+02 

