      NODE            V1             V2             V3             VR1            VR2            VR3
      1001     -5.6543074E+01  8.0895487E-01  3.2098465E+00  1.4613899E-01  4.5627100E-01 -4.8371553E-01 
      1001 SSD  6.4037391E+02  5.8298262E+00 -3.3631459E+01 -2.9207347E+00 -6.8819678E+00  6.5188186E+00 
      1002     -5.6445827E+01  9.0456374E-01  3.1858323E+00  5.4945205E-01  1.0196803E-01  1.5794423E+00 
      1002 SSD  6.3898909E+02  4.2009638E+00 -3.3437041E+01 -7.8385862E+00  8.0881299E-01 -2.1378015E+01 
      1003     -5.6348403E+01  1.2881021E+00  3.2056852E+00  2.3161225E-01  6.3444168E-02  4.5491153E+00 
      1003 SSD  6.3741557E+02 -1.5624638E+00 -3.3842234E+01 -2.5608057E+00  3.7727523E-01 -6.5193262E+01 
      1004     -5.6311839E+01  1.5216820E+00  3.2015924E+00  1.9616788E-01 -7.3717384E-02  7.2131611E+00 
      1004 SSD  6.3734546E+02 -5.5795118E+00 -3.3816382E+01 -1.3874373E+00  2.2464446E+00 -1.0443209E+02 
      1005     -5.6282351E+01  1.7931741E+00  3.2071328E+00  7.5935952E-02 -1.6373099E-01  8.9570794E+00 
      1005 SSD  6.3710595E+02 -1.0004529E+01 -3.3863509E+01  2.0982292E-01  2.1597597E+00 -1.3056497E+02 
      1006     -5.6292593E+01  2.0602473E+00  3.2141209E+00 -4.9627393E-02 -2.3021297E-01  9.4108900E+00 
      1006 SSD  6.3742367E+02 -1.4065662E+01 -3.3846343E+01  1.4250712E+00  2.4775455E+00 -1.3887917E+02 
      1007     -5.6350811E+01  2.3337111E+00  3.2205987E+00 -1.5867989E-01 -2.2874062E-01  8.5275081E+00 
      1007 SSD  6.3797452E+02 -1.7892890E+01 -3.3838235E+01  2.0969683E+00  2.2808609E+00 -1.2862959E+02 
      1008     -5.6459588E+01  2.6002136E+00  3.2218739E+00 -2.4211523E-01 -1.6983466E-01  6.5118492E+00 
      1008 SSD  6.3917534E+02 -2.1507849E+01 -3.3809105E+01  2.8119871E+00  1.1716570E+00 -1.0065940E+02 
      1009     -5.6576578E+01  2.9028211E+00  3.2280256E+00 -1.8682459E-01 -1.1678507E-01  3.8900941E+00 
      1009 SSD  6.4021249E+02 -2.5587876E+01 -3.3963817E+01  1.7094761E+00  9.7374399E-01 -6.1453830E+01 
      1010     -5.6740290E+01  3.1282940E+00  3.2246155E+00 -2.5907003E-01  1.6303249E-01  1.2629739E+00 
      1010 SSD  6.4304622E+02 -2.8524825E+01 -3.3934613E+01  2.5967098E+00 -3.2909342E+00 -2.0228543E+01 
      1011     -5.6835006E+01  3.4274955E+00  3.2353801E+00  1.9674079E-01 -7.4213889E-02 -1.7266532E-01 
      1011 SSD  6.4348894E+02 -3.2854050E+01 -3.4382988E+01 -3.9970173E+00  1.0649532E+00  3.7354661E+00 
      1012     -5.7011382E+01  3.4336840E+00  5.2371491E-01  1.7497840E-01 -4.9276947E-01  4.7476543E-01 
      1012 SSD  6.4655702E+02 -3.3142420E+01  5.4575692E+00 -3.1084049E+00  7.2812912E+00 -6.1475049E+00 
      1013     -5.6848297E+01  3.3453118E+00  5.4822912E-01  5.0455674E-01 -6.8707782E-02 -1.6427940E+00 
      1013 SSD  6.4445135E+02 -3.1630076E+01  5.2523412E+00 -6.9573853E+00 -1.0935514E+00  2.1615361E+01 
      1014     -5.6687655E+01  2.9749628E+00  5.3102630E-01  2.4943063E-01 -3.9012574E-02 -4.8027487E+00 
      1014 SSD  6.4220174E+02 -2.6147081E+01  5.5926962E+00 -2.8880333E+00 -5.5553437E-01  6.6623930E+01 
      1015     -5.6600429E+01  2.7172360E+00  5.3399054E-01  1.7860438E-01  1.0815021E-01 -7.6499276E+00 
      1015 SSD  6.4155933E+02 -2.1805231E+01  5.5756668E+00 -1.1921803E+00 -2.5173809E+00  1.0694941E+02 
      1016     -5.6515184E+01  2.4426171E+00  5.2865830E-01  5.1639296E-02  1.9204184E-01 -9.5176742E+00 
      1016 SSD  6.4068638E+02 -1.7416572E+01  5.6032096E+00  3.4363425E-01 -2.3975875E+00  1.3374197E+02 
      1017     -5.6471545E+01  2.1702972E+00  5.2206200E-01 -6.8209261E-02  2.5408346E-01 -1.0013212E+01 
      1017 SSD  6.4039813E+02 -1.3274336E+01  5.5817752E+00  1.4394842E+00 -2.6923073E+00  1.4226738E+02 
      1018     -5.6479258E+01  1.8854852E+00  5.1505501E-01 -1.6369544E-01  2.3712231E-01 -9.0909100E+00 
      1018 SSD  6.4037815E+02 -9.2998487E+00  5.5903500E+00  2.0748017E+00 -2.3540509E+00  1.3175153E+02 
      1019     -5.6540673E+01  1.6181144E+00  5.1378688E-01 -2.7294965E-01  1.5255631E-01 -6.9293638E+00 
      1019 SSD  6.4103965E+02 -5.6838607E+00  5.5704039E+00  3.1022070E+00 -1.0187165E+00  1.0277716E+02 
      1020     -5.6591671E+01  1.3318052E+00  5.0982395E-01 -2.0570458E-01  1.1138450E-01 -4.1001802E+00 
      1020 SSD  6.4134048E+02 -1.8164581E+00  5.7001741E+00  1.9196807E+00 -9.8969018E-01  6.2282744E+01 
      1021     -5.6718672E+01  1.1012445E+00  5.1909414E-01 -2.1583495E-01 -2.3077164E-01 -1.3082272E+00 
      1021 SSD  6.4369713E+02  1.3292335E+00  5.6300282E+00  2.0149366E+00  3.7460764E+00  2.0455110E+01 
      1022     -5.6722407E+01  8.2959569E-01  5.1032296E-01  1.9532164E-01  4.7273721E-02  2.5327051E-01 
      1022 SSD  6.4323660E+02  5.2940552E+00  6.0163830E+00 -3.4835100E+00 -6.1953904E-01 -4.5040116E+00 
      1023     -5.6600085E+01  8.1341919E-01  7.0705026E-01  3.1142329E-01 -1.1453825E+00 -1.0656168E-01 
      1023 SSD  6.4143781E+02  5.6071481E+00  3.0620076E+00 -4.7819545E+00  1.7259714E+01  1.3278700E+00 
      1024     -5.6486600E+01  8.0318616E-01  1.0107916E+00  2.8735813E-01 -3.7853996E+00  6.7071260E-02 
      1024 SSD  6.3997130E+02  5.7951512E+00 -1.7185930E+00 -3.1646138E+00  5.6737504E+01 -8.9284335E-02 
      1025     -5.6382379E+01  7.9675602E-01  1.2720424E+00  2.2506976E-01 -6.5067000E+00  1.6545052E-01 
      1025 SSD  6.3878823E+02  5.8887769E+00 -5.9645569E+00 -1.7610091E+00  9.6871257E+01 -9.9261276E-01 
      1026     -5.6291968E+01  7.9160544E-01  1.5378948E+00  1.1468915E-01 -8.5036539E+00  2.4294921E-01 
      1026 SSD  6.3784263E+02  5.8942464E+00 -1.0279023E+01 -2.0139740E-01  1.2553559E+02 -2.1049724E+00 
      1027     -5.6249806E+01  7.8558148E-01  1.8019720E+00 -1.0390730E-02 -9.3439805E+00  2.3771146E-01 
      1027 SSD  6.3740432E+02  5.8649462E+00 -1.4386178E+01  1.0557894E+00  1.3694378E+02 -2.2887151E+00 
      1028     -5.6241525E+01  7.7921234E-01  2.0766111E+00 -1.1641020E-01 -8.8780133E+00  1.5551812E-01 
      1028 SSD  6.3710447E+02  5.8723251E+00 -1.8297144E+01  1.6509025E+00  1.3039415E+02 -1.8405106E+00 
      1029     -5.6282886E+01  7.7643837E-01  2.3485514E+00 -2.3219387E-01 -7.1567729E+00  7.5587419E-02 
      1029 SSD  6.3741538E+02  5.8864220E+00 -2.1914473E+01  2.5001605E+00  1.0644637E+02 -1.9376063E+00 
      1030     -5.6346746E+01  7.7962452E-01  2.6411119E+00 -2.0607177E-01 -4.6243018E+00 -9.1597303E-02 
      1030 SSD  6.3779493E+02  5.9185892E+00 -2.5747723E+01  1.7475935E+00  6.9973046E+01  5.6135210E-03 
      1031     -5.6455207E+01  7.8405724E-01  2.8637090E+00 -3.3544356E-01 -1.6534342E+00 -8.1254321E-02 
      1031 SSD  6.3950376E+02  5.9193271E+00 -2.8813272E+01  3.4310169E+00  2.5530140E+01 -1.1302274E+00 
      1032     -5.6761785E+01  3.4373903E+00  3.0139997E+00  2.9667722E-01  1.2415254E+00  1.4075863E-01 
      1032 SSD  6.4239653E+02 -3.3073343E+01 -3.1137423E+01 -4.6467585E+00 -1.8146268E+01 -1.5756560E+00 
      1033     -5.6676403E+01  3.4426800E+00  2.7075012E+00  2.8428368E-01  4.0837182E+00 -5.4272871E-02 
      1033 SSD  6.4141207E+02 -3.3221476E+01 -2.6405447E+01 -3.1895133E+00 -5.9559215E+01  3.0293938E-02 
      1034     -5.6604826E+01  3.4459895E+00  2.4448299E+00  2.1858620E-01  7.0082199E+00 -1.6112710E-01 
      1034 SSD  6.4079102E+02 -3.3292497E+01 -2.2159672E+01 -1.6973052E+00 -1.0156755E+02  9.9706994E-01 
      1035     -5.6545624E+01  3.4496698E+00  2.1808697E+00  1.0626313E-01  9.1313133E+00 -2.5664289E-01 
      1035 SSD  6.4039278E+02 -3.3295484E+01 -1.7878533E+01 -1.0972845E-01 -1.3122910E+02  2.2666453E+00 
      1036     -5.6534439E+01  3.4555470E+00  1.9219589E+00 -1.7458480E-02  1.0002628E+01 -2.5010299E-01 
      1036 SSD  6.4053154E+02 -3.3268725E+01 -1.3809135E+01  1.1468798E+00 -1.4262883E+02  2.4236831E+00 
      1037     -5.6560882E+01  3.4619457E+00  1.6537592E+00 -1.1979563E-01  9.4712524E+00 -1.8548645E-01 
      1037 SSD  6.4078920E+02 -3.3280280E+01 -9.9564873E+00  1.6915687E+00 -1.3527245E+02  2.0547824E+00 
      1038     -5.6641465E+01  3.4659692E+00  1.3910481E+00 -2.3240301E-01  7.6052808E+00 -1.1060584E-01 
      1038 SSD  6.4179496E+02 -3.3288552E+01 -6.3922769E+00  2.5295382E+00 -1.0977956E+02  2.4033689E+00 
      1039     -5.6735394E+01  3.4653563E+00  1.1055150E+00 -1.9365675E-01  4.9055060E+00  8.0633557E-02 
      1039 SSD  6.4278611E+02 -3.3327388E+01 -2.6082740E+00  1.6471912E+00 -7.1836853E+01  7.8449535E-02 
      1040     -5.6872633E+01  3.4659297E+00  8.9913091E-01 -3.3258731E-01  1.7536149E+00  6.2525381E-02 
      1040 SSD  6.4488552E+02 -3.3383057E+01  2.5815564E-01  3.3727613E+00 -2.6200004E+01  1.1374927E+00 
      1041      6.1515883E+01  2.0752823E+00  2.9420566E+00  2.7338120E-02  9.0535947E-02  1.4510152E+01 
      1041 SSD -9.0109728E+02 -1.3922609E+01 -2.9915965E+01 -4.1147663E-01  1.4488542E+00 -1.7309887E+02 
      1042      2.0965724E+02  2.0878915E+00  2.6729860E+00  2.6902546E-02  1.9448553E-01  1.5520775E+01 
      1042 SSD -2.5853347E+03 -1.3785912E+01 -2.5964779E+01 -3.9670894E-01  1.8021639E+00 -1.6768988E+02 
      1043      3.4898410E+02  2.1000598E+00  2.4040249E+00  2.6917796E-02  1.6137409E-01  1.2741236E+01 
      1043 SSD -4.0303932E+03 -1.3714843E+01 -2.2018487E+01 -3.9628898E-01  3.3839254E+00 -1.2440801E+02 
      1044      4.4734926E+02  2.1114382E+00  2.1359731E+00  2.6892289E-02  4.4193593E-02  7.2165444E+00 
      1044 SSD -4.9401193E+03 -1.3700591E+01 -1.8080916E+01 -3.9556909E-01  5.2653150E+00 -5.9277223E+01 
      1045      4.8338819E+02  2.1219894E+00  1.8686767E+00  2.6887447E-02 -1.5524405E-01  9.8094665E-02 
      1045 SSD -5.2314033E+03 -1.3717223E+01 -1.4147246E+01 -3.9545086E-01  1.5046739E+00 -1.9428806E-01 
      1046      4.4913044E+02  2.1317471E+00  1.6017353E+00  2.6910577E-02 -3.3227650E-01 -7.0363643E+00 
      1046 SSD -4.9435769E+03 -1.3727853E+01 -1.0214970E+01 -3.9589819E-01 -2.4476846E+00  5.8825856E+01 
      1047      3.5225622E+02  2.1408044E+00  1.3345257E+00  2.6986180E-02 -3.8476430E-01 -1.2605832E+01 
      1047 SSD -4.0383548E+03 -1.3695961E+01 -6.2794120E+00 -3.9721794E-01 -1.1439434E+00  1.2381114E+02 
      1048      2.1375267E+02  2.1493634E+00  1.0660793E+00  2.7093380E-02 -3.1831881E-01 -1.5484163E+01 
      1048 SSD -2.5986510E+03 -1.3597115E+01 -2.3281638E+00 -3.9913135E-01 -5.0307321E-01  1.6714663E+02 
      1049      6.5007729E+01  2.1574496E+00  7.9552905E-01  2.7842316E-02 -1.0943209E-01 -1.4679055E+01 
      1049 SSD -9.1555880E+02 -1.3425763E+01  1.6528164E+00 -4.1705843E-01 -1.1943094E+00  1.7349691E+02 
      1050      4.4959517E+02  2.3928526E+00  1.8792065E+00  2.6853515E-02  7.0002538E+00  2.7531121E-01 
      1050 SSD -4.9553083E+03 -1.7698956E+01 -1.4177908E+01 -3.9505579E-01 -5.7798067E+01  3.7188161E+00 
      1051      3.5291211E+02  2.6632060E+00  1.8891790E+00  2.6774810E-02  1.2603861E+01  3.2312267E-01 
      1051 SSD -4.0574008E+03 -2.1669779E+01 -1.4167748E+01 -3.9429268E-01 -1.2344969E+02  2.2115879E+00 
      1052      2.1425174E+02  2.9319765E+00  1.8988816E+00  2.6645996E-02  1.5521991E+01  2.6328250E-01 
      1052 SSD -2.6175505E+03 -2.5614047E+01 -1.4094792E+01 -3.9344290E-01 -1.6764556E+02  9.6067918E-01 
      1053      6.5118273E+01  3.1984262E+00  1.9083673E+00  2.7171038E-02  1.4723542E+01  6.7845130E-02 
      1053 SSD -9.2581323E+02 -2.9524594E+01 -1.3955262E+01 -4.0611799E-01 -1.7473489E+02  9.3484558E-01 
      1054      3.2148389E+02  2.6521801E+00  2.1549078E+00  2.6805914E-02  1.1790151E+01  5.6670904E+00 
      1054 SSD -3.7967252E+03 -2.1583229E+01 -1.8136490E+01 -3.9549213E-01 -1.1925147E+02 -5.2363009E+01 
      1055      2.4370102E+02  2.6408776E+00  2.4218359E+00  2.6920606E-02  9.5445964E+00  9.7853121E+00 
      1055 SSD -3.0147771E+03 -2.1529579E+01 -2.2170669E+01 -3.9491493E-01 -1.0170618E+02 -1.0314199E+02 
      1056      1.3668269E+02  2.6294914E+00  2.6908956E+00  2.7054968E-02  6.3230852E+00  1.1709005E+01 
      1056 SSD -1.8329134E+03 -2.1523287E+01 -2.6221038E+01 -3.9208347E-01 -7.2007769E+01 -1.3399854E+02 
      1057      2.6759538E+01  2.6185482E+00  2.9637179E+00  2.9523075E-02  2.7689040E+00  1.0546277E+01 
      1057 SSD -5.1062317E+02 -2.1559857E+01 -3.0224973E+01 -4.1095728E-01 -3.5038113E+01 -1.3299727E+02 
      1058      3.1935382E+02  2.3704077E+00  2.4132182E+00  2.6943430E-02  5.4534355E+00  1.1999104E+01 
      1058 SSD -3.7828266E+03 -1.7653429E+01 -2.2109385E+01 -3.9467943E-01 -5.0868034E+01 -1.2051468E+02 
      1059      4.1328274E+02  2.3819215E+00  2.1457393E+00  2.6875634E-02  6.6438880E+00  6.8848607E+00 
      1059 SSD -4.6772004E+03 -1.7660102E+01 -1.8126664E+01 -3.9521374E-01 -5.7288589E+01 -5.8906648E+01 
      1060      1.8818846E+02  2.3584366E+00  2.6821094E+00  2.7025524E-02  3.6774688E+00  1.4501219E+01 
      1060 SSD -2.3915770E+03 -1.7699184E+01 -2.6103584E+01 -3.9190205E-01 -3.6964734E+01 -1.5986020E+02 
      1061      5.0813467E+01  2.3465707E+00  2.9525334E+00  2.8602405E-02  1.6211124E+00  1.3341951E+01 
      1061 SSD -7.9632853E+02 -1.7796979E+01 -3.0067923E+01 -4.0714966E-01 -1.7929262E+01 -1.6271545E+02 
      1062      2.9399413E+01  3.1741738E+00  2.4366940E+00  2.5189708E-02  1.0600734E+01  2.8888745E+00 
      1062 SSD -5.2156044E+02 -2.9213914E+01 -2.2168338E+01 -4.0437121E-01 -1.3413475E+02 -3.6001730E+01 
      1063      1.3870544E+02  2.9103816E+00  2.4298530E+00  2.6714766E-02  1.1517271E+01  6.5294163E+00 
      1063 SSD -1.8445176E+03 -2.5377153E+01 -2.2191165E+01 -3.9792180E-01 -1.3296373E+02 -7.3228092E+01 
      1064      5.4246840E+01  3.1864967E+00  2.1713391E+00  2.6222987E-02  1.3491851E+01  1.6532889E+00 
      1064 SSD -8.1509809E+02 -2.9368617E+01 -1.7983993E+01 -4.0970778E-01 -1.6414062E+02 -1.8629433E+01 
      1065      1.9180644E+02  2.9210805E+00  2.1635739E+00  2.6642617E-02  1.4394595E+01  3.8057353E+00 
      1065 SSD -2.4142662E+03 -2.5479409E+01 -1.8090779E+01 -3.9720752E-01 -1.5928001E+02 -3.7998762E+01 
      1066     -3.5934120E+01  3.1475908E+00  2.9911456E+00  2.7282054E-02  2.8887597E+00  2.9443640E+00 
      1066 SSD  3.3385697E+02 -2.8842801E+01 -3.0689849E+01 -3.8545975E-01 -4.2856412E+01 -4.1337804E+01 
      1067     -3.6778043E+00  3.1615918E+00  2.7059260E+00  2.5133236E-02  6.7376263E+00  3.4168042E+00 
      1067 SSD -1.0221433E+02 -2.9046136E+01 -2.6390928E+01 -3.8933237E-01 -9.0407391E+01 -4.5117321E+01 
      1068     -4.7839742E+00  2.8964414E+00  2.9749706E+00  2.9564648E-02  3.2090781E+00  6.7550910E+00 
      1068 SSD -1.0243286E+02 -2.5365090E+01 -3.0406424E+01 -4.1271170E-01 -4.3596901E+01 -8.9068762E+01 
      1069      6.6989676E+01  2.9011220E+00  2.6991558E+00  2.6848585E-02  7.4824195E+00  7.7096692E+00 
      1069 SSD -1.0082734E+03 -2.5328223E+01 -2.6319063E+01 -3.9532315E-01 -9.1698746E+01 -9.2899599E+01 
      1070      3.8682839E+01  2.7030495E+00  8.2443330E-01  2.5755678E-02  2.9143555E+00 -1.1453676E+01 
      1070 SSD -5.6440145E+02 -2.1805196E+01  1.2372642E+00 -4.0435400E-01 -3.7329735E+01  1.3710957E+02 
      1071      1.5439042E+02  2.6962129E+00  1.0912022E+00  2.6871784E-02  6.3352769E+00 -1.1926858E+01 
      1071 SSD -1.9021069E+03 -2.1873766E+01 -2.6477889E+00 -3.9887570E-01 -7.1428924E+01  1.3437441E+02 
      1072      2.5972240E+02  2.6853788E+00  1.3578182E+00  2.6827683E-02  9.5474922E+00 -9.5493502E+00 
      1072 SSD -3.0509580E+03 -2.1840440E+01 -6.4624807E+00 -3.9401941E-01 -1.0022967E+02  1.0106787E+02 
      1073      3.3090158E+02  2.6742894E+00  1.6233399E+00  2.6778329E-02  1.1804138E+01 -5.1460777E+00 
      1073 SSD -3.7955922E+03 -2.1765303E+01 -1.0279122E+01 -3.9293468E-01 -1.1693025E+02  5.3415812E+01 
      1074      2.0085492E+02  2.4225821E+00  1.0784345E+00  2.7062898E-02  3.3676677E+00 -1.4607187E+01 
      1074 SSD -2.4262876E+03 -1.7681346E+01 -2.4956932E+00 -4.0184844E-01 -3.8305429E+01  1.5859749E+02 
      1075      5.9761621E+01  2.4306266E+00  8.0956431E-01  2.6547455E-02  1.5442392E+00 -1.3989114E+01 
      1075 SSD -8.3144610E+02 -1.7540001E+01  1.4583125E+00 -4.1332413E-01 -2.0178402E+01  1.6480410E+02 
      1076      3.3071852E+02  2.4133223E+00  1.3463845E+00  2.6941159E-02  5.1099331E+00 -1.1804458E+01 
      1076 SSD -3.7863862E+03 -1.7741900E+01 -6.3897135E+00 -3.9710781E-01 -5.2399177E+01  1.1768301E+02 
      1077      4.2005113E+02  2.4033406E+00  1.6128799E+00  2.6869515E-02  6.4258865E+00 -6.4615969E+00 
      1077 SSD -4.6515732E+03 -1.7738206E+01 -1.0268997E+01 -3.9519967E-01 -5.8529829E+01  5.9608595E+01 
      1078      6.9914155E+00  3.2474547E+00  1.1048611E+00  2.7557984E-02  7.6506321E+00 -3.5141353E+00 
      1078 SSD -1.8542460E+02 -3.0197146E+01 -2.6772848E+00 -3.8042703E-01 -9.4182556E+01  4.5370200E+01 
      1079      8.4539505E+01  2.9689799E+00  1.1029018E+00  2.6848058E-02  7.9201139E+00 -7.9361286E+00 
      1079 SSD -1.1060535E+03 -2.6073422E+01 -2.7414855E+00 -3.9144481E-01 -9.2465492E+01  9.4189071E+01 
      1080     -2.8845110E+01  3.2727316E+00  8.5637661E-01  2.4099226E-02  3.3412167E+00 -3.4193974E+00 
      1080 SSD  2.7748758E+02 -3.0587050E+01  8.0026514E-01 -3.3854111E-01 -4.2884999E+01  4.6247231E+01 
      1081      6.6690801E+00  2.9775471E+00  8.4728423E-01  2.4381931E-02  3.5159046E+00 -7.6925966E+00 
      1081 SSD -1.6697635E+02 -2.6167394E+01  9.2442916E-01 -3.7029497E-01 -4.4453381E+01  9.5796593E+01 
      1082      3.8715919E+01  3.2247196E+00  1.3755362E+00  2.8443687E-02  1.1473127E+01 -2.8578340E+00 
      1082 SSD -5.8289896E+02 -2.9879755E+01 -6.3934372E+00 -3.9255652E-01 -1.3728989E+02  3.6419828E+01 
      1083      1.5444243E+02  2.9554319E+00  1.3682718E+00  2.6786909E-02  1.1919692E+01 -6.3319163E+00 
      1083 SSD -1.9135315E+03 -2.5914017E+01 -6.4698004E+00 -3.8800265E-01 -1.3297575E+02  7.2124091E+01 
      1084      5.9634301E+01  3.2113328E+00  1.6416575E+00  2.8053528E-02  1.4012453E+01 -1.5488202E+00 
      1084 SSD -8.4464622E+02 -2.9696518E+01 -1.0088939E+01 -3.9953678E-01 -1.6545873E+02  1.9615146E+01 
      1085      2.0096774E+02  2.9433929E+00  1.6330381E+00  2.6702417E-02  1.4628877E+01 -3.3939296E+00 
      1085 SSD -2.4416515E+03 -2.5764633E+01 -1.0220603E+01 -3.8906425E-01 -1.5829582E+02  3.8628180E+01 
      1086      6.0918313E+01  1.0483553E+00  1.8194141E+00  2.7577614E-02 -1.4455142E+01 -7.8458357E-02 
      1086 SSD -8.8849696E+02  2.0743327E+00 -1.4267735E+01 -4.0354786E-01  1.7212045E+02 -4.3743129E-01 
      1087      2.0863300E+02  1.3148400E+00  1.8325933E+00  2.6848565E-02 -1.5495574E+01 -2.1468767E-01 
      1087 SSD -2.5653078E+03 -1.8396222E+00 -1.4153681E+01 -3.9379668E-01  1.6716398E+02 -5.9918816E-01 
      1088      3.4797173E+02  1.5823621E+00  1.8454103E+00  2.6845141E-02 -1.2767021E+01 -2.0515777E-01 
      1088 SSD -4.0100677E+03 -5.7754987E+00 -1.4104377E+01 -3.9496775E-01  1.2489150E+02 -2.1577587E+00 
      1089      4.4677132E+02  1.8515651E+00  1.8574278E+00  2.6884763E-02 -7.2740236E+00 -9.9797897E-02 
      1089 SSD -4.9278644E+03 -9.7386073E+00 -1.4110571E+01 -3.9512988E-01  6.0414195E+01 -3.9907041E+00 
      1090      1.9526865E+02  1.3053874E+00  2.1029443E+00  2.6941233E-02 -1.4540534E+01  3.3521879E+00 
      1090 SSD -2.3955667E+03 -1.7065494E+00 -1.8061371E+01 -3.9001373E-01  1.5761609E+02 -3.7675025E+01 
      1091      1.4945730E+02  1.2947843E+00  2.3731020E+00  2.7111867E-02 -1.1780165E+01  6.2126505E+00 
      1091 SSD -1.8787749E+03 -1.5747869E+00 -2.1850451E+01 -3.9169116E-01  1.3215510E+02 -7.0663167E+01 
      1092      8.0890982E+01  1.2823683E+00  2.6426737E+00  2.7036756E-02 -7.7579434E+00  7.7634258E+00 
      1092 SSD -1.0848265E+03 -1.4346851E+00 -2.5609375E+01 -3.9592802E-01  9.1489794E+01 -9.2764786E+01 
      1093      4.8444505E+00  1.2743049E+00  2.8999663E+00  2.5560012E-02 -3.3875759E+00  7.4741950E+00 
      1093 SSD -1.5897732E+02 -1.3552538E+00 -2.9285086E+01 -3.9085269E-01  4.3702250E+01 -9.4391425E+01 
      1094      3.5651335E+01  1.0243334E+00  2.3650896E+00  2.8871029E-02 -1.1200133E+01  2.7361496E+00 
      1094 SSD -5.6156251E+02  2.4168717E+00 -2.1919317E+01 -3.9552246E-01  1.3520610E+02 -3.5198224E+01 
      1095      5.5735194E+01  1.0368490E+00  2.0918978E+00  2.8470566E-02 -1.3720164E+01  1.4745311E+00 
      1095 SSD -8.1344513E+02  2.2372951E+00 -1.8177780E+01 -3.9732530E-01  1.6302380E+02 -1.8690409E+01 
      1096      5.0702820E+00  1.0037586E+00  2.6424945E+00  2.7433679E-02 -7.4407336E+00  3.3755783E+00 
      1096 SSD -1.7491210E+02  2.7104286E+00 -2.5694259E+01 -3.7984201E-01  9.2822013E+01 -4.4219940E+01 
      1097     -2.9484090E+01  9.7740484E-01  2.8977732E+00  2.3629581E-02 -3.2189789E+00  3.2821626E+00 
      1097 SSD  2.7848688E+02  3.1243614E+00 -2.9252149E+01 -3.3733496E-01  4.2189021E+01 -4.5361634E+01 
      1098      3.2573910E+02  1.8306630E+00  2.3940348E+00  2.6896936E-02 -5.2366406E+00  1.1845866E+01 
      1098 SSD -3.7599295E+03 -9.6987018E+00 -2.1923104E+01 -3.9677917E-01  5.3935584E+01 -1.1744850E+02 
      1099      2.5410389E+02  1.5618073E+00  2.3836325E+00  2.6851965E-02 -9.5441180E+00  9.4972803E+00 
      1099 SSD -3.0146590E+03 -5.6240128E+00 -2.1859578E+01 -3.9404297E-01  1.0062802E+02 -1.0008716E+02 
      1100      4.1583318E+02  1.8415979E+00  2.1254848E+00  2.6881514E-02 -6.6409445E+00  6.5801771E+00 
      1100 SSD -4.6234666E+03 -9.7061267E+00 -1.8031888E+01 -3.9505081E-01  6.0761539E+01 -5.9579336E+01 
      1101      3.2521918E+02  1.5727403E+00  2.1144443E+00  2.6861438E-02 -1.1888732E+01  5.1813269E+00 
      1101 SSD -3.7515338E+03 -5.6942428E+00 -1.8017212E+01 -3.9358207E-01  1.1794055E+02 -5.2826529E+01 
      1102      5.6263712E+01  1.8078119E+00  2.9310320E+00  2.5986406E-02 -1.4962475E+00  1.3756308E+01 
      1102 SSD -8.1522358E+02 -9.8661260E+00 -2.9747963E+01 -4.0974757E-01  2.0049236E+01 -1.6367088E+02 
      1103      1.9598092E+02  1.8191779E+00  2.6632403E+00  2.6883026E-02 -3.3929230E+00  1.4541706E+01 
      1103 SSD -2.4031067E+03 -9.7467971E+00 -2.5819259E+01 -4.0088357E-01  3.8931520E+01 -1.5816427E+02 
      1104      3.5811870E+01  1.5401786E+00  2.9204065E+00  2.5240645E-02 -2.7995447E+00  1.1209544E+01 
      1104 SSD -5.5065474E+02 -5.6287825E+00 -2.9582110E+01 -3.9972725E-01  3.6688097E+01 -1.3568649E+02 
      1105      1.4968873E+02  1.5497844E+00  2.6529381E+00  2.6738874E-02 -6.2605594E+00  1.1778205E+01 
      1105 SSD -1.8761292E+03 -5.5838118E+00 -2.5691468E+01 -3.9737057E-01  7.1253240E+01 -1.3315618E+02 
      1106     -4.0738158E+00  1.3363834E+00  7.5575090E-01  2.9318669E-02 -3.3408446E+00 -6.6456204E+00 
      1106 SSD -9.9300191E+01 -1.9810214E+00  2.2007038E+00 -4.0841715E-01  4.4209152E+01  8.7482058E+01 
      1107      6.6114017E+01  1.3357207E+00  1.0284036E+00  2.6743619E-02 -7.6169399E+00 -7.4677353E+00 
      1107 SSD -9.8638131E+02 -2.0456631E+00 -1.8792851E+00 -3.9350994E-01  9.2024867E+01  9.0478194E+01 
      1108      1.3563443E+02  1.3304131E+00  1.2970038E+00  2.6682545E-02 -1.1613336E+01 -6.3093692E+00 
      1108 SSD -1.8027533E+03 -2.0276155E+00 -6.0124346E+00 -3.9788253E-01  1.3296098E+02  7.1531790E+01 
      1109      1.8706135E+02  1.3230910E+00  1.5646709E+00  2.6702774E-02 -1.4436026E+01 -3.6780373E+00 
      1109 SSD -2.3623218E+03 -1.9523817E+00 -1.0130922E+01 -3.9703098E-01  1.5907432E+02  3.7596722E+01 
      1110     -5.0983181E+00  1.0781960E+00  1.0168360E+00  2.4549216E-02 -6.7429187E+00 -3.2487185E+00 
      1110 SSD -8.4089855E+01  1.6633454E+00 -1.7699567E+00 -3.8651818E-01  8.9535989E+01  4.3526410E+01 
      1111     -3.6061772E+01  1.0873006E+00  7.3564252E-01  2.6959648E-02 -2.9759157E+00 -2.8096748E+00 
      1111 SSD  3.3856228E+02  1.5271298E+00  2.5236764E+00 -3.9227903E-01  4.2959381E+01  3.9909405E+01 
      1112      2.6517058E+01  1.0687281E+00  1.2850974E+00  2.5336570E-02 -1.0480997E+01 -2.7501050E+00 
      1112 SSD -4.9020169E+02  1.7952793E+00 -5.9974460E+00 -4.0203375E-01  1.3212567E+02  3.4877793E+01 
      1113      5.0367971E+01  1.0586666E+00  1.5522842E+00  2.6323592E-02 -1.3276374E+01 -1.5949101E+00 
      1113 SSD -7.7693053E+02  1.9302601E+00 -1.0205831E+01 -4.0608297E-01  1.6154503E+02  1.8444370E+01 
      1114      1.9074496E+02  1.8752558E+00  1.0538325E+00  2.7093767E-02 -3.8672696E+00 -1.4357473E+01 
      1114 SSD -2.3907223E+03 -9.6451048E+00 -2.1635057E+00 -3.9435795E-01  3.8555905E+01  1.5827219E+02 
      1115      1.3736562E+02  1.6042369E+00  1.0411107E+00  2.6963888E-02 -6.5272388E+00 -1.1484449E+01 
      1115 SSD -1.8182607E+03 -5.8214503E+00 -2.0129218E+00 -3.9012274E-01  7.3332106E+01  1.3164530E+02 
      1116      5.3739092E+01  1.8809409E+00  7.8344798E-01  2.8832749E-02 -1.6986869E+00 -1.3407642E+01 
      1116 SSD -8.0602644E+02 -9.4927505E+00  1.8129521E+00 -4.1143791E-01  1.8493854E+01  1.6215717E+02 
      1117      2.8654986E+01  1.6094933E+00  7.7087162E-01  2.9451838E-02 -2.9004162E+00 -1.0508293E+01 
      1117 SSD -5.1354101E+02 -5.7366769E+00  1.9794317E+00 -4.0645007E-01  3.5861777E+01  1.3167710E+02 
      1118      4.1225073E+02  1.8604436E+00  1.5899532E+00  2.6903991E-02 -6.9390223E+00 -6.6825241E+00 
      1118 SSD -4.6538348E+03 -9.7591831E+00 -1.0152742E+01 -3.9562608E-01  5.9994071E+01  5.8224227E+01 
      1119      3.2025060E+02  1.8683541E+00  1.3223767E+00  2.6975313E-02 -5.7228104E+00 -1.1793304E+01 
      1119 SSD -3.7683773E+03 -9.7349788E+00 -6.1640136E+00 -3.9578272E-01  5.3259821E+01  1.1923259E+02 
      1120      3.1797945E+02  1.5906781E+00  1.5775076E+00  2.6828670E-02 -1.2008860E+01 -5.4860485E+00 
      1120 SSD -3.7519632E+03 -5.8386443E+00 -1.0116652E+01 -3.9595361E-01  1.2096248E+02  5.1729436E+01 
      1121      2.4218590E+02  1.5980050E+00  1.3097171E+00  2.6873737E-02 -9.7804017E+00 -9.5471970E+00 
      1121 SSD -2.9807979E+03 -5.8588635E+00 -6.0694582E+00 -3.9496439E-01  1.0340381E+02  1.0145735E+02 

