      NODE            V1             V2             V3             VR1            VR2            VR3
      1001     -3.8006567E+01  2.5016328E-01  1.8695886E+00  9.1471035E-02  3.1011795E-01 -3.3678153E-01 
      1001 SSD  5.2225842E+02  6.6819580E+00 -2.7177096E+01 -2.6172636E+00 -5.8917923E+00  5.4854504E+00 
      1002     -3.7937100E+01  3.0365316E-01  1.8518570E+00  3.7889821E-01  8.5003629E-02  1.1029249E+00 
      1002 SSD  5.2107954E+02  5.2600703E+00 -2.7042480E+01 -6.6726651E+00  1.0135418E+00 -1.7957277E+01 
      1003     -3.7870047E+01  5.5589999E-01  1.8646166E+00  1.6233968E-01  5.1139767E-02  3.1354622E+00 
      1003 SSD  5.1973370E+02  3.6580522E-01 -2.7401844E+01 -2.0631462E+00  5.1567427E-01 -5.5396716E+01 
      1004     -3.7839482E+01  7.0137088E-01  1.8617020E+00  1.4348586E-01 -4.3869870E-02  4.9513509E+00 
      1004 SSD  5.1973470E+02 -3.1215387E+00 -2.7386404E+01 -9.6939691E-01  2.0847162E+00 -8.8924281E+01 
      1005     -3.7816665E+01  8.7473762E-01  1.8659283E+00  5.9183563E-02 -1.1346600E-01  6.1308787E+00 
      1005 SSD  5.1955967E+02 -6.9298377E+00 -2.7421726E+01  3.7425124E-01  1.8133104E+00 -1.1132689E+02 
      1006     -3.7821583E+01  1.0470599E+00  1.8716681E+00 -3.0434957E-02 -1.6353786E-01  6.4234150E+00 
      1006 SSD  5.1985340E+02 -1.0386960E+01 -2.7390509E+01  1.3216684E+00  1.9847124E+00 -1.1867719E+02 
      1007     -3.7862496E+01  1.2262265E+00  1.8769205E+00 -1.1114938E-01 -1.6489314E-01  5.8001865E+00 
      1007 SSD  5.2028194E+02 -1.3598656E+01 -2.7369157E+01  1.7636941E+00  1.7897205E+00 -1.1032851E+02 
      1008     -3.7938713E+01  1.4015986E+00  1.8781389E+00 -1.7235274E-01 -1.2597260E-01  4.4120646E+00 
      1008 SSD  5.2124581E+02 -1.6612657E+01 -2.7338476E+01  2.2982902E+00  8.0947672E-01 -8.6702997E+01 
      1009     -3.8023170E+01  1.6021707E+00  1.8816266E+00 -1.3690364E-01 -8.4815836E-02  2.6243594E+00 
      1009 SSD  5.2203912E+02 -2.0005851E+01 -2.7478320E+01  1.3187838E+00  7.2255139E-01 -5.3139853E+01 
      1010     -3.8130437E+01  1.7499754E+00  1.8786804E+00 -1.8764004E-01  1.1018990E-01  8.4557799E-01 
      1010 SSD  5.2449964E+02 -2.2439723E+01 -2.7459137E+01  2.0447262E+00 -2.9452917E+00 -1.7545925E+01 
      1011     -3.8201220E+01  1.9437617E+00  1.8829216E+00  1.2735401E-01 -5.1149037E-02 -1.1106098E-01 
      1011 SSD  5.2476961E+02 -2.6094208E+01 -2.7878756E+01 -3.5682811E+00  9.2358227E-01  3.3574115E+00 
      1012     -3.8314483E+01  1.9461313E+00  1.2304881E-01  1.0995456E-01 -3.2979146E-01  3.2801198E-01 
      1012 SSD  5.2746641E+02 -2.6384309E+01  5.8317510E+00 -2.7457061E+00  6.2217655E+00 -5.1421351E+00 
      1013     -3.8201757E+01  1.8963058E+00  1.4144301E-01  3.4391500E-01 -6.7090165E-02 -1.1325110E+00 
      1013 SSD  5.2570239E+02 -2.5064967E+01  5.6883796E+00 -5.9010585E+00 -1.2363887E+00  1.8092693E+01 
      1014     -3.8093745E+01  1.6538621E+00  1.3097109E-01  1.7408298E-01 -3.7467470E-02 -3.2609131E+00 
      1014 SSD  5.2381062E+02 -2.0412582E+01  5.9913640E+00 -2.3503481E+00 -6.4872068E-01  5.6391863E+01 
      1015     -3.8028604E+01  1.4936759E+00  1.3338873E-01  1.3421783E-01  6.2740512E-02 -5.1700976E+00 
      1015 SSD  5.2334528E+02 -1.6655108E+01  5.9828072E+00 -8.0698144E-01 -2.2917398E+00  9.0681423E+01 
      1016     -3.7968361E+01  1.3192267E+00  1.2940912E-01  4.5695039E-02  1.2884493E-01 -6.4099167E+00 
      1016 SSD  5.2265354E+02 -1.2885451E+01  5.9999403E+00  4.6357277E-01 -1.9985772E+00  1.1352747E+02 
      1017     -3.7936639E+01  1.1447703E+00  1.2399345E-01 -3.9856576E-02  1.7736484E-01 -6.7205849E+00 
      1017 SSD  5.2245458E+02 -9.3571732E+00  5.9655299E+00  1.3052632E+00 -2.1535672E+00  1.2101650E+02 
      1018     -3.7943382E+01  9.5846981E-01  1.1842120E-01 -1.1073359E-01  1.6998115E-01 -6.0781405E+00 
      1018 SSD  5.2241808E+02 -6.0239695E+00  5.9592388E+00  1.7386993E+00 -1.8469624E+00  1.1246667E+02 
      1019     -3.7987115E+01  7.8186309E-01  1.1702338E-01 -1.9070011E-01  1.1628062E-01 -4.6143787E+00 
      1019 SSD  5.2294204E+02 -3.0115697E+00  5.9369016E+00  2.5275559E+00 -6.8949063E-01  8.8100452E+01 
      1020     -3.8028143E+01  5.9221751E-01  1.1505983E-01 -1.5016249E-01  8.3393970E-02 -2.7197281E+00 
      1020 SSD  5.2313737E+02  2.0752747E-01  6.0566810E+00  1.4878984E+00 -7.4485711E-01  5.3621100E+01 
      1021     -3.8107544E+01  4.3949561E-01  1.2137486E-01 -1.5776451E-01 -1.4362429E-01 -8.6661329E-01 
      1021 SSD  5.2520008E+02  2.8300801E+00  6.0078164E+00  1.5588007E+00  3.2810895E+00  1.7695426E+01 
      1022     -3.8122637E+01  2.6088014E-01  1.1870258E-01  1.1903861E-01  3.3877741E-02  1.5493457E-01 
      1022 SSD  5.2474952E+02  6.1777932E+00  6.3710973E+00 -3.0801540E+00 -5.3634381E-01 -3.9715621E+00 
      1023     -3.8040729E+01  2.5113306E-01  2.4520381E-01  2.0731088E-01 -7.8079442E-01 -7.9004693E-02 
      1023 SSD  5.2320325E+02  6.4595158E+00  3.8739220E+00 -4.1460592E+00  1.4825634E+01  1.1085972E+00 
      1024     -3.7961264E+01  2.4499066E-01  4.4057260E-01  2.0238558E-01 -2.5805066E+00  5.2022180E-02 
      1024 SSD  5.2198329E+02  6.6247152E+00 -2.3055292E-01 -2.5443327E+00  4.8672287E+01  5.9440142E-02 
      1025     -3.7887191E+01  2.4089049E-01  6.0605317E-01  1.6485189E-01 -4.4346930E+00  1.2487221E-01 
      1025 SSD  5.2102217E+02  6.7054068E+00 -3.8830008E+00 -1.2765140E+00  8.2961048E+01 -6.3882477E-01 
      1026     -3.7822501E+01  2.3696887E-01  7.7463566E-01  8.9174542E-02 -5.7967866E+00  1.7847794E-01 
      1026 SSD  5.2027049E+02  6.7006246E+00 -7.5976624E+00  5.3795464E-02  1.0732231E+02 -1.5843135E+00 
      1027     -3.7792405E+01  2.3198781E-01  9.4348976E-01 -1.7509731E-05 -6.3725116E+00  1.7161730E-01 
      1027 SSD  5.1991989E+02  6.6597782E+00 -1.1107022E+01  1.0421966E+00  1.1691224E+02 -1.7824229E+00 
      1028     -3.7787748E+01  2.2684046E-01  1.1219843E+00 -7.8798341E-02 -6.0540737E+00  1.0993137E-01 
      1028 SSD  5.1964134E+02  6.6537335E+00 -1.4399781E+01  1.4149517E+00  1.1133360E+02 -1.5140216E+00 
      1029     -3.7818339E+01  2.2454305E-01  1.3008496E+00 -1.6429164E-01 -4.8752593E+00  4.7844463E-02 
      1029 SSD  5.1986293E+02  6.6620215E+00 -1.7407208E+01  2.0161495E+00  9.1041038E+01 -1.7758034E+00 
      1030     -3.7866860E+01  2.2713080E-01  1.4947386E+00 -1.5077581E-01 -3.1443123E+00 -7.0594824E-02 
      1030 SSD  5.2010987E+02  6.7011917E+00 -2.0579895E+01  1.3186090E+00  5.9977078E+01 -1.9230890E-01 
      1031     -3.7940985E+01  2.3058863E-01  1.6396852E+00 -2.4126983E-01 -1.1213459E+00 -7.1059985E-02 
      1031 SSD  5.2157019E+02  6.7138718E+00 -2.3145517E+01  2.7139800E+00  2.1920702E+01 -1.2943883E+00 
      1032     -3.8149029E+01  1.9503458E+00  1.7427151E+00  1.9957589E-01  8.3437258E-01  9.6977667E-02 
      1032 SSD  5.2383032E+02 -2.6294848E+01 -2.5140603E+01 -4.0398787E+00 -1.5533004E+01 -1.2960895E+00 
      1033     -3.8087929E+01  1.9537384E+00  1.5459177E+00  2.0170778E-01  2.7448425E+00 -4.6316439E-02 
      1033 SSD  5.2303406E+02 -2.6430056E+01 -2.1087927E+01 -2.5727013E+00 -5.0936156E+01 -9.6482719E-02 
      1034     -3.8034983E+01  1.9561121E+00  1.3798667E+00  1.6153258E-01  4.7093801E+00 -1.2319159E-01 
      1034 SSD  5.2256624E+02 -2.6494213E+01 -1.7437355E+01 -1.2248281E+00 -8.6718585E+01  6.5049461E-01 
      1035     -3.7991141E+01  1.9591923E+00  1.2124706E+00  8.4302728E-02  6.1367865E+00 -1.8719727E-01 
      1035 SSD  5.2229608E+02 -2.6489630E+01 -1.3751381E+01  1.2946378E-01 -1.1184543E+02  1.7189634E+00 
      1036     -3.7981384E+01  1.9641779E+00  1.0466840E+00 -4.3522542E-03  6.7254454E+00 -1.7733443E-01 
      1036 SSD  5.2245674E+02 -2.6451387E+01 -1.0269456E+01  1.1191758E+00 -1.2137619E+02  1.8957371E+00 
      1037     -3.8000342E+01  1.9692451E+00  8.7154101E-01 -8.1336051E-02  6.3674621E+00 -1.2757316E-01 
      1037 SSD  5.2266263E+02 -2.6449556E+01 -7.0230005E+00  1.4480732E+00 -1.1512097E+02  1.6720465E+00 
      1038     -3.8056551E+01  1.9723492E+00  6.9798842E-01 -1.6515533E-01  5.1087662E+00 -6.6553550E-02 
      1038 SSD  5.2349402E+02 -2.6450025E+01 -4.0512852E+00  2.0431680E+00 -9.3561490E+01  2.1736743E+00 
      1039     -3.8124419E+01  1.9711970E+00  5.0751334E-01 -1.4365711E-01  3.2902952E+00  6.6456070E-02 
      1039 SSD  5.2428782E+02 -2.6491412E+01 -9.1538512E-01  1.2421942E+00 -6.1335201E+01  2.6028062E-01 
      1040     -3.8216044E+01  1.9708517E+00  3.7298562E-01 -2.4106643E-01  1.1728945E+00  6.2026499E-02 
      1040 SSD  5.2608598E+02 -2.6548052E+01  1.4880182E+00  2.6591777E+00 -2.2410100E+01  1.2712466E+00 
      1041      4.3946584E+01  1.0601516E+00  1.6944014E+00  1.7703833E-02  8.6917743E-02  1.0181927E+01 
      1041 SSD -7.6648974E+02 -1.0212218E+01 -2.4073321E+01 -3.4979528E-01  1.6481071E+00 -1.4208912E+02 
      1042      1.4831424E+02  1.0712408E+00  1.5198746E+00  1.7446036E-02  1.7657563E-01  1.0977051E+01 
      1042 SSD -2.1344116E+03 -1.0049242E+01 -2.0729106E+01 -3.3597904E-01  2.2315828E+00 -1.3457451E+02 
      1043      2.4701790E+02  1.0814781E+00  1.3455017E+00  1.7455321E-02  1.6181358E-01  9.0479522E+00 
      1043 SSD -3.2826108E+03 -9.9524609E+00 -1.7389369E+01 -3.3553559E-01  3.7340721E+00 -9.7307353E+01 
      1044      3.1693743E+02  1.0906937E+00  1.1717882E+00  1.7437845E-02  7.8639623E-02  5.1404883E+00 
      1044 SSD -3.9835697E+03 -9.9138680E+00 -1.4056311E+01 -3.3488043E-01  5.3573727E+00 -4.4019902E+01 
      1045      3.4247981E+02  1.0991174E+00  9.9857564E-01  1.7434004E-02 -8.6845299E-02  4.2638794E-02 
      1045 SSD -4.1989020E+03 -9.9076322E+00 -1.0725665E+01 -3.3477305E-01  1.2129974E+00 -3.7976311E-02 
      1046      3.1770777E+02  1.1071219E+00  8.2553180E-01  1.7448010E-02 -2.4036109E-01 -5.0611734E+00 
      1046 SSD -3.9841988E+03 -9.8968679E+00 -7.3958125E+00 -3.3516871E-01 -3.0814598E+00  4.3857896E+01 
      1047      2.4846228E+02  1.1151158E+00  6.5220726E-01  1.7494437E-02 -2.8868713E-01 -8.9830897E+00 
      1047 SSD -3.2853179E+03 -9.8449457E+00 -4.0633894E+00 -3.3632108E-01 -1.9153901E+00  9.6938463E+01 
      1048      1.5018414E+02  1.1234790E+00  4.7798787E-01  1.7556564E-02 -2.4837829E-01 -1.0952580E+01 
      1048 SSD -2.1410074E+03 -9.7270609E+00 -7.1814643E-01 -3.3799888E-01 -1.1669033E+00  1.3411014E+02 
      1049      4.5594502E+01  1.1322537E+00  3.0242393E-01  1.7963835E-02 -9.9565289E-02 -1.0256918E+01 
      1049 SSD -7.7507476E+02 -9.5377268E+00  2.6521346E+00 -3.5439845E-01 -1.4296482E+00  1.4221842E+02 
      1050      3.1806830E+02  1.2747562E+00  1.0069749E+00  1.7412070E-02  5.0329776E+00  1.9639091E-01 
      1050 SSD -3.9948100E+03 -1.3278109E+01 -1.0733194E+01 -3.3445150E-01 -4.2919837E+01  4.2183945E+00 
      1051      2.4897317E+02  1.4500266E+00  1.0154357E+00  1.7359021E-02  8.9805658E+00  2.3997734E-01 
      1051 SSD -3.3027246E+03 -1.6638985E+01 -1.0700968E+01 -3.3385751E-01 -9.6589754E+01  2.8436495E+00 
      1052      1.5058251E+02  1.6242730E+00  1.0243773E+00  1.7269483E-02  1.0980260E+01  2.0061819E-01 
      1052 SSD -2.1585358E+03 -1.9976955E+01 -1.0606433E+01 -3.3328121E-01 -1.3453305E+02  1.5063538E+00 
      1053      4.5711784E+01  1.7970718E+00  1.0338292E+00  1.7588831E-02  1.0289498E+01  5.8080512E-02 
      1053 SSD -7.8485623E+02 -2.3286405E+01 -1.0445786E+01 -3.4495112E-01 -1.4334282E+02  1.0864439E+00 
      1054      2.2659211E+02  1.4420204E+00  1.1872741E+00  1.7367390E-02  8.3962792E+00  4.0218398E+00 
      1054 SSD -3.1084251E+03 -1.6576141E+01 -1.4069623E+01 -3.3499773E-01 -9.4079818E+01 -4.0348256E+01 
      1055      1.7155702E+02  1.4335869E+00  1.3593051E+00  1.7459170E-02  6.7798473E+00  6.9084835E+00 
      1055 SSD -2.4918969E+03 -1.6546479E+01 -1.7501434E+01 -3.3417502E-01 -8.1288639E+01 -8.2294965E+01 
      1056      9.6195907E+01  1.4247168E+00  1.5327459E+00  1.7586118E-02  4.4683181E+00  8.2269604E+00 
      1056 SSD -1.5382416E+03 -1.6564157E+01 -2.0945035E+01 -3.3105500E-01 -5.8454008E+01 -1.0900954E+02 
      1057      1.9321943E+01  1.4158023E+00  1.7095235E+00  1.9416627E-02  1.9333625E+00  7.3408738E+00 
      1057 SSD -4.5059541E+02 -1.6623743E+01 -2.4334350E+01 -3.4473723E-01 -2.9087957E+01 -1.1047571E+02 
      1058      2.2550819E+02  1.2572552E+00  1.3524607E+00  1.7484330E-02  3.9165624E+00  8.5056923E+00 
      1058 SSD -3.0982789E+03 -1.3280720E+01 -1.7459625E+01 -3.3388479E-01 -3.9227534E+01 -9.4973186E+01 
      1059      2.9219801E+02  1.2663235E+00  1.1795491E+00  1.7426713E-02  4.7802734E+00  4.9017528E+00 
      1059 SSD -3.7931435E+03 -1.3262836E+01 -1.4080364E+01 -3.3456428E-01 -4.3144964E+01 -4.4339135E+01 
      1060      1.3276573E+02  1.2474331E+00  1.5263358E+00  1.7574523E-02  2.6314561E+00  1.0233645E+01 
      1060 SSD -1.9866105E+03 -1.3351832E+01 -2.0847358E+01 -3.3093403E-01 -2.9095562E+01 -1.2891569E+02 
      1061      3.6242884E+01  1.2372525E+00  1.7017088E+00  1.8726659E-02  1.1498061E+00  9.3329666E+00 
      1061 SSD -6.8467647E+02 -1.3474758E+01 -2.4201947E+01 -3.4288431E-01 -1.4451735E+01 -1.3420698E+02 
      1062      2.0831227E+01  1.7804775E+00  1.3725139E+00  1.5962210E-02  7.3662156E+00  1.9907854E+00 
      1062 SSD -4.5672999E+02 -2.3028366E+01 -1.7464792E+01 -3.4744579E-01 -1.1149939E+02 -2.9840579E+01 
      1063      9.7311654E+01  1.6093262E+00  1.3661347E+00  1.7262125E-02  8.1159833E+00  4.5763178E+00 
      1063 SSD -1.5461592E+03 -1.9786079E+01 -1.7503551E+01 -3.3766525E-01 -1.0833449E+02 -5.9309659E+01 
      1064      3.8070805E+01  1.7889147E+00  1.2030827E+00  1.6779631E-02  9.4098731E+00  1.1490114E+00 
      1064 SSD -6.9730275E+02 -2.3156415E+01 -1.3879559E+01 -3.5055252E-01 -1.3535406E+02 -1.5107976E+01 
      1065      1.3464739E+02  1.6168300E+00  1.1952153E+00  1.7221327E-02  1.0172950E+01  2.6853289E+00 
      1065 SSD -2.0028524E+03 -1.9865754E+01 -1.4004239E+01 -3.3707508E-01 -1.2853776E+02 -2.9915337E+01 
      1066     -2.4053399E+01  1.7625975E+00  1.7280117E+00  1.7746883E-02  1.9680105E+00  2.0027388E+00 
      1066 SSD  2.5954943E+02 -2.2714555E+01 -2.4739611E+01 -3.2423967E-01 -3.6671611E+01 -3.5080769E+01 
      1067     -1.9743705E+00  1.7719506E+00  1.5443163E+00  1.6013190E-02  4.6505634E+00  2.3415623E+00 
      1067 SSD -1.0787939E+02 -2.2887869E+01 -2.1079669E+01 -3.3253086E-01 -7.6008350E+01 -3.7839977E+01 
      1068     -2.6372536E+00  1.5987303E+00  1.7172070E+00  1.9413536E-02  2.2198610E+00  4.6637530E+00 
      1068 SSD -1.1005274E+02 -1.9801148E+01 -2.4491255E+01 -3.4651117E-01 -3.6716537E+01 -7.4665843E+01 
      1069      4.7168455E+01  1.6025594E+00  1.5389750E+00  1.7380181E-02  5.2434672E+00  5.3756269E+00 
      1069 SSD -8.6283555E+02 -1.9756106E+01 -2.1024093E+01 -3.3478499E-01 -7.5682778E+01 -7.6458821E+01 
      1070      2.7750041E+01  1.4816625E+00  3.2161624E-01  1.6400109E-02  1.9950568E+00 -7.9942350E+00 
      1070 SSD -4.7969285E+02 -1.6686853E+01  2.3006818E+00 -3.4599195E-01 -3.1142793E+01  1.1269193E+02 
      1071      1.0885926E+02  1.4751340E+00  4.9513766E-01  1.7384095E-02  4.4378422E+00 -8.3859878E+00 
      1071 SSD -1.5706631E+03 -1.6770376E+01 -9.8287145E-01 -3.3825464E-01 -5.7971104E+01  1.0893564E+02 
      1072      1.8311738E+02  1.4664658E+00  6.6935342E-01  1.7404086E-02  6.7500751E+00 -6.7494282E+00 
      1072 SSD -2.4950607E+03 -1.6761135E+01 -4.1956266E+00 -3.3347301E-01 -7.9915673E+01  8.0735006E+01 
      1073      2.3346618E+02  1.4580984E+00  8.4264545E-01  1.7376523E-02  8.3927285E+00 -3.6441715E+00 
      1073 SSD -3.0881219E+03 -1.6710370E+01 -7.4127344E+00 -3.3249465E-01 -9.1804896E+01  4.2447083E+01 
      1074      1.4135384E+02  1.2996435E+00  4.8629059E-01  1.7506322E-02  2.3481179E+00 -1.0317408E+01 
      1074 SSD -1.9961248E+03 -1.3195085E+01 -8.5871030E-01 -3.4079374E-01 -3.1151568E+01  1.2745046E+02 
      1075      4.2177580E+01  1.3079319E+00  3.1183743E-01  1.6952739E-02  1.0464072E+00 -9.7781592E+00 
      1075 SSD -7.0204107E+02 -1.3036042E+01  2.4885206E+00 -3.5336340E-01 -1.6912676E+01  1.3499623E+02 
      1076      2.3333317E+02  1.2912330E+00  6.6071330E-01  1.7460705E-02  3.6159271E+00 -8.3909987E+00 
      1076 SSD -3.0794479E+03 -1.3276167E+01 -4.1478505E+00 -3.3631434E-01 -4.1520976E+01  9.2541098E+01 
      1077      2.9695711E+02  1.2829664E+00  8.3408993E-01  1.7423694E-02  4.5906705E+00 -4.6185577E+00 
      1077 SSD -3.7544072E+03 -1.3294461E+01 -7.4255271E+00 -3.3456176E-01 -4.4854691E+01  4.5844518E+01 
      1078      5.7337813E+00  1.8303215E+00  5.0611877E-01  1.8172265E-02  5.3235748E+00 -2.4154498E+00 
      1078 SSD -1.6776804E+02 -2.3851154E+01 -9.8427297E-01 -3.1860436E-01 -7.7851962E+01  3.7890987E+01 
      1079      5.9918853E+01  1.6498282E+00  5.0380103E-01  1.7454516E-02  5.5422430E+00 -5.5392584E+00 
      1079 SSD -9.2313004E+02 -2.0354649E+01 -1.0514813E+00 -3.3089554E-01 -7.5608739E+01  7.7269213E+01 
      1080     -1.8929522E+01  1.8470791E+00  3.4321269E-01  1.5750196E-02  2.3101682E+00 -2.3374331E+00 
      1080 SSD  2.1867306E+02 -2.4185298E+01  1.9340329E+00 -2.8373800E-01 -3.5755156E+01  3.8924325E+01 
      1081      5.6586757E+00  1.6558915E+00  3.3711981E-01  1.5632970E-02  2.4246290E+00 -5.3402514E+00 
      1081 SSD -1.5021342E+02 -2.0429039E+01  2.0385372E+00 -3.1480780E-01 -3.6991009E+01  7.9367763E+01 
      1082      2.7619831E+01  1.8149278E+00  6.8488200E-01  1.8771989E-02  8.0105290E+00 -1.9629530E+00 
      1082 SSD -4.9782750E+02 -2.3584289E+01 -4.0877509E+00 -3.2866636E-01 -1.1281959E+02  3.0356362E+01 
      1083      1.0882231E+02  1.6403511E+00  6.7796187E-01  1.7442476E-02  8.3933352E+00 -4.4337163E+00 
      1083 SSD -1.5817668E+03 -2.0225632E+01 -4.1801361E+00 -3.2753239E-01 -1.0757853E+02  5.8658376E+01 
      1084      4.2020730E+01  1.8058766E+00  8.5999168E-01  1.8369907E-02  9.7958590E+00 -1.0616012E+00 
      1084 SSD -7.1524201E+02 -2.3430072E+01 -7.1822873E+00 -3.3653368E-01 -1.3558706E+02  1.6343063E+01 
      1085      1.4139561E+02  1.6320388E+00  8.5136263E-01  1.7361869E-02  1.0338075E+01 -2.3743709E+00 
      1085 SSD -2.0109596E+03 -2.0102658E+01 -7.3329286E+00 -3.2878311E-01 -1.2711409E+02  3.1415835E+01 
      1086      4.3452003E+01  4.0262426E-01  9.5828958E-01  1.7876267E-02 -1.0137255E+01 -6.9143443E-02 
      1086 SSD -7.5531934E+02  3.4601550E+00 -1.0951588E+01 -3.4159247E-01  1.4123474E+02 -6.2224368E-01 
      1087      1.4749058E+02  5.7543756E-01  9.6966769E-01  1.7401862E-02 -1.0960207E+01 -1.8656387E-01 
      1087 SSD -2.1167877E+03  1.4755853E-01 -1.0809785E+01 -3.3322906E-01  1.3410884E+02 -1.0836079E+00 
      1088      2.4622394E+02  7.4901825E-01  9.8025175E-01  1.7399492E-02 -9.0689408E+00 -1.9372300E-01 
      1088 SSD -3.2646616E+03 -3.1842766E+00 -1.0733163E+01 -3.3438975E-01  9.7728534E+01 -2.6126040E+00 
      1089      3.1648846E+02  9.2369699E-01  9.8979500E-01  1.7433301E-02 -5.1852907E+00 -1.2147252E-01 
      1089 SSD -3.9726743E+03 -6.5394943E+00 -1.0713476E+01 -3.3446007E-01  4.5022628E+01 -4.2133216E+00 
      1090      1.3837425E+02  5.6874743E-01  1.1451259E+00  1.7506003E-02 -1.0291025E+01  2.3409150E+00 
      1090 SSD -1.9752485E+03  2.5950038E-01 -1.4108324E+01 -3.2926850E-01  1.2659210E+02 -3.0565461E+01 
      1091      1.0627001E+02  5.6121297E-01  1.3214729E+00  1.7637774E-02 -8.3229363E+00  4.3634976E+00 
      1091 SSD -1.5558436E+03  3.6777846E-01 -1.7289205E+01 -3.3053104E-01  1.0699810E+02 -5.7436587E+01 
      1092      5.8114926E+01  5.5236005E-01  1.4978070E+00  1.7561455E-02 -5.4601951E+00  5.4472220E+00 
      1092 SSD -9.0818318E+02  4.8005499E-01 -2.0440663E+01 -3.3495016E-01  7.4914917E+01 -7.6160541E+01 
      1093      4.8012290E+00  5.4649748E-01  1.6653019E+00  1.6430107E-02 -2.3598091E+00  5.2292127E+00 
      1093 SSD -1.4523874E+02  5.4123015E-01 -2.3537342E+01 -3.3256562E-01  3.6463438E+01 -7.8344447E+01 
      1094      2.6061791E+01  3.8586761E-01  1.3142997E+00  1.8990070E-02 -7.8668707E+00  1.8957279E+00 
      1094 SSD -4.8193219E+02  3.7490625E+00 -1.7375261E+01 -3.3080147E-01  1.1122610E+02 -2.9366580E+01 
      1095      3.9977015E+01  3.9458102E-01  1.1352711E+00  1.8636617E-02 -9.6364900E+00  1.0171210E+00 
      1095 SSD -6.9113111E+02  3.5973472E+00 -1.4247959E+01 -3.3356888E-01  1.3368825E+02 -1.5567787E+01 
      1096      4.8024542E+00  3.7163859E-01  1.4967068E+00  1.8004916E-02 -5.2176065E+00  2.3409095E+00 
      1096 SSD -1.6054314E+02  3.9963615E+00 -2.0524373E+01 -3.1846060E-01  7.6855455E+01 -3.6996215E+01 
      1097     -1.9188815E+01  3.5371363E-01  1.6637188E+00  1.5289856E-02 -2.2489754E+00  2.2679088E+00 
      1097 SSD  2.1870037E+02  4.3504224E+00 -2.3508031E+01 -2.8372565E-01  3.5267715E+01 -3.8280971E+01 
      1098      2.3090046E+02  9.0702962E-01  1.3380253E+00  1.7435331E-02 -3.6914804E+00  8.4050879E+00 
      1098 SSD -3.0615124E+03 -6.5450077E+00 -1.7316223E+01 -3.3606870E-01  4.2809055E+01 -9.2253412E+01 
      1099      1.8027526E+02  7.3345051E-01  1.3300209E+00  1.7415686E-02 -6.7541591E+00  6.7137688E+00 
      1099 SSD -2.4686082E+03 -3.0780880E+00 -1.7275526E+01 -3.3345168E-01  8.0305342E+01 -7.9871826E+01 
      1100      2.9480806E+02  9.1578708E-01  1.1635971E+00  1.7432379E-02 -4.7129668E+00  4.6654095E+00 
      1100 SSD -3.7337410E+03 -6.5288110E+00 -1.4030325E+01 -3.3438961E-01  4.6677110E+01 -4.5638098E+01 
      1101      2.3047643E+02  7.4174739E-01  1.1547681E+00  1.7422400E-02 -8.4420360E+00  3.6482825E+00 
      1101 SSD -3.0543221E+03 -3.1243178E+00 -1.4039571E+01 -3.3297900E-01  9.2648294E+01 -4.1829469E+01 
      1102      4.0494756E+01  8.8744746E-01  1.6867509E+00  1.6646888E-02 -1.0248452E+00  9.6656488E+00 
      1102 SSD -6.9174772E+02 -6.7606400E+00 -2.3930095E+01 -3.5082890E-01  1.6864216E+01 -1.3425523E+02 
      1103      1.3900670E+02  8.9746116E-01  1.5130056E+00  1.7400116E-02 -2.3684185E+00  1.0284891E+01 
      1103 SSD -1.9811897E+03 -6.6175844E+00 -2.0605480E+01 -3.4017256E-01  3.1718895E+01 -1.2713022E+02 
      1104      2.6366327E+01  7.1595468E-01  1.6794556E+00  1.6117122E-02 -1.9370678E+00  7.8725463E+00 
      1104 SSD -4.7079729E+02 -3.1297312E+00 -2.3788149E+01 -3.4236521E-01  3.0703967E+01 -1.1168826E+02 
      1105      1.0654328E+02  7.2409240E-01  1.5055927E+00  1.7307769E-02 -4.4035967E+00  8.3073432E+00 
      1105 SSD -1.5527482E+03 -3.0642424E+00 -2.0500550E+01 -3.3701375E-01  5.7917360E+01 -1.0798807E+02 
      1106     -2.3901905E+00  5.9352146E-01  2.7593084E-01  1.9346713E-02 -2.2830331E+00 -4.5943461E+00 
      1106 SSD -1.0591169E+02  5.3494710E-02  3.1143120E+00 -3.4257078E-01  3.7101951E+01  7.3302160E+01 
      1107      4.6471451E+01  5.9173038E-01  4.5263348E-01  1.7375101E-02 -5.3012053E+00 -5.2383107E+00 
      1107 SSD -8.4304729E+02 -1.2200390E-02 -3.5067722E-01 -3.3309606E-01  7.5792350E+01  7.4498488E+01 
      1108      9.5405690E+01  5.8708265E-01  6.2523100E-01  1.7263437E-02 -8.1521805E+00 -4.4605526E+00 
      1108 SSD -1.5106054E+03 -5.7637954E-03 -3.8772057E+00 -3.3763435E-01  1.0818658E+02  5.8013602E+01 
      1109      1.3190901E+02  5.8143030E-01  7.9701011E-01  1.7269715E-02 -1.0183641E+01 -2.6284476E+00 
      1109 SSD -1.9600574E+03  5.3250969E-02 -7.3915290E+00 -3.3675658E-01  1.2827680E+02  2.9722750E+01 
      1110     -2.8126434E+00  4.2351409E-01  4.4466925E-01  1.5672692E-02 -4.6366007E+00 -2.2490190E+00 
      1110 SSD -9.2545749E+01  3.1149049E+00 -2.6682128E-01 -3.3076079E-01  7.5161999E+01  3.6564481E+01 
      1111     -2.4160713E+01  4.2985100E-01  2.6294534E-01  1.7626642E-02 -2.0031665E+00 -1.9261053E+00 
      1111 SSD  2.6392688E+02  2.9976961E+00  3.3944015E+00 -3.3141394E-01  3.6640112E+01  3.3910052E+01 
      1112      1.9194136E+01  4.1691015E-01  6.1609572E-01  1.6143468E-02 -7.2827802E+00 -1.9171189E+00 
      1112 SSD -4.3089428E+02  3.2262093E+00 -3.8876812E+00 -3.4470716E-01  1.0974925E+02  2.8972208E+01 
      1113      3.5928227E+01  4.0985500E-01  7.8666732E-01  1.6878909E-02 -9.2788672E+00 -1.1234062E+00 
      1113 SSD -6.6644484E+02  3.3390969E+00 -7.4928026E+00 -3.4670045E-01  1.3318464E+02  1.5019780E+01 
      1114      1.3377892E+02  9.4518360E-01  4.6985012E-01  1.7612766E-02 -2.7341936E+00 -1.0148943E+01 
      1114 SSD -1.9818799E+03 -6.3931665E+00 -5.8001254E-01 -3.3321277E-01  3.0341540E+01  1.2760908E+02 
      1115      9.6232181E+01  7.6783012E-01  4.6129388E-01  1.7569146E-02 -4.5714887E+00 -8.0969862E+00 
      1115 SSD -1.5230572E+03 -3.1812702E+00 -4.5681176E-01 -3.2923890E-01  5.9419517E+01  1.0708983E+02 
      1116      3.7584401E+01  9.5199927E-01  2.9430458E-01  1.8830872E-02 -1.1897228E+00 -9.3495162E+00 
      1116 SSD -6.8951011E+02 -6.2276667E+00  2.7861834E+00 -3.4672158E-01  1.4880758E+01  1.3357276E+02 
      1117      2.0142753E+01  7.7363388E-01  2.8589070E-01  1.9425490E-02 -1.9994220E+00 -7.3031011E+00 
      1117 SSD -4.5045783E+02 -3.0843922E+00  2.9257063E+00 -3.4037821E-01  2.9679801E+01  1.0926307E+02 
      1118      2.9140020E+02  9.3100763E-01  8.1668353E-01  1.7446084E-02 -4.9429217E+00 -4.8102304E+00 
      1118 SSD -3.7722158E+03 -6.5404524E+00 -7.3591200E+00 -3.3490867E-01  4.5301536E+01  4.3988722E+01 
      1119      2.2562690E+02  9.3811671E-01  6.4365168E-01  1.7504090E-02 -4.0644478E+00 -8.4019512E+00 
      1119 SSD -3.0830053E+03 -6.4986126E+00 -3.9742942E+00 -3.3490254E-01  4.1122085E+01  9.4052376E+01 
      1120      2.2445445E+02  7.5554180E-01  8.0719108E-01  1.7384911E-02 -8.5114177E+00 -3.9402521E+00 
      1120 SSD -3.0706564E+03 -3.2288966E+00 -7.3498031E+00 -3.3539858E-01  9.5393967E+01  4.0013133E+01 
      1121      1.7038800E+02  7.6179431E-01  6.3460732E-01  1.7440168E-02 -6.9016049E+00 -6.7852390E+00 
      1121 SSD -2.4614783E+03 -3.2327371E+00 -3.9069657E+00 -3.3429538E-01  8.2564771E+01  8.1036906E+01 

