      NODE            V1             V2             V3             VR1            VR2            VR3
      1001     -1.2881851E+01 -7.1925168E-02  3.5320409E-01 -8.1576773E-03  1.0816109E-01 -1.5083288E-01 
      1001 SSD  2.9616097E+02  5.9521096E+00 -1.7152591E+01 -2.1997462E+00 -3.9203801E+00  3.2893239E+00 
      1002     -1.2847115E+01 -9.2575651E-02  3.3788354E-01  1.5164302E-01  1.0554972E-01  5.1873883E-01 
      1002 SSD  2.9543737E+02  4.7495172E+00 -1.7178837E+01 -4.2821136E+00  1.7543229E+00 -1.0581139E+01 
      1003     -1.2819965E+01 -1.9011086E-02  3.3905290E-01  8.3446024E-02  6.0626519E-02  1.2627053E+00 
      1003 SSD  2.9457771E+02  1.5061219E+00 -1.7459838E+01 -9.4912618E-01  9.8477236E-01 -3.5210905E+01 
      1004     -1.2786936E+01 -1.0622168E-02  3.3650292E-01  1.0283229E-01  1.9788304E-02  1.8838974E+00 
      1004 SSD  2.9481932E+02 -1.1286585E+00 -1.7471399E+01  9.7836704E-02  1.9198927E+00 -5.7450251E+01 
      1005     -1.2768789E+01  1.8806960E-02  3.3964357E-01  6.3990589E-02 -3.9938210E-02  2.2332860E+00 
      1005 SSD  2.9482289E+02 -3.8584453E+00 -1.7474464E+01  8.9319969E-01  1.1271665E+00 -7.2713767E+01 
      1006     -1.2764580E+01  5.5880731E-02  3.4568322E-01  1.4766835E-02 -8.4666480E-02  2.2477667E+00 
      1006 SSD  2.9509614E+02 -6.2302180E+00 -1.7397090E+01  1.2262295E+00  8.7878541E-01 -7.8518813E+01 
      1007     -1.2786377E+01  1.0694577E-01  3.5133384E-01 -4.4319301E-02 -1.0157932E-01  1.9376996E+00 
      1007 SSD  2.9525438E+02 -8.2830260E+00 -1.7331841E+01  1.0732513E+00  6.0998124E-01 -7.4333511E+01 
      1008     -1.2826159E+01  1.6263460E-01  3.5354315E-01 -9.0470948E-02 -9.7692777E-02  1.3952121E+00 
      1008 SSD  2.9569001E+02 -1.0139239E+01 -1.7290077E+01  1.1340194E+00 -1.5436705E-01 -5.9598807E+01 
      1009     -1.2882072E+01  2.3241622E-01  3.5220375E-01 -9.1738991E-02 -6.1146642E-02  7.7963399E-01 
      1009 SSD  2.9589249E+02 -1.2175230E+01 -1.7409972E+01  3.4397296E-01  7.6150827E-02 -3.7227218E+01 
      1010     -1.2905872E+01  2.8092044E-01  3.4914781E-01 -1.1976825E-01  1.1899915E-02  2.3153361E-01 
      1010 SSD  2.9764917E+02 -1.3644493E+01 -1.7423289E+01  6.9396874E-01 -2.3566005E+00 -1.2523904E+01 
      1011     -1.2966661E+01  3.3189858E-01  3.3763412E-01  2.1517894E-03 -1.7540210E-02  5.4073193E-03 
      1011 SSD  2.9746028E+02 -1.6048329E+01 -1.7836278E+01 -2.8874621E+00  6.5422398E-01  2.7810019E+00 
      1012     -1.2939440E+01  3.1907491E-01 -1.0721586E-01  3.1139810E-03 -1.0834357E-01  1.4885631E-01 
      1012 SSD  2.9972459E+02 -1.6402207E+01  4.5698502E+00 -2.2017041E+00  4.1646418E+00 -3.0147960E+00 
      1013     -1.2887117E+01  3.3809918E-01 -9.0913368E-02  1.3388730E-01 -1.0348032E-01 -5.1818339E-01 
      1013 SSD  2.9868169E+02 -1.5290270E+01  4.5959770E+00 -3.7750057E+00 -1.8961632E+00  1.0634054E+01 
      1014     -1.2844165E+01  2.6932584E-01 -9.0429697E-02  8.6124626E-02 -5.7166137E-02 -1.2687815E+00 
      1014 SSD  2.9752518E+02 -1.2196967E+01  4.8443101E+00 -1.1633703E+00 -1.0505618E+00  3.5752784E+01 
      1015     -1.2795320E+01  2.5683322E-01 -8.7691888E-02  1.0270879E-01 -1.6250976E-02 -1.8995554E+00 
      1015 SSD  2.9752073E+02 -9.3914095E+00  4.8617163E+00  2.2110150E-01 -2.0373884E+00  5.8373566E+01 
      1016     -1.2761227E+01  2.2739682E-01 -9.0756368E-02  6.0027632E-02  4.2133959E-02 -2.2500059E+00 
      1016 SSD  2.9724336E+02 -6.6957586E+00  4.8506108E+00  9.1504416E-01 -1.2417220E+00  7.3859553E+01 
      1017     -1.2740382E+01  1.9224699E-01 -9.6460662E-02  1.1270630E-02  8.7885842E-02 -2.2586027E+00 
      1017 SSD  2.9725857E+02 -4.2568938E+00  4.7733861E+00  1.1680701E+00 -9.7649390E-01  7.9758715E+01 
      1018     -1.2746984E+01  1.3915768E-01 -1.0191183E-01 -3.9265194E-02  1.0296328E-01 -1.9466536E+00 
      1018 SSD  2.9716894E+02 -2.1304260E+00  4.7208736E+00  1.0817758E+00 -6.4116022E-01  7.5441413E+01 
      1019     -1.2771680E+01  8.1400464E-02 -1.0433625E-01 -9.5201370E-02  9.5364255E-02 -1.3957934E+00 
      1019 SSD  2.9737303E+02 -2.8945286E-01  4.6839595E+00  1.2633291E+00  2.2386306E-01  6.0289318E+01 
      1020     -1.2809621E+01  1.6751830E-02 -1.0209817E-01 -9.8938486E-02  6.2492765E-02 -7.6831381E-01 
      1020 SSD  2.9725153E+02  1.6553966E+00  4.7950192E+00  4.1970147E-01 -9.1357351E-02  3.7453556E+01 
      1021     -1.2817198E+01 -3.3917696E-02 -9.7863803E-02 -1.0579964E-01 -1.1596694E-02 -2.2789274E-01 
      1021 SSD  2.9880212E+02  3.2578384E+00  4.7971171E+00  4.1691034E-01  2.5701714E+00  1.2614740E+01 
      1022     -1.2860137E+01 -8.4896253E-02 -8.6028917E-02 -4.1628875E-03  1.4489938E-02 -4.0101197E-04 
      1022 SSD  2.9821139E+02  5.4360759E+00  5.1667706E+00 -2.5117268E+00 -3.6916319E-01 -3.1837164E+00 
      1023     -1.2837153E+01 -8.3622635E-02 -5.9064913E-02  5.4117711E-02 -2.7039304E-01 -4.5012261E-02 
      1023 SSD  2.9712638E+02  5.6803316E+00  3.5014491E+00 -2.9956425E+00  1.0013481E+01  5.9000688E-01 
      1024     -1.2801316E+01 -8.3697172E-02 -2.2751039E-02  1.1105355E-01 -8.9989225E-01  5.5701892E-02 
      1024 SSD  2.9643407E+02  5.8108427E+00  5.8156765E-01 -1.1256804E+00  3.2687186E+01  5.3257332E-01 
      1025     -1.2764089E+01 -8.4601530E-02  9.8274060E-04  1.1691012E-01 -1.5498742E+00  1.0436050E-01 
      1025 SSD  2.9596361E+02  5.8692269E+00 -2.0560023E+00 -4.4792004E-02  5.5352044E+01  3.4121669E-01 
      1026     -1.2731451E+01 -8.8072826E-02  2.5846304E-02  8.7459028E-02 -2.0308098E+00  1.2450480E-01 
      1026 SSD  2.9564105E+02  5.8347775E+00 -4.7440349E+00  8.1844453E-01  7.1135896E+01 -2.6677217E-01 
      1027     -1.2719824E+01 -9.3580120E-02  5.8887745E-02  3.5197644E-02 -2.2414610E+00  1.0141154E-01 
      1027 SSD  2.9546770E+02  5.7541439E+00 -7.1933115E+00  1.1745871E+00  7.7071941E+01 -5.9211928E-01 
      1028     -1.2726023E+01 -9.8955055E-02  1.0602105E-01 -2.2702118E-02 -2.1317902E+00  4.9706120E-02 
      1028 SSD  2.9519829E+02  5.7043807E+00 -9.3395773E+00  9.7083512E-01  7.3402199E+01 -8.2219041E-01 
      1029     -1.2752777E+01 -1.0126078E-01  1.6278129E-01 -8.5338893E-02 -1.7079434E+00 -4.9886782E-03 
      1029 SSD  2.9516931E+02  5.6929495E+00 -1.1176847E+01  9.3198790E-01  6.0395326E+01 -1.5562077E+00 
      1030     -1.2797329E+01 -9.7469335E-02  2.3195263E-01 -1.0213091E-01 -1.0892056E+00 -6.7768639E-02 
      1030 SSD  2.9503225E+02  5.7573571E+00 -1.3042340E+01  2.4732825E-01  4.0118741E+01 -7.8228229E-01 
      1031     -1.2831041E+01 -9.2882422E-02  2.7286268E-01 -1.4990290E-01 -3.8558472E-01 -1.0127070E-01 
      1031 SSD  2.9594975E+02  5.8094354E+00 -1.4672829E+01  9.9075223E-01  1.4741017E+01 -1.9585402E+00 
      1032     -1.2938379E+01  3.3166605E-01  3.0962889E-01  5.3995570E-02  2.7967896E-01  4.7765910E-02 
      1032 SSD  2.9686744E+02 -1.6224680E+01 -1.6002501E+01 -2.9267938E+00 -1.0469255E+01 -7.0114413E-01 
      1033     -1.2896675E+01  3.3105783E-01  2.7160965E-01  1.1226830E-01  9.2340055E-01 -5.5598100E-02 
      1033 SSD  2.9653927E+02 -1.6340613E+01 -1.3139993E+01 -1.1469570E+00 -3.4188207E+01 -5.4905436E-01 
      1034     -1.2853829E+01  3.3154229E-01  2.4816854E-01  1.1733567E-01  1.5868911E+00 -1.0409763E-01 
      1034 SSD  2.9648492E+02 -1.6391641E+01 -1.0503058E+01 -5.0697848E-03 -5.7837741E+01 -3.2272748E-01 
      1035     -1.2816671E+01  3.3460845E-01  2.2359434E-01  8.6650211E-02  2.0716332E+00 -1.2669426E-01 
      1035 SSD  2.9656530E+02 -1.6361884E+01 -7.8348053E+00  8.7089463E-01 -7.4109935E+01  3.5596107E-01 
      1036     -1.2799445E+01  3.4018627E-01  1.9161022E-01  3.3971377E-02  2.2795857E+00 -9.8787648E-02 
      1036 SSD  2.9682816E+02 -1.6283102E+01 -5.3954569E+00  1.2272717E+00 -7.9958393E+01  6.9429059E-01 
      1037     -1.2803476E+01  3.4527815E-01  1.4451273E-01 -2.4261959E-02  2.1601239E+00 -5.3747728E-02 
      1037 SSD  2.9694477E+02 -1.6238891E+01 -3.2815014E+00  9.8534722E-01 -7.5827164E+01  8.9551319E-01 
      1038     -1.2826156E+01  3.4821794E-01  8.9618166E-02 -8.6896821E-02  1.7276968E+00  7.0768572E-03 
      1038 SSD  2.9741455E+02 -1.6215374E+01 -1.4519788E+00  9.4537055E-01 -6.1934726E+01  1.8777840E+00 
      1039     -1.2862954E+01  3.4501787E-01  2.0299425E-02 -1.0009480E-01  1.1050357E+00  7.2457202E-02 
      1039 SSD  2.9775784E+02 -1.6275229E+01  3.8910472E-01  2.0888296E-01 -4.0862441E+01  8.6009265E-01 
      1040     -1.2889616E+01  3.4172973E-01 -1.6128643E-02 -1.5415616E-01  3.8945140E-01  1.0008546E-01 
      1040 SSD  2.9897873E+02 -1.6349932E+01  1.9318489E+00  9.1885400E-01 -1.5018119E+01  1.9060435E+00 
      1041      2.3113418E+01  7.4746577E-02  2.9841758E-01  4.0929242E-03  1.3943563E-01  5.0397899E+00 
      1041 SSD -4.5763833E+02 -5.9290274E+00 -1.5219148E+01 -2.3780668E-01  2.5074478E+00 -7.3874595E+01 
      1042      7.6815011E+01  9.1087446E-02  2.5470792E-01  4.2999889E-03  2.2370116E-01  5.8496796E+00 
      1042 SSD -1.1205986E+03 -5.6585465E+00 -1.2991148E+01 -2.2453496E-01  3.7820457E+00 -5.9859191E+01 
      1043      1.3006867E+02  1.0445851E-01  2.1119098E-01  4.3224545E-03  2.1509828E-01  4.9655231E+00 
      1043 SSD -1.5962397E+03 -5.4670517E+00 -1.0765848E+01 -2.2397903E-01  5.1263216E+00 -3.5543897E+01 
      1044      1.6865413E+02  1.1498908E-01  1.6818608E-01  4.3244909E-03  1.4407261E-01  2.8740357E+00 
      1044 SSD -1.8207478E+03 -5.3472048E+00 -8.5420345E+00 -2.2342386E-01  6.0828627E+00 -9.0669047E+00 
      1045      1.8278413E+02  1.2383315E-01  1.2552234E-01  4.3241804E-03 -1.6302834E-02 -6.2708758E-03 
      1045 SSD -1.8633554E+03 -5.2684345E+00 -6.3173515E+00 -2.2333223E-01  7.9231515E-01  5.5477366E-02 
      1046      1.6853500E+02  1.3262098E-01  8.2858035E-02  4.3243091E-03 -1.7541590E-01 -2.8842694E+00 
      1046 SSD -1.8197321E+03 -5.1870547E+00 -4.0929292E+00 -2.2364879E-01 -4.5947571E+00  9.0911598E+00 
      1047      1.2990021E+02  1.4299733E-01  3.9851061E-02  4.3272144E-03 -2.4234628E-01 -4.9638352E+00 
      1047 SSD -1.5954936E+03 -5.0594432E+00 -1.8686500E+00 -2.2453913E-01 -3.9374045E+00  3.5393113E+01 
      1048      7.6713839E+01  1.5619070E-01 -3.7488382E-03  4.3198774E-03 -2.4195247E-01 -5.8367519E+00 
      1048 SSD -1.1218963E+03 -4.8551462E+00  3.6145390E-01 -2.2589992E-01 -3.0850319E+00  5.9567131E+01 
      1049      2.3131724E+01  1.7238575E-01 -4.7788006E-02  4.0961933E-03 -1.4621403E-01 -5.0295593E+00 
      1049 SSD -4.6075792E+02 -4.5681868E+00  2.6076428E+00 -2.4115619E-01 -2.3656236E+00  7.3838333E+01 
      1050      1.6870055E+02  1.6753174E-01  1.3395520E-01  4.3177352E-03  2.8730583E+00  1.5231470E-01 
      1050 SSD -1.8276534E+03 -7.5158422E+00 -6.2532389E+00 -2.2314293E-01 -8.3689521E+00  5.4050813E+00 
      1051      1.3008936E+02  2.1121372E-01  1.4396800E-01  4.2910505E-03  4.9669762E+00  2.0800958E-01 
      1051 SSD -1.6090183E+03 -9.7560187E+00 -6.1439176E+00 -2.2290233E-01 -3.5076872E+01  4.4939153E+00 
      1052      7.6792398E+01  2.5470905E-01  1.5673098E-01  4.2279534E-03  5.8549992E+00  1.8888123E-01 
      1052 SSD -1.1362197E+03 -1.1979797E+01 -5.9610637E+00 -2.2297519E-01 -5.9809547E+01  3.0215694E+00 
      1053      2.3098480E+01  2.9781020E-01  1.7228662E-01  4.1038308E-03  5.0390192E+00  7.8645248E-02 
      1053 SSD -4.6933247E+02 -1.4184451E+01 -5.7007814E+00 -2.3372073E-01 -7.4705878E+01  1.6260168E+00 
      1054      1.1725888E+02  2.0531835E-01  1.8420414E-01  4.2562876E-03  4.6253259E+00  2.2300234E+00 
      1054 SSD -1.5672738E+03 -9.7539635E+00 -8.4202602E+00 -2.2412208E-01 -3.6494074E+01 -1.2985211E+01 
      1055      8.7411468E+01  1.9794621E-01  2.2219902E-01  4.3691932E-03  3.6637657E+00  3.6931797E+00 
      1055 SSD -1.3251776E+03 -9.7911646E+00 -1.0766641E+01 -2.2247299E-01 -3.4898922E+01 -3.5311407E+01 
      1056      4.7993519E+01  1.8846258E-01  2.6094900E-01  4.5975024E-03  2.3111074E+00  4.2277154E+00 
      1056 SSD -8.8222094E+02 -9.8842691E+00 -1.3115844E+01 -2.1797803E-01 -2.8135644E+01 -5.3405287E+01 
      1057      1.0297437E+01  1.7723646E-01  3.0473915E-01  5.8896722E-03  8.9038849E-01  3.4287792E+00 
      1057 SSD -3.0864059E+02 -1.0025341E+01 -1.5378395E+01 -2.1839472E-01 -1.6285907E+01 -6.1887466E+01 
      1058      1.1716719E+02  1.4980822E-01  2.1625410E-01  4.4013865E-03  2.2322369E+00  4.6448262E+00 
      1058 SSD -1.5615070E+03 -7.6661335E+00 -1.0781613E+01 -2.2195571E-01 -1.2247157E+01 -3.6906507E+01 
      1059      1.5394201E+02  1.5950052E-01  1.7555882E-01  4.3256961E-03  2.7458356E+00  2.7518526E+00 
      1059 SSD -1.8015528E+03 -7.5704495E+00 -8.5006098E+00 -2.2316263E-01 -1.0239825E+01 -1.0961019E+01 
      1060      6.7504967E+01  1.3753651E-01  2.5756182E-01  4.5823316E-03  1.4660700E+00  5.4000635E+00 
      1060 SSD -1.0812407E+03 -7.8268085E+00 -1.3064340E+01 -2.1799242E-01 -1.1032333E+01 -5.9367951E+01 
      1061      1.8628865E+01  1.2292435E-01  3.0147251E-01  5.2370708E-03  5.9957793E-01  4.5229023E+00 
      1061 SSD -4.2928322E+02 -8.0489302E+00 -1.5298152E+01 -2.2228389E-01 -6.6713925E+00 -7.1933770E+01 
      1062      1.1004692E+01  2.9037521E-01  2.3845253E-01  2.4261766E-03  3.4061045E+00  8.8276728E-01 
      1062 SSD -3.0641450E+02 -1.4038004E+01 -1.0603396E+01 -2.4997339E-01 -6.2838363E+01 -1.6845764E+01 
      1063      4.8349081E+01  2.4652714E-01  2.2968056E-01  4.0558280E-03  4.1784118E+00  2.3310270E+00 
      1063 SSD -8.8445646E+02 -1.1892303E+01 -1.0706575E+01 -2.2806099E-01 -5.3365794E+01 -2.8516044E+01 
      1064      1.9097752E+01  2.9411600E-01  2.0822959E-01  3.1722941E-03  4.5194071E+00  5.4626047E-01 
      1064 SSD -4.3324122E+02 -1.4109750E+01 -8.0663472E+00 -2.4636413E-01 -7.2761491E+01 -7.5313733E+00 
      1065      6.7798779E+01  2.5109923E-01  1.9511720E-01  4.0456947E-03  5.3740467E+00  1.4378185E+00 
      1065 SSD -1.0892265E+03 -1.1919250E+01 -8.2765071E+00 -2.2763206E-01 -5.9343401E+01 -1.1768855E+01 
      1066     -8.1273530E+00  2.8384009E-01  3.0941260E-01  4.9136070E-03  6.9680402E-01  7.6429862E-01 
      1066 SSD  1.1955531E+02 -1.3839102E+01 -1.5671372E+01 -2.1001269E-01 -2.4317925E+01 -2.2440417E+01 
      1067      8.9251294E-01  2.8694126E-01  2.6921531E-01  2.9319737E-03  1.9885027E+00  9.8122166E-01 
      1067 SSD -1.0640416E+02 -1.3953702E+01 -1.3156179E+01 -2.3323280E-01 -4.5758630E+01 -2.2742073E+01 
      1068      3.9738251E-01  2.3584541E-01  3.0710942E-01  5.8520830E-03  9.3518145E-01  2.0369731E+00 
      1068 SSD -1.1268771E+02 -1.1989530E+01 -1.5487091E+01 -2.2053397E-01 -2.2303920E+01 -4.4279605E+01 
      1069      2.3385805E+01  2.4103437E-01  2.6495988E-01  4.2583459E-03  2.5549636E+00  2.6150992E+00 
      1069 SSD -5.3712230E+02 -1.1912746E+01 -1.3146663E+01 -2.2396024E-01 -4.0582990E+01 -4.0602878E+01 
      1070      1.6691752E+01  2.4246330E-01 -4.0963007E-02  2.9492773E-03  8.1687802E-01 -3.9141855E+00 
      1070 SSD -2.7652561E+02 -9.5344952E+00  2.3840989E+00 -2.4395750E-01 -1.8415328E+01  5.9426321E+01 
      1071      5.7537414E+01  2.3246000E-01  4.3236971E-03  4.1620259E-03  2.2001462E+00 -4.3050680E+00 
      1071 SSD -8.2331078E+02 -9.6843170E+00  2.1472626E-01 -2.2763518E-01 -2.8443804E+01  5.2393872E+01 
      1072      9.6108810E+01  2.2374727E-01  5.2812300E-02  4.3531886E-03  3.5680794E+00 -3.5465139E+00 
      1072 SSD -1.2463279E+03 -9.7500444E+00 -1.8682532E+00 -2.2210958E-01 -3.4246616E+01  3.5087639E+01 
      1073      1.2249147E+02  2.1694989E-01  9.9942574E-02  4.3557418E-03  4.5864956E+00 -1.9041880E+00 
      1073 SSD -1.4989906E+03 -9.7660140E+00 -3.9647366E+00 -2.2126441E-01 -3.4566811E+01  1.7778669E+01 
      1074      7.3320524E+01  1.9631969E-01 -3.0881850E-04  4.1879711E-03  1.1016933E+00 -5.4536182E+00 
      1074 SSD -1.0334136E+03 -7.2083694E+00  2.7659552E-01 -2.2938674E-01 -1.5694382E+01  5.7431485E+01 
      1075      2.2517341E+01  2.1057389E-01 -4.4093078E-02  3.2098808E-03  3.7534109E-01 -4.8223501E+00 
      1075 SSD -4.0716815E+02 -6.9608156E+00  2.5070777E+00 -2.4788724E-01 -1.0426643E+01  6.9757348E+01 
      1076      1.2254455E+02  1.8466383E-01  4.5529598E-02  4.3018048E-03  1.8925805E+00 -4.5660970E+00 
      1076 SSD -1.4912675E+03 -7.3714211E+00 -1.8896218E+00 -2.2480198E-01 -1.7072215E+01  3.5322346E+01 
      1077      1.5730894E+02  1.7542294E-01  9.0570145E-02  4.3257868E-03  2.5395574E+00 -2.5491138E+00 
      1077 SSD -1.7321771E+03 -7.4633545E+00 -4.0526681E+00 -2.2317234E-01 -1.3470872E+01  1.4253194E+01 
      1078      6.3325977E+00  3.1174726E-01  1.5833829E-02  5.6626690E-03  2.5621666E+00 -1.0296179E+00 
      1078 SSD -1.0837144E+02 -1.4525426E+01  3.0313017E-01 -1.9990164E-01 -4.2479425E+01  2.2301339E+01 
      1079      3.3107695E+01  2.6728714E-01  1.0901714E-02  4.5204266E-03  2.7601275E+00 -2.6953705E+00 
      1079 SSD -5.0221650E+02 -1.2177487E+01  2.1166103E-01 -2.1890476E-01 -3.8619625E+01  4.0392344E+01 
      1080     -4.3807929E+00  3.1715008E-01 -3.1990803E-02  4.5682854E-03  1.0629634E+00 -9.6568616E-01 
      1080 SSD  1.1771761E+02 -1.4751084E+01  2.1634677E+00 -1.8004201E-01 -2.0584616E+01  2.3808077E+01 
      1081      6.9363122E+00  2.7087489E-01 -3.4302195E-02  3.3095487E-03  1.0722819E+00 -2.5180768E+00 
      1081 SSD -9.0094602E+01 -1.2204830E+01  2.2281009E+00 -2.1548122E-01 -2.1288878E+01  4.4011884E+01 
      1082      1.5893131E+01  3.0538595E-01  7.3521507E-02  5.8665083E-03  3.9323521E+00 -8.1989228E-01 
      1082 SSD -2.9677662E+02 -1.4363213E+01 -1.6124723E+00 -2.0580983E-01 -5.9380753E+01  1.7797022E+01 
      1083      5.7131214E+01  2.6219723E-01  6.2540127E-02  4.6164817E-03  4.3637260E+00 -2.1789887E+00 
      1083 SSD -8.3514698E+02 -1.2117898E+01 -1.7765550E+00 -2.1514022E-01 -5.0908130E+01  2.9169362E+01 
      1084      2.1964098E+01  3.0175034E-01  1.2655477E-01  5.1166991E-03  4.8291696E+00 -4.2373877E-01 
      1084 SSD -4.2198781E+02 -1.4268251E+01 -3.5585248E+00 -2.1826814E-01 -7.0190243E+01  9.6490295E+00 
      1085      7.2975452E+01  2.5816986E-01  1.1199582E-01  4.4754346E-03  5.4901101E+00 -1.1339793E+00 
      1085 SSD -1.0481657E+03 -1.2052746E+01 -3.8007356E+00 -2.1725724E-01 -5.6917407E+01  1.5721577E+01 
      1086      2.2827716E+01 -4.9679655E-02  7.8240804E-02  4.3979314E-03 -5.0063959E+00 -8.4405437E-02 
      1086 SSD -4.4998701E+02  3.6433377E+00 -6.9017117E+00 -2.2814495E-01  7.3353339E+01 -1.2582866E+00 
      1087      7.6299474E+01 -6.7231889E-03  9.3996555E-02  4.3187133E-03 -5.8427388E+00 -2.0080790E-01 
      1087 SSD -1.1090226E+03  1.4356028E+00 -6.6523157E+00 -2.2201451E-01  5.9528197E+01 -2.6498638E+00 
      1088      1.2960115E+02  3.6579057E-02  1.0693416E-01  4.2969879E-03 -4.9788311E+00 -2.2258976E-01 
      1088 SSD -1.5841576E+03 -7.8531076E-01 -6.4801774E+00 -2.2322302E-01  3.5811245E+01 -4.2199647E+00 
      1089      1.6840590E+02  8.0154082E-02  1.1705471E-01  4.3327913E-03 -2.9001683E+00 -1.6552679E-01 
      1089 SSD -1.8131721E+03 -3.0224671E+00 -6.3785417E+00 -2.2299855E-01  9.7408838E+00 -5.2515178E+00 
      1090      7.2623499E+01 -1.0014124E-02  1.3915276E-01  4.5472643E-03 -5.4832657E+00  1.1163103E+00 
      1090 SSD -1.0256100E+03  1.5000469E+00 -8.8261204E+00 -2.1687671E-01  5.6597685E+01 -1.5126145E+01 
      1091      5.6927659E+01 -1.4015884E-02  1.8922512E-01  4.6708808E-03 -4.3585304E+00  2.1655395E+00 
      1091 SSD -8.1944922E+02  1.5545427E+00 -1.0863944E+01 -2.1695012E-01  5.0589921E+01 -2.8324035E+01 
      1092      3.3012531E+01 -1.9165717E-02  2.4104548E-01  4.4834649E-03 -2.7540224E+00  2.6865267E+00 
      1092 SSD -4.9388786E+02  1.6010483E+00 -1.2865392E+01 -2.2247063E-01  3.8238284E+01 -3.9678791E+01 
      1093      6.9089541E+00 -2.3091959E-02  2.8622095E-01  3.5703455E-03 -1.0667158E+00  2.5117685E+00 
      1093 SSD -8.7936106E+01  1.6160664E+00 -1.4885176E+01 -2.2764429E-01  2.1011812E+01 -4.3409718E+01 
      1094      1.5782743E+01 -5.7234019E-02  1.7855323E-01  5.9064694E-03 -3.9169518E+00  8.1198567E-01 
      1094 SSD -2.8711332E+02  3.8163310E+00 -1.1021359E+01 -2.0679484E-01  5.8390990E+01 -1.7124538E+01 
      1095      2.1770407E+01 -5.3433895E-02  1.2450687E-01  5.3637481E-03 -4.8028661E+00  4.1438226E-01 
      1095 SSD -4.0661861E+02  3.7240904E+00 -9.0620309E+00 -2.1346666E-01  6.9019037E+01 -9.1149542E+00 
      1096      6.2943075E+00 -6.3534198E-02  2.3680032E-01  5.4033064E-03 -2.5564658E+00  1.0212478E+00 
      1096 SSD -1.0449123E+02  3.9647348E+00 -1.2963988E+01 -2.0187502E-01  4.1877734E+01 -2.1735586E+01 
      1097     -4.3612237E+00 -7.0307993E-02  2.8587229E-01  3.9267056E-03 -1.0587231E+00  9.6246107E-01 
      1097 SSD  1.1719380E+02  4.1958349E+00 -1.4862744E+01 -1.8478194E-01  2.0319429E+01 -2.3431277E+01 
      1098      1.2248343E+02  6.2935854E-02  2.0572153E-01  4.2916542E-03 -1.9121735E+00  4.5611535E+00 
      1098 SSD -1.4818594E+03 -3.1708144E+00 -1.0750961E+01 -2.2470409E-01  1.7951701E+01 -3.5048951E+01 
      1099      9.5916223E+01  2.4038249E-02  1.9870010E-01  4.3502298E-03 -3.5748399E+00  3.5354502E+00 
      1099 SSD -1.2308653E+03 -8.0307090E-01 -1.0775384E+01 -2.2205644E-01  3.4560708E+01 -3.4457578E+01 
      1100      1.5715163E+02  7.2293499E-02  1.6056679E-01  4.3349700E-03 -2.5643672E+00  2.5355421E+00 
      1100 SSD -1.7199744E+03 -3.0789390E+00 -8.5840951E+00 -2.2293756E-01  1.4681951E+01 -1.4000152E+01 
      1101      1.2216025E+02  3.0937757E-02  1.5124530E-01  4.3613793E-03 -4.5966309E+00  1.8873226E+00 
      1101 SSD -1.4779434E+03 -7.8278821E-01 -8.6692870E+00 -2.2152558E-01  3.5148727E+01 -1.7287636E+01 
      1102      2.2445419E+01  3.6549819E-02  2.9521731E-01  3.1318645E-03 -3.7751333E-01  4.8235516E+00 
      1102 SSD -4.0275902E+02 -3.5695828E+00 -1.5128885E+01 -2.4690643E-01  1.0440044E+01 -6.9378691E+01 
      1103      7.3273687E+01  5.1060985E-02  2.5152305E-01  4.1375521E-03 -1.1130727E+00  5.4560468E+00 
      1103 SSD -1.0264294E+03 -3.3303836E+00 -1.2915940E+01 -2.2940527E-01  1.6111583E+01 -5.7214591E+01 
      1104      1.6620954E+01  4.4950054E-03  2.9251834E-01  2.8911366E-03 -8.1188768E-01  3.9102033E+00 
      1104 SSD -2.7248202E+02 -1.0092480E+00 -1.5036484E+01 -2.4181389E-01  1.8207425E+01 -5.8855317E+01 
      1105      5.7425211E+01  1.5031081E-02  2.4726366E-01  4.1425198E-03 -2.2013190E+00  4.2993157E+00 
      1105 SSD -8.1376610E+02 -8.6808876E-01 -1.2864973E+01 -2.2682297E-01  2.8486735E+01 -5.1775316E+01 
      1106      3.2446696E-01  1.1159420E-02 -5.6899764E-02  6.0415510E-03 -9.3494513E-01 -2.0141469E+00 
      1106 SSD -1.0846781E+02  1.4937954E+00  2.9021821E+00 -2.1593840E-01  2.2471545E+01  4.3326490E+01 
      1107      2.3057729E+01  6.0726968E-03 -1.4985849E-02  4.3919116E-03 -2.5426149E+00 -2.5849668E+00 
      1107 SSD -5.2241457E+02  1.4041814E+00  5.5865215E-01 -2.2167427E-01  4.0575113E+01  3.9339600E+01 
      1108      4.7801438E+01  8.8095147E-04  2.0369881E-02  4.0879521E-03 -4.1607723E+00 -2.3172224E+00 
      1108 SSD -8.5979303E+02  1.3698804E+00 -1.8866475E+00 -2.2779541E-01  5.3207293E+01  2.7725404E+01 
      1109      6.7215751E+01 -3.3604242E-03  5.5192194E-02  4.0990783E-03 -5.3577120E+00 -1.4448295E+00 
      1109 SSD -1.0604815E+03  1.3850304E+00 -4.3260136E+00 -2.2686266E-01  5.9144016E+01  1.1722189E+01 
      1110      7.4960538E-01 -4.0200864E-02 -1.9749240E-02  2.7982497E-03 -1.9642963E+00 -9.6594279E-01 
      1110 SSD -9.5340900E+01  3.4411632E+00  5.8335364E-01 -2.3317922E-01  4.5133827E+01  2.1908461E+01 
      1111     -8.1280947E+00 -3.7886373E-02 -5.9506701E-02  4.7866745E-03 -6.8642155E-01 -7.4945275E-01 
      1111 SSD  1.2331049E+02  3.3625611E+00  3.1068544E+00 -2.1754155E-01  2.4241056E+01  2.1654239E+01 
      1112      1.0730832E+01 -4.3008445E-02  1.1108188E-02  2.7545574E-03 -3.3682850E+00 -8.7327381E-01 
      1112 SSD -2.8863787E+02  3.5084103E+00 -1.9746705E+00 -2.4502246E-01  6.1646281E+01  1.6309538E+01 
      1113      1.8786833E+01 -4.6234378E-02  4.1696638E-02  3.3736501E-03 -4.4801889E+00 -5.4963381E-01 
      1113 SSD -4.1251625E+02  3.5731368E+00 -4.5237695E+00 -2.4132812E-01  7.1325904E+01  7.5118513E+00 
      1114      6.7233006E+01  1.0927154E-01 -6.8159647E-03  4.5546487E-03 -1.4825088E+00 -5.3756610E+00 
      1114 SSD -1.0752844E+03 -2.6678172E+00  4.4649574E-01 -2.2007492E-01  1.1816747E+01  5.8529215E+01 
      1115      4.7621774E+01  5.8204027E-02 -1.0536054E-02  4.6906882E-03 -2.3165137E+00 -4.1947870E+00 
      1115 SSD -8.6985478E+02 -6.1145383E-01  5.1285330E-01 -2.1586698E-01  2.8705692E+01  5.2173528E+01 
      1116      1.8590464E+01  1.2338697E-01 -5.0923446E-02  5.1721042E-03 -6.0366891E-01 -4.4997100E+00 
      1116 SSD -4.3001195E+02 -2.4200081E+00  2.6890894E+00 -2.2583792E-01  6.9418044E+00  7.1420481E+01 
      1117      1.0225582E+01  6.8892038E-02 -5.3937391E-02  6.0828465E-03 -8.9386652E-01 -3.3998477E+00 
      1117 SSD -3.0641532E+02 -4.4858590E-01  2.7754486E+00 -2.1341039E-01  1.6622375E+01  6.1017010E+01 
      1118      1.5353324E+02  8.8018099E-02  7.5331201E-02  4.3337089E-03 -2.7733965E+00 -2.7607348E+00 
      1118 SSD -1.7865178E+03 -2.9591101E+00 -4.1269310E+00 -2.2336192E-01  1.1631088E+01  1.0855105E+01 
      1119      1.1674348E+02  9.7410229E-02  3.4559694E-02  4.3931897E-03 -2.2576039E+00 -4.6374137E+00 
      1119 SSD -1.5491480E+03 -2.8491293E+00 -1.8417971E+00 -2.2285066E-01  1.3453825E+01  3.6389550E+01 
      1120      1.1665541E+02  4.2241171E-02  6.6433567E-02  4.2617441E-03 -4.6370832E+00 -2.2391032E+00 
      1120 SSD -1.5414926E+03 -7.7637311E-01 -4.1956022E+00 -2.2439136E-01  3.7315679E+01  1.2867128E+01 
      1121      8.6820067E+01  4.9233540E-02  2.8267925E-02  4.3693605E-03 -3.6733298E+00 -3.6807651E+00 
      1121 SSD -1.3033253E+03 -7.2412725E-01 -1.8420347E+00 -2.2263730E-01  3.5679379E+01  3.4566948E+01 

