      NODE            V1             V2             V3             VR1            VR2            VR3
      1001     -6.7442915E+00 -2.1111044E-01 -3.1461961E-01 -1.6110101E-01  6.1329743E-02 -2.0550479E-01 
      1001 SSD  2.0236307E+02  4.2508418E+00 -1.5616239E+01 -2.6821038E+00 -3.0336814E+00  1.7960911E+00 
      1002     -6.6919905E+00 -3.4765720E-01 -3.6073186E-01  1.5070782E-01  3.4303812E-01  7.9564980E-01 
      1002 SSD  2.0197825E+02  2.6034948E+00 -1.5870828E+01 -2.9450384E+00  3.3184588E+00 -5.1991611E+00 
      1003     -6.6590792E+00 -3.2378995E-01 -3.7166917E-01  1.5421129E-01  1.9902277E-01  1.3119822E+00 
      1003 SSD  2.0142336E+02 -1.5132374E-02 -1.6166072E+01  2.8930292E-02  1.9147901E+00 -2.3709193E+01 
      1004     -6.5622208E+00 -4.4724867E-01 -3.7963616E-01  2.6306760E-01  1.4789601E-01  1.5673725E+00 
      1004 SSD  2.0210900E+02 -2.8392158E+00 -1.6216006E+01  1.4695619E+00  2.4421408E+00 -4.1285471E+01 
      1005     -6.5168514E+00 -5.1375648E-01 -3.7172481E-01  2.0757208E-01 -8.0385792E-03  1.4796391E+00 
      1005 SSD  2.0234878E+02 -5.4661375E+00 -1.6176217E+01  1.8684293E+00  8.8298193E-01 -5.4530750E+01 
      1006     -6.4980165E+00 -5.4955454E-01 -3.5398545E-01  1.1601248E-01 -1.4373843E-01  1.1468855E+00 
      1006 SSD  2.0268520E+02 -7.6195845E+00 -1.6015195E+01  1.6431605E+00 -3.7364306E-02 -6.1054829E+01 
      1007     -6.5380748E+00 -5.3456051E-01 -3.3650085E-01 -3.2698815E-02 -2.2547040E-01  6.5810946E-01 
      1007 SSD  2.0260694E+02 -9.2369823E+00 -1.5867387E+01  7.2103354E-01 -6.5349246E-01 -6.0040696E+01 
      1008     -6.6125029E+00 -4.9190921E-01 -3.2832622E-01 -1.5998871E-01 -2.6409812E-01  1.7193477E-01 
      1008 SSD  2.0258350E+02 -1.0549586E+01 -1.5789780E+01  1.2750211E-01 -1.4975751E+00 -5.0048859E+01 
      1009     -6.7449341E+00 -4.1711096E-01 -3.3753933E-01 -2.1515613E-01 -1.6235032E-01 -1.1111102E-01 
      1009 SSD  2.0209936E+02 -1.1846086E+01 -1.5934445E+01 -8.0600895E-01 -7.7931207E-01 -3.2425595E+01 
      1010     -6.7211391E+00 -3.7136432E-01 -3.4735939E-01 -2.7777953E-01 -1.0817097E-01 -1.1855375E-01 
      1010 SSD  2.0367283E+02 -1.2835399E+01 -1.5999561E+01 -8.3816465E-01 -2.5665437E+00 -1.1345788E+01 
      1011     -6.8845310E+00 -3.6809588E-01 -3.9932980E-01 -1.6264997E-01 -2.2936803E-03  1.7639776E-01 
      1011 SSD  2.0277328E+02 -1.4814612E+01 -1.6593613E+01 -3.2679902E+00  5.6998605E-01  3.2436746E+00 
      1012     -6.5946111E+00 -4.3240380E-01 -3.3942651E-01 -1.3187184E-01 -4.3347283E-02  2.1421666E-01 
      1012 SSD  2.0605344E+02 -1.5427149E+01  2.3322342E+00 -2.5379975E+00  3.3257951E+00 -1.5182354E+00 
      1013     -6.5161533E+00 -3.0625940E-01 -2.9014287E-01  1.2556531E-01 -3.4948295E-01 -7.7649585E-01 
      1013 SSD  2.0552742E+02 -1.3905464E+01  2.6018695E+00 -2.6286638E+00 -3.4668253E+00  5.3274220E+00 
      1014     -6.4610499E+00 -3.2142745E-01 -2.7520709E-01  1.5049077E-01 -1.9626012E-01 -1.2506608E+00 
      1014 SSD  2.0483446E+02 -1.1367739E+01  2.8889112E+00 -1.7691885E-01 -1.9548074E+00  2.4431415E+01 
      1015     -6.3372355E+00 -2.0095289E-01 -2.6615514E-01  2.7033679E-01 -1.4901757E-01 -1.4764294E+00 
      1015 SSD  2.0544312E+02 -8.4171020E+00  2.9489847E+00  1.6128412E+00 -2.5435183E+00  4.2436802E+01 
      1016     -6.2670241E+00 -1.3456113E-01 -2.7407092E-01  2.0229137E-01  4.1847625E-03 -1.3517308E+00 
      1016 SSD  2.0556834E+02 -5.8196198E+00  2.8972653E+00  1.8541472E+00 -9.9630458E-01  5.6014370E+01 
      1017     -6.2200302E+00 -8.9934443E-02 -2.9078361E-01  1.0646423E-01  1.4372888E-01 -9.8291532E-01 
      1017 SSD  2.0582528E+02 -3.5671695E+00  2.7415440E+00  1.5432131E+00 -4.2068914E-02  6.2767847E+01 
      1018     -6.2347082E+00 -1.0566078E-01 -3.0702133E-01 -1.7134834E-02  2.2572020E-01 -4.9676289E-01 
      1018 SSD  2.0566188E+02 -1.8955327E+00  2.6098902E+00  8.0638920E-01  6.2994113E-01  6.1618771E+01 
      1019     -6.2828673E+00 -1.5488797E-01 -3.1563184E-01 -1.6042546E-01  2.6277786E-01 -3.3952576E-02 
      1019 SSD  2.0557019E+02 -6.2669999E-01  2.5337940E+00  2.2689866E-01  1.5482166E+00  5.1183933E+01 
      1020     -6.3870170E+00 -2.1984958E-01 -3.0437465E-01 -2.2942838E-01  1.6648392E-01  2.1584605E-01 
      1020 SSD  2.0495351E+02  6.4504113E-01  2.6808443E+00 -8.1648020E-01  7.8668489E-01  3.3055722E+01 
      1021     -6.3301469E+00 -2.6756142E-01 -2.9266561E-01 -2.5388126E-01  1.3377306E-01  1.4889728E-01 
      1021 SSD  2.0650642E+02  1.7323885E+00  2.7461197E+00 -9.5017024E-01  2.8602049E+00  1.1548755E+01 
      1022     -6.4743480E+00 -2.8422327E-01 -2.4154143E-01 -1.6798478E-01  1.0465098E-02 -1.9391127E-01 
      1022 SSD  2.0536802E+02  3.4630757E+00  3.2995145E+00 -2.9736271E+00 -2.9022043E-01 -3.6569391E+00 
      1023     -6.4863645E+00 -2.6535324E-01 -2.5916983E-01 -4.6405430E-02 -1.3080420E-01 -8.2057169E-02 
      1023 SSD  2.0436650E+02  3.7703440E+00  1.8524036E+00 -2.8258276E+00  7.9597537E+00  1.1207064E-01 
      1024     -6.4360042E+00 -2.5853125E-01 -3.2915762E-01  2.2562219E-01 -4.6490275E-01  1.8384791E-01 
      1024 SSD  2.0403744E+02  3.9157233E+00 -9.5233887E-01  2.2661128E-01  2.5728947E+01  1.4195751E+00 
      1025     -6.3743325E+00 -2.5721097E-01 -4.1078224E-01  2.9638561E-01 -8.1799061E-01  2.9334140E-01 
      1025 SSD  2.0395749E+02  3.9719168E+00 -3.5691547E+00  1.5064402E+00  4.3240288E+01  1.7995428E+00 
      1026     -6.3224294E+00 -2.6690985E-01 -4.9170245E-01  2.6874065E-01 -1.0769722E+00  3.0717155E-01 
      1026 SSD  2.0396665E+02  3.8897189E+00 -6.2293027E+00  2.1088700E+00  5.5218474E+01  1.3478984E+00 
      1027     -6.3166130E+00 -2.8352778E-01 -5.3584173E-01  1.5728045E-01 -1.2009919E+00  2.0521631E-01 
      1027 SSD  2.0386585E+02  3.7315594E+00 -8.4972135E+00  1.8209379E+00  5.9484480E+01  5.7731506E-01 
      1028     -6.3492071E+00 -3.0014065E-01 -5.3424934E-01  1.3580656E-02 -1.1568940E+00  5.6717242E-02 
      1028 SSD  2.0347002E+02  3.6021172E+00 -1.0260872E+01  8.7562089E-01  5.6589404E+01 -3.9679561E-01 
      1029     -6.4272213E+00 -3.0730069E-01 -4.9327254E-01 -1.4628184E-01 -9.2631845E-01 -8.9928066E-02 
      1029 SSD  2.0305226E+02  3.5547015E+00 -1.1560976E+01  1.0233486E-02  4.6807517E+01 -1.8467158E+00 
      1030     -6.5571262E+00 -2.9391056E-01 -4.1338747E-01 -2.4092050E-01 -5.7617027E-01 -2.0398300E-01 
      1030 SSD  2.0229111E+02  3.6766423E+00 -1.2689593E+01 -1.0312998E+00  3.1367715E+01 -1.7727264E+00 
      1031     -6.6143873E+00 -2.7706057E-01 -3.9692652E-01 -3.3801490E-01 -2.1397610E-01 -3.4331235E-01 
      1031 SSD  2.0278798E+02  3.8069607E+00 -1.3954196E+01 -8.8569050E-01  1.1527320E+01 -3.4978514E+00 
      1032     -6.8336526E+00 -3.8001586E-01 -3.7369211E-01 -4.0516730E-02  1.2155470E-01  7.9358601E-02 
      1032 SSD  2.0248094E+02 -1.5032573E+01 -1.4969953E+01 -2.7456574E+00 -8.3955344E+00 -2.1908577E-01 
      1033     -6.7276922E+00 -3.8741070E-01 -3.1007650E-01  2.3007192E-01  4.1860147E-01 -1.8552400E-01 
      1033 SSD  2.0272096E+02 -1.5169771E+01 -1.2244303E+01  2.2783351E-01 -2.7236134E+01 -1.4398830E+00 
      1034     -6.6087353E+00 -3.8898513E-01 -2.2669590E-01  3.0123177E-01  7.3385850E-01 -2.9217578E-01 
      1034 SSD  2.0326180E+02 -1.5221755E+01 -9.6194201E+00  1.5628475E+00 -4.5760941E+01 -1.7755049E+00 
      1035     -6.5035650E+00 -3.8015933E-01 -1.4563019E-01  2.7032384E-01  9.5748154E-01 -3.0594900E-01 
      1035 SSD  2.0386296E+02 -1.5148224E+01 -6.9750535E+00  2.1619619E+00 -5.8306101E+01 -1.2652499E+00 
      1036     -6.4417212E+00 -3.6339667E-01 -1.0019817E-01  1.5654349E-01  1.0636466E+00 -1.9017436E-01 
      1036 SSD  2.0439745E+02 -1.4990842E+01 -4.7080096E+00  1.8638921E+00 -6.2556029E+01 -4.1616218E-01 
      1037     -6.4269920E+00 -3.4770756E-01 -1.0447634E-01  1.0242719E-02  1.0183627E+00 -5.4080717E-02 
      1037 SSD  2.0454904E+02 -1.4870728E+01 -2.9841700E+00  8.7102462E-01 -5.9261668E+01  4.6220245E-01 
      1038     -6.4492925E+00 -3.3884641E-01 -1.4275824E-01 -1.5132712E-01  8.2285872E-01  1.1663272E-01 
      1038 SSD  2.0481646E+02 -1.4804306E+01 -1.6759404E+00 -1.4037313E-03 -4.8553336E+01  2.2538073E+00 
      1039     -6.5155866E+00 -3.5104215E-01 -2.2551080E-01 -2.3902688E-01  5.2757538E-01  2.2642697E-01 
      1039 SSD  2.0476425E+02 -1.4916317E+01 -5.8069365E-01 -1.0534402E+00 -3.2183054E+01  1.9460489E+00 
      1040     -6.5147307E+00 -3.6538231E-01 -2.3385158E-01 -3.5503419E-01  1.8980123E-01  3.4409523E-01 
      1040 SSD  2.0579266E+02 -1.5053167E+01  6.5067579E-01 -1.0282641E+00 -1.1856117E+01  3.4489677E+00 
      1041      4.0374394E+01 -4.8470903E-01 -3.5662372E-01 -2.5157025E-03  4.6528657E-01  8.3633011E+00 
      1041 SSD -1.9541007E+02 -7.0284404E+00 -1.4217408E+01 -2.1094240E-01  4.5041495E+00 -1.9358072E+01 
      1042      1.3466206E+02 -4.2837258E-01 -3.4870583E-01 -1.1298763E-03  6.5873745E-01  1.0751390E+01 
      1042 SSD -2.6487737E+02 -6.5067248E+00 -1.2324270E+01 -1.9235261E-01  6.6950006E+00  5.9536804E+00 
      1043      2.3346805E+02 -3.8370788E-01 -3.4027795E-01 -1.0225557E-03  5.8870052E-01  9.3322687E+00 
      1043 SSD -1.4052612E+02 -6.1126234E+00 -1.0431236E+01 -1.9135141E-01  7.7156574E+00  2.0529276E+01 
      1044      3.0577156E+02 -3.5001345E-01 -3.3043862E-01 -9.8290350E-04  3.6722297E-01  5.3768929E+00 
      1044 SSD  6.8390566E+01 -5.8363622E+00 -8.5328365E+00 -1.9067358E-01  7.6488147E+00  2.2970036E+01 
      1045      3.3198125E+02 -3.2266687E-01 -3.1972160E-01 -9.7425712E-04  7.2389060E-03 -5.0063801E-02 
      1045 SSD  1.8252391E+02 -5.6280881E+00 -6.6295188E+00 -1.9054657E-01  7.2132495E-01 -1.5045077E-01 
      1046      3.0485367E+02 -2.9522209E-01 -3.0912616E-01 -9.8968117E-04 -3.5732539E-01 -5.4644103E+00 
      1046 SSD  6.5615240E+01 -5.4172321E+00 -4.7269189E+00 -1.9089628E-01 -6.3090531E+00 -2.3299354E+01 
      1047      2.3194725E+02 -2.6121193E-01 -2.9955268E-01 -1.0344363E-03 -5.9059183E-01 -9.3675888E+00 
      1047 SSD -1.4592215E+02 -5.1331728E+00 -2.8291616E+00 -1.9187741E-01 -6.6858758E+00 -2.0795798E+01 
      1048      1.3312081E+02 -2.1586466E-01 -2.9144589E-01 -1.1409103E-03 -6.7059101E-01 -1.0719090E+01 
      1048 SSD -2.7204052E+02 -4.7254015E+00 -9.3335413E-01 -1.9354305E-01 -6.1339595E+00 -6.0652934E+00 
      1049      3.9430535E+01 -1.5843248E-01 -2.8368610E-01 -2.6619304E-03 -4.8142283E-01 -8.2740537E+00 
      1049 SSD -2.0167057E+02 -4.1850389E+00  9.7424415E-01 -2.1447044E-01 -4.4434210E+00  1.9688663E+01 
      1050      3.0512944E+02 -3.3201856E-01 -2.9427319E-01 -9.7300808E-04  5.4491447E+00  3.1146445E-01 
      1050 SSD  5.9771572E+01 -7.5434925E+00 -6.4434264E+00 -1.9038845E-01  2.3869120E+01  6.8304364E+00 
      1051      2.3215413E+02 -3.4079441E-01 -2.6234327E-01 -1.0205642E-03  9.3836354E+00  5.0297132E-01 
      1051 SSD -1.5696705E+02 -9.4503721E+00 -6.1853195E+00 -1.9042720E-01  2.1134656E+01  6.7888488E+00 
      1052      1.3299450E+02 -3.4906044E-01 -2.1945242E-01 -1.1852561E-03  1.0763583E+01  5.0218386E-01 
      1052 SSD -2.8513270E+02 -1.1341103E+01 -5.8077789E+00 -1.9130946E-01  6.0331163E+00  5.3151855E+00 
      1053      3.9139522E+01 -3.5745307E-01 -1.6547264E-01 -2.2206470E-03  8.2808590E+00  2.4438392E-01 
      1053 SSD -2.1042107E+02 -1.3216065E+01 -5.3063459E+00 -2.0573907E-01 -2.0403448E+01  2.7058608E+00 
      1054      2.0735773E+02 -3.5630619E-01 -2.8191420E-01 -1.1710428E-03  8.7406441E+00  4.2008646E+00 
      1054 SSD -2.5892044E+02 -9.5282384E+00 -8.1779596E+00 -1.9226478E-01  1.5975896E+01  1.1971472E+01 
      1055      1.5176711E+02 -3.7771377E-01 -3.1124632E-01 -7.9867934E-04  6.7991809E+00  6.8238034E+00 
      1055 SSD -3.5217963E+02 -9.6695614E+00 -1.0281079E+01 -1.8894016E-01  6.4429886E+00  6.2559457E+00 
      1056      8.0525911E+01 -4.0784353E-01 -3.3909676E-01  2.9046107E-05  4.0585149E+00  7.5069029E+00 
      1056 SSD -3.5030511E+02 -9.9029157E+00 -1.2379405E+01 -1.8084926E-01 -2.5993879E+00 -6.2925035E+00 
      1057      1.8081773E+01 -4.4571893E-01 -3.4956958E-01  3.1482933E-03  1.2844071E+00  5.2416074E+00 
      1057 SSD -1.8589000E+02 -1.0216270E+01 -1.4314685E+01 -1.6493135E-01 -7.1594779E+00 -2.5707607E+01 
      1058      2.0776094E+02 -3.8656431E-01 -3.2762152E-01 -7.1201432E-04  4.2842949E+00  8.7409870E+00 
      1058 SSD -2.5249963E+02 -7.9524691E+00 -1.0379190E+01 -1.8802222E-01  1.2958582E+01  1.5669160E+01 
      1059      2.7706067E+02 -3.5604099E-01 -3.0883426E-01 -9.5814734E-04  5.2685488E+00  5.2054567E+00 
      1059 SSD -7.8090321E+01 -7.7138343E+00 -8.3858980E+00 -1.9032925E-01  2.0713035E+01  1.9839577E+01 
      1060      1.1590228E+02 -4.2744811E-01 -3.4494464E-01 -6.7569838E-05  2.7558284E+00  9.8618195E+00 
      1060 SSD -3.3208302E+02 -8.2995834E+00 -1.2366895E+01 -1.8127393E-01  5.3770291E+00  1.3557617E+00 
      1061      3.1516702E+01 -4.7831988E-01 -3.5311983E-01  1.0785370E-03  1.0347500E+00  7.3074599E+00 
      1061 SSD -2.1798767E+02 -8.7498970E+00 -1.4265731E+01 -1.7879257E-01 -2.0445272E-01 -2.3351865E+01 
      1062      1.9856211E+01 -3.6858403E-01 -2.5900769E-01 -7.2637134E-03  5.1247680E+00  1.2143481E+00 
      1062 SSD -1.7496036E+02 -1.3149806E+01 -9.8707591E+00 -2.4622196E-01 -2.7058079E+01 -7.9462070E+00 
      1063      8.1144871E+01 -3.6585869E-01 -2.8825643E-01 -1.8821267E-03  7.3902133E+00  4.0620609E+00 
      1063 SSD -3.4881475E+02 -1.1352145E+01 -1.0110146E+01 -1.9938230E-01 -6.8615970E+00 -2.8644985E+00 
      1064      3.2140793E+01 -3.6321149E-01 -1.9976302E-01 -5.0944689E-03  7.2329850E+00  8.2735915E-01 
      1064 SSD -2.1764278E+02 -1.3182020E+01 -7.4508115E+00 -2.3182359E-01 -2.4369737E+01 -1.9143783E+00 
      1065      1.1575553E+02 -3.5548904E-01 -2.4562805E-01 -1.8825037E-03  9.7986583E+00  2.6091973E+00 
      1065 SSD -3.3880108E+02 -1.1322181E+01 -7.8673765E+00 -1.9895194E-01  1.0427818E+00  4.0795580E+00 
      1066     -4.4980243E+00 -3.7422103E-01 -3.5409029E-01  1.3038537E-03  4.3108691E-01  7.0761807E-01 
      1066 SSD  6.2480755E+01 -1.3011791E+01 -1.4586311E+01 -1.6784866E-01 -1.8552186E+01 -1.5590175E+01 
      1067      5.8346751E+00 -3.7267189E-01 -3.1889183E-01 -5.1197669E-03  2.5391208E+00  1.2049387E+00 
      1067 SSD -7.7460762E+01 -1.3100396E+01 -1.2306493E+01 -2.2079799E-01 -2.5952573E+01 -1.3175025E+01 
      1068      4.2574170E+00 -3.9866582E-01 -3.4963028E-01  3.0755022E-03  1.1197610E+00  2.7446517E+00 
      1068 SSD -9.0621140E+01 -1.1600350E+01 -1.4407040E+01 -1.6756705E-01 -1.3243688E+01 -2.3697905E+01 
      1069      3.8814766E+01 -3.8111098E-01 -3.3022620E-01 -1.1509908E-03  4.1628179E+00  4.3062751E+00 
      1069 SSD -2.7416413E+02 -1.1447017E+01 -1.2358336E+01 -1.9215053E-01 -1.3003264E+01 -1.2284081E+01 
      1070      3.5063340E+01 -2.4723856E-01 -2.7742644E-01 -5.4268179E-03  9.0606605E-01 -6.4389856E+00 
      1070 SSD -7.1261804E+01 -8.7760759E+00  8.1910165E-01 -2.3158802E-01 -1.0786751E+01  1.7401995E+01 
      1071      1.0486816E+02 -2.8139019E-01 -2.7758097E-01 -1.5822618E-03  3.6236153E+00 -7.5413619E+00 
      1071 SSD -1.7248110E+02 -9.0801924E+00 -9.8708836E-01 -1.9749994E-01 -4.8729504E+00  4.9236145E+00 
      1072      1.7299468E+02 -3.0765345E-01 -2.6509762E-01 -8.1001482E-04  6.4128126E+00 -6.3223000E+00 
      1072 SSD -1.6946063E+02 -9.2730076E+00 -2.6521372E+00 -1.8873312E-01  5.3420909E+00 -4.1909497E+00 
      1073      2.1966244E+02 -3.2620382E-01 -2.5749274E-01 -7.7363290E-04  8.5398356E+00 -3.3510695E+00 
      1073 SSD -1.3060451E+02 -9.3833401E+00 -4.3518436E+00 -1.8776574E-01  1.6982793E+01 -3.2957631E+00 
      1074      1.2992577E+02 -2.4085023E-01 -2.8667100E-01 -1.6211486E-03  1.6407740E+00 -9.9028889E+00 
      1074 SSD -2.1545705E+02 -6.8089924E+00 -9.8096595E-01 -1.9911365E-01 -4.2461508E+00 -3.5377859E+00 
      1075      4.1186571E+01 -1.9125308E-01 -2.7925417E-01 -5.0608851E-03  2.3557649E-01 -7.9983139E+00 
      1075 SSD -1.4825821E+02 -6.3410384E+00  9.1220202E-01 -2.3295070E-01 -7.3708381E+00  1.7779074E+01 
      1076      2.2003758E+02 -2.7961912E-01 -2.8559950E-01 -1.0955810E-03  3.3337138E+00 -8.4571891E+00 
      1076 SSD -1.2209050E+02 -7.1490582E+00 -2.7752073E+00 -1.9247028E-01  3.8395609E+00 -1.5950470E+01 
      1077      2.8429361E+02 -3.0853354E-01 -2.8676723E-01 -9.5369041E-04  4.7187418E+00 -4.7261135E+00 
      1077 SSD  2.6583768E+01 -7.3773299E+00 -4.5773000E+00 -1.9032378E-01  1.5002247E+01 -1.4337202E+01 
      1078      1.9372197E+01 -3.3883976E-01 -2.4250573E-01  3.7119430E-03  4.1258756E+00 -1.2861238E+00 
      1078 SSD -9.2871065E+00 -1.3411644E+01 -7.3597278E-01 -1.4671897E-01 -1.5216772E+01  1.2280387E+01 
      1079      6.3999340E+01 -3.2658833E-01 -2.6031306E-01 -1.7463342E-04  4.6369272E+00 -4.3727473E+00 
      1079 SSD -1.1468165E+02 -1.1389491E+01 -9.0291225E-01 -1.8302746E-01 -8.8090392E+00  1.1539681E+01 
      1080      5.2531951E+00 -3.3620214E-01 -2.6526235E-01  2.2855506E-03  1.5870288E+00 -1.1498292E+00 
      1080 SSD  1.1033087E+02 -1.3590861E+01  6.9449066E-01 -1.3738430E-01 -9.6664840E+00  1.4474231E+01 
      1081      2.1985484E+01 -3.1842197E-01 -2.6773406E-01 -2.9166927E-03  1.4548779E+00 -3.9177354E+00 
      1081 SSD  1.8528392E+01 -1.1367071E+01  7.3562807E-01 -1.9436320E-01 -1.0636689E+01  1.7515126E+01 
      1082      3.1858355E+01 -3.4720208E-01 -1.9587457E-01  3.7981244E-03  6.5016610E+00 -9.5274572E-01 
      1082 SSD -1.0353337E+02 -1.3316213E+01 -2.0816056E+00 -1.5086392E-01 -1.7047296E+01  1.0046023E+01 
      1083      1.0321900E+02 -3.3680798E-01 -2.3426583E-01  2.4615504E-04  7.7764654E+00 -3.5394586E+00 
      1083 SSD -1.9025809E+02 -1.1394046E+01 -2.4170921E+00 -1.7737976E-01 -2.5705996E+00  5.8918874E+00 
      1084      3.9025647E+01 -3.5139209E-01 -1.6610754E-01  1.0422629E-03  8.0108672E+00 -4.2057515E-01 
      1084 SSD -1.7105335E+02 -1.3256640E+01 -3.5360764E+00 -1.7544327E-01 -1.8079482E+01  5.8431757E+00 
      1085      1.2843505E+02 -3.4372280E-01 -2.1715093E-01 -2.6610122E-04  1.0032844E+01 -1.7448179E+00 
      1085 SSD -2.3510016E+02 -1.1375503E+01 -4.0049309E+00 -1.8169630E-01  4.5667844E+00  3.7993937E+00 
      1086      3.9895535E+01 -2.8683316E-01 -4.7196248E-01 -1.2910294E-03 -8.2792702E+00 -2.5178253E-01 
      1086 SSD -1.9039988E+02  1.9607351E+00 -7.9169380E+00 -1.9597898E-01  1.9238588E+01 -2.4048825E+00 
      1087      1.3358448E+02 -2.9591945E-01 -4.1872672E-01 -9.4254576E-04 -1.0734611E+01 -5.4923527E-01 
      1087 SSD -2.5899825E+02  8.0260696E-02 -7.4279348E+00 -1.8916707E-01 -6.1583990E+00 -5.1762121E+00 
      1088      2.3249442E+02 -3.0453543E-01 -3.7647136E-01 -1.0383487E-03 -9.3582586E+00 -5.8209843E-01 
      1088 SSD -1.3388566E+02 -1.8095922E+00 -7.0621290E+00 -1.9076213E-01 -2.0392282E+01 -6.8662728E+00 
      1089      3.0527114E+02 -3.1336689E-01 -3.4499561E-01 -9.3349387E-04 -5.4307293E+00 -4.0654742E-01 
      1089 SSD  7.2993644E+01 -3.7141611E+00 -6.8124118E+00 -1.9004922E-01 -2.2597146E+01 -7.0748717E+00 
      1090      1.2941162E+02 -3.0147407E-01 -4.2140461E-01 -1.0595519E-04 -1.0041628E+01  1.7135370E+00 
      1090 SSD -2.1145231E+02  1.0658485E-01 -9.2433391E+00 -1.8049701E-01 -4.8813311E+00 -3.4124128E+00 
      1091      1.0430606E+02 -3.0891907E-01 -4.0428470E-01  2.7785146E-04 -7.8072021E+00  3.5512055E+00 
      1091 SSD -1.7213127E+02  1.1371021E-01 -1.0841776E+01 -1.7873038E-01  2.1700851E+00 -5.1054242E+00 
      1092      6.4856838E+01 -3.1993283E-01 -3.7918716E-01 -4.6375077E-04 -4.6733228E+00  4.4140237E+00 
      1092 SSD -1.0393574E+02  9.4478671E-02 -1.2370896E+01 -1.8757172E-01  8.3336698E+00 -1.0746509E+01 
      1093      2.2360334E+01 -3.2960276E-01 -3.7247657E-01 -2.7924954E-03 -1.4791969E+00  3.9774641E+00 
      1093 SSD  2.1912757E+01  5.4780050E-02 -1.4014867E+01 -2.0421958E-01  1.0303327E+01 -1.6746523E+01 
      1094      3.2557981E+01 -2.9768723E-01 -4.4141420E-01  3.8432540E-03 -6.5533482E+00  9.7969901E-01 
      1094 SSD -9.2257226E+01  2.0528542E+00 -1.1165592E+01 -1.5140289E-01  1.5971165E+01 -9.3463244E+00 
      1095      3.9844247E+01 -2.9274311E-01 -4.7190674E-01  1.8417800E-03 -8.0362879E+00  4.2559558E-01 
      1095 SSD -1.5428267E+02  1.9994143E+00 -9.7044971E+00 -1.6716442E-01  1.6964147E+01 -5.3570204E+00 
      1096      1.9815982E+01 -3.0676136E-01 -3.9543496E-01  2.8553817E-03 -4.1808193E+00  1.3158626E+00 
      1096 SSD -4.1169460E+00  2.1334189E+00 -1.2536060E+01 -1.5289679E-01  1.4459597E+01 -1.1668619E+01 
      1097      5.3853454E+00 -3.1358892E-01 -3.7144590E-01  1.7789257E-04 -1.6131035E+00  1.1895365E+00 
      1097 SSD  1.1041839E+02  2.2967061E+00 -1.3991910E+01 -1.5168306E-01  9.3277353E+00 -1.3986692E+01 
      1098      2.2149030E+02 -3.6606845E-01 -3.5425080E-01 -1.1212959E-03 -3.3453269E+00  8.4363635E+00 
      1098 SSD -1.0807986E+02 -4.1133292E+00 -1.0490140E+01 -1.9251950E-01 -3.1142529E+00  1.6112106E+01 
      1099      1.7430774E+02 -3.3846431E-01 -3.7430385E-01 -8.3649210E-04 -6.4311382E+00  6.3167203E+00 
      1099 SSD -1.5066807E+02 -2.0004792E+00 -1.0613481E+01 -1.8878313E-01 -5.1346855E+00  4.7227682E+00 
      1100      2.8526935E+02 -3.3701784E-01 -3.5273330E-01 -9.2769296E-04 -4.7140653E+00  4.6509594E+00 
      1100 SSD  4.1151209E+01 -3.8843883E+00 -8.6835722E+00 -1.8998045E-01 -1.3923554E+01  1.4256624E+01 
      1101      2.2066689E+02 -3.1943220E-01 -3.8161174E-01 -7.9592080E-04 -8.5367853E+00  3.2955437E+00 
      1101 SSD -1.0817124E+02 -1.8842320E+00 -8.9048932E+00 -1.8806263E-01 -1.6459796E+01  3.4978653E+00 
      1102      4.1966193E+01 -4.5428789E-01 -3.6071131E-01 -5.1564208E-03 -2.5750436E-01  8.0843343E+00 
      1102 SSD -1.4149272E+02 -4.9111372E+00 -1.4161636E+01 -2.3274411E-01  7.3026790E+00 -1.7097567E+01 
      1103      1.3130434E+02 -4.0489068E-01 -3.5365570E-01 -1.7466244E-03 -1.6643111E+00  9.9408069E+00 
      1103 SSD -2.0394721E+02 -4.4508963E+00 -1.2285210E+01 -1.9979689E-01  4.5225386E+00  3.8911694E+00 
      1104      3.5644905E+01 -4.0027417E-01 -3.6308680E-01 -5.4450053E-03 -9.2859745E-01  6.5137649E+00 
      1104 SSD -6.5504993E+01 -2.4965102E+00 -1.4096206E+01 -2.2989493E-01  1.0530594E+01 -1.6596081E+01 
      1105      1.0601512E+02 -3.6534595E-01 -3.6253355E-01 -1.6004401E-03 -3.6502722E+00  7.5844495E+00 
      1105 SSD -1.5957865E+02 -2.1957306E+00 -1.2286883E+01 -1.9687747E-01  4.8133298E+00 -4.2034615E+00 
      1106      3.9651342E+00 -2.4413444E-01 -2.8929762E-01  3.8993951E-03 -1.0755232E+00 -2.7186680E+00 
      1106 SSD -8.7876136E+01  3.8978055E-01  1.1915845E+00 -1.5936878E-01  1.3557278E+01  2.2966368E+01 
      1107      3.8335253E+01 -2.6283117E-01 -3.0868340E-01 -6.3391898E-04 -4.0792187E+00 -4.3009115E+00 
      1107 SSD -2.6306599E+02  2.2036643E-01 -8.6012404E-01 -1.8759346E-01  1.3338148E+01  1.1217279E+01 
      1108      8.0765337E+01 -2.7861599E-01 -3.5025412E-01 -1.7747556E-03 -7.3023773E+00 -4.0954403E+00 
      1108 SSD -3.2874427E+02  1.1157309E-01 -3.1108891E+00 -1.9858257E-01  7.0874523E+00  2.0483479E+00 
      1109      1.1582148E+02 -2.8924143E-01 -3.9263821E-01 -1.7131445E-03 -9.7333091E+00 -2.6704246E+00 
      1109 SSD -3.1340961E+02  7.0745893E-02 -5.3601128E+00 -1.9737864E-01 -9.4478813E-01 -4.3685467E+00 
      1110      6.0706695E+00 -2.7315493E-01 -3.1990165E-01 -5.3472664E-03 -2.4698361E+00 -1.2196643E+00 
      1110 SSD -6.6605553E+01  1.8611031E+00 -8.9931963E-01 -2.2196260E-01  2.5694292E+01  1.2389575E+01 
      1111     -4.3144921E+00 -2.7194031E-01 -2.8417703E-01  6.8255756E-04 -3.7341954E-01 -7.1482804E-01 
      1111 SSD  6.6739303E+01  1.8000989E+00  1.3906395E+00 -1.7759656E-01  1.8724573E+01  1.4873263E+01 
      1112      2.0212755E+01 -2.7656404E-01 -3.7913254E-01 -6.1026940E-03 -5.0580998E+00 -1.2335459E+00 
      1112 SSD -1.5781388E+02  1.8997762E+00 -3.3363935E+00 -2.3591002E-01  2.6301646E+01  7.4084044E+00 
      1113      3.2710742E+01 -2.8120734E-01 -4.3794821E-01 -4.3482288E-03 -7.1947175E+00 -8.5408163E-01 
      1113 SSD -1.9711032E+02  1.9298430E+00 -5.7641096E+00 -2.2353253E-01  2.3284547E+01  1.7918306E+00 
      1114      1.1438391E+02 -2.1664703E-01 -2.9469170E-01 -2.2465630E-04 -2.7390720E+00 -9.8349702E+00 
      1114 SSD -3.3282637E+02 -2.9166264E+00 -8.7878185E-01 -1.8386675E-01 -4.6255661E+00 -1.9627433E+00 
      1115      7.9367144E+01 -2.3654873E-01 -3.0007703E-01  4.0695606E-04 -4.0021811E+00 -7.4849347E+00 
      1115 SSD -3.4400796E+02 -1.3155520E+00 -8.5224485E-01 -1.7714941E-01  3.3226477E+00  5.3265330E+00 
      1116      3.0579653E+01 -1.6501145E-01 -2.8690761E-01  7.4637335E-04 -1.0224384E+00 -7.2165517E+00 
      1116 SSD -2.2209726E+02 -2.4420704E+00  1.0258485E+00 -1.8357947E-01  4.9596615E-01  2.3279184E+01 
      1117      1.7391921E+01 -1.9827433E-01 -2.8906893E-01  3.9334047E-03 -1.2497286E+00 -5.1708066E+00 
      1117 SSD -1.8642292E+02 -9.8264404E-01  1.0863432E+00 -1.5675825E-01  7.5871667E+00  2.5240079E+01 
      1118      2.7629043E+02 -2.8907298E-01 -3.3044933E-01 -9.4549341E-04 -5.2444620E+00 -5.2976353E+00 
      1118 SSD -6.8037441E+01 -3.5354146E+00 -4.8665474E+00 -1.9042684E-01 -1.9403584E+01 -2.0303638E+01 
      1119      2.0632343E+02 -2.5814041E-01 -3.1180863E-01 -7.6880468E-04 -4.2641564E+00 -8.7858859E+00 
      1119 SSD -2.4744292E+02 -3.2832719E+00 -2.8703968E+00 -1.8907659E-01 -1.1828555E+01 -1.6294702E+01 
      1120      2.0690259E+02 -2.8870517E-01 -3.5690642E-01 -1.1745012E-03 -8.6958418E+00 -4.2869583E+00 
      1120 SSD -2.3824094E+02 -1.7212282E+00 -5.0628956E+00 -1.9249914E-01 -1.5080727E+01 -1.2424967E+01 
      1121      1.5069276E+02 -2.6698666E-01 -3.2772903E-01 -7.9451182E-04 -6.7426138E+00 -6.8666975E+00 
      1121 SSD -3.3740280E+02 -1.5662141E+00 -2.9545533E+00 -1.8908299E-01 -5.5361137E+00 -7.0705189E+00 

