      NODE            V1             V2             V3             VR1            VR2            VR3
      1001     -6.3065351E+00 -7.4427837E-01 -1.6378240E+00 -6.1622284E-01  7.2665422E-02 -5.6485499E-01 
      1001 SSD  1.7097884E+02  2.3087719E+00 -1.8461778E+01 -3.9584156E+00 -2.6917454E+00  3.9303715E-01 
      1002     -6.1618609E+00 -1.2246714E+00 -1.7936871E+00  3.4861228E-01  1.1751234E+00  2.2823023E+00 
      1002 SSD  1.7093379E+02 -3.2764205E-01 -1.9059943E+01 -1.9942473E+00  5.9232666E+00  2.6664240E-01 
      1003     -6.0726431E+00 -1.2289891E+00 -1.8377545E+00  4.8110476E-01  6.8520852E-01  3.1266322E+00 
      1003 SSD  1.7062672E+02 -2.8217052E+00 -1.9441779E+01  1.1915882E+00  3.4421285E+00 -1.5298393E+01 
      1004     -5.7498273E+00 -1.7037201E+00 -1.8647101E+00  8.7387501E-01  5.4951896E-01  3.1428807E+00 
      1004 SSD  1.7202184E+02 -6.5801330E+00 -1.9550146E+01  3.4614136E+00  3.6166244E+00 -3.1788152E+01 
      1005     -5.6024913E+00 -1.9887786E+00 -1.8383269E+00  7.1633907E-01  4.0941447E-02  2.2431649E+00 
      1005 SSD  1.7259684E+02 -9.7179685E+00 -1.9448648E+01  3.4646915E+00  9.1491848E-01 -4.6260773E+01 
      1006     -5.5393767E+00 -2.1687940E+00 -1.7787549E+00  4.3632085E-01 -4.2544934E-01  9.3278683E-01 
      1006 SSD  1.7306481E+02 -1.2158603E+01 -1.9154366E+01  2.5728665E+00 -1.0568302E+00 -5.5386474E+01 
      1007     -5.6608550E+00 -2.1730995E+00 -1.7190288E+00 -5.2756225E-02 -7.2631453E-01 -4.5730422E-01 
      1007 SSD  1.7270381E+02 -1.3680663E+01 -1.8872853E+01  5.3956841E-01 -2.3342589E+00 -5.7669545E+01 
      1008     -5.8904855E+00 -2.0748895E+00 -1.6900684E+00 -4.8498658E-01 -8.8619826E-01 -1.4859679E+00 
      1008 SSD  1.7213813E+02 -1.4676496E+01 -1.8730691E+01 -1.0363746E+00 -3.5057839E+00 -5.0669771E+01 
      1009     -6.3192820E+00 -1.8704210E+00 -1.7226556E+00 -6.9915284E-01 -5.4833134E-01 -1.6273287E+00 
      1009 SSD  1.7069192E+02 -1.5405479E+01 -1.8939586E+01 -2.4067025E+00 -2.0393462E+00 -3.4385844E+01 
      1010     -6.2051066E+00 -1.7514670E+00 -1.7570177E+00 -9.0871059E-01 -4.4036864E-01 -8.1738387E-01 
      1010 SSD  1.7240403E+02 -1.6061056E+01 -1.9084038E+01 -2.9425615E+00 -3.4395744E+00 -1.2625341E+01 
      1011     -6.7340434E+00 -1.7973433E+00 -1.9372098E+00 -6.3299234E-01  2.0859604E-02  6.7589937E-01 
      1011 SSD  1.7038796E+02 -1.8023060E+01 -2.0047873E+01 -4.5398047E+00  5.9519955E-01  4.6133569E+00 
      1012     -5.6294168E+00 -2.0262778E+00 -1.1986395E+00 -5.1995689E-01 -2.9685163E-03  6.0229028E-01 
      1012 SSD  1.7603074E+02 -1.9114356E+01 -5.6723917E-01 -3.6029428E+00  3.1277554E+00 -4.5323120E-02 
      1013     -5.4074161E+00 -1.5831593E+00 -1.0320319E+00  2.7863482E-01 -1.2021309E+00 -2.2101243E+00 
      1013 SSD  1.7602942E+02 -1.6680333E+01  6.9435965E-02 -1.8537848E+00 -6.1254525E+00  2.1989484E-02 
      1014     -5.2530201E+00 -1.5517150E+00 -9.7489836E-01  4.6193304E-01 -6.7893877E-01 -2.8843729E+00 
      1014 SSD  1.7574367E+02 -1.4199339E+01  4.7327793E-01  9.4903477E-01 -3.4657734E+00  1.6540424E+01 
      1015     -4.8474181E+00 -1.0832742E+00 -9.4402684E-01  9.0181948E-01 -5.5805575E-01 -2.7738210E+00 
      1015 SSD  1.7725563E+02 -1.0336178E+01  6.0033610E-01  3.6637810E+00 -3.7318954E+00  3.3721383E+01 
      1016     -4.6253220E+00 -7.9859548E-01 -9.7039840E-01  7.0109470E-01 -5.8278127E-02 -1.7303542E+00 
      1016 SSD  1.7789496E+02 -7.2265206E+00  4.8782523E-01  3.4137687E+00 -1.0618277E+00  4.8829942E+01 
      1017     -4.4759112E+00 -5.8812664E-01 -1.0264924E+00  4.0375310E-01  4.2089502E-01 -2.8802670E-01 
      1017 SSD  1.7848633E+02 -4.6234916E+00  2.0661992E-01  2.4035836E+00  9.7198828E-01  5.8466259E+01 
      1018     -4.5194240E+00 -5.8388411E-01 -1.0817663E+00 -7.6523584E-04  7.2515635E-01  1.0923937E+00 
      1018 SSD  1.7822430E+02 -3.0525252E+00 -4.9907062E-02  7.4190562E-01  2.3098109E+00  6.0593117E+01 
      1019     -4.6677184E+00 -7.0398563E-01 -1.1120419E+00 -4.7938665E-01  8.8385952E-01  2.0210978E+00 
      1019 SSD  1.7778053E+02 -2.1468715E+00 -1.9386668E-01 -9.3252234E-01  3.5473441E+00  5.2948759E+01 
      1020     -5.0107150E+00 -8.7751099E-01 -1.0729176E+00 -7.4391242E-01  5.6211507E-01  2.0179156E+00 
      1020 SSD  1.7640775E+02 -1.3686046E+00  3.1986180E-02 -2.5225310E+00  2.0789907E+00  3.5866261E+01 
      1021     -4.7910949E+00 -1.0021277E+00 -1.0330474E+00 -8.3472161E-01  5.3827551E-01  9.3062346E-01 
      1021 SSD  1.7833898E+02 -6.3806929E-01  1.8879460E-01 -2.8720574E+00  3.9413013E+00  1.3071033E+01 
      1022     -5.2685395E+00 -1.0060776E+00 -8.5641113E-01 -6.4560824E-01  1.4653249E-02 -7.4870570E-01 
      1022 SSD  1.7621759E+02  9.7962005E-01  1.1064581E+00 -4.2976789E+00 -2.5229049E-01 -5.1656764E+00 
      1023     -5.3562962E+00 -9.3379150E-01 -9.4585208E-01 -2.6968444E-01 -8.9859203E-02 -2.4842554E-01 
      1023 SSD  1.7505278E+02  1.4399667E+00 -4.4522033E-01 -3.3114167E+00  7.3321700E+00 -4.6565050E-01 
      1024     -5.2157462E+00 -9.0712484E-01 -1.2578088E+00  7.1907282E-01 -4.1510212E-01  6.4178070E-01 
      1024 SSD  1.7507093E+02  1.6396697E+00 -3.8129497E+00  1.9262582E+00  2.3384063E+01  2.8683318E+00 
      1025     -5.0345174E+00 -9.0061066E-01 -1.5943156E+00  9.8144239E-01 -7.7845230E-01  9.8893167E-01 
      1025 SSD  1.7541961E+02  1.7074042E+00 -7.0588891E+00  3.7389521E+00  3.9039988E+01  4.0260072E+00 
      1026     -4.8861553E+00 -9.3316013E-01 -1.9292011E+00  9.1733466E-01 -1.0241149E+00  1.0085641E+00 
      1026 SSD  1.7578009E+02  1.5512571E+00 -1.0341492E+01  4.1547679E+00  4.9690533E+01  3.6384461E+00 
      1027     -4.8847311E+00 -9.8940554E-01 -2.1326329E+00  5.6045508E-01 -1.1575860E+00  6.3771406E-01 
      1027 SSD  1.7569365E+02  1.2670785E+00 -1.2946731E+01  3.0323987E+00  5.3331034E+01  2.0494188E+00 
      1028     -5.0027244E+00 -1.0463512E+00 -2.1814260E+00  9.0973563E-02 -1.1580573E+00  1.3383881E-01 
      1028 SSD  1.7503960E+02  1.0095700E+00 -1.4708834E+01  1.0213076E+00  5.0603504E+01 -6.1332310E-02 
      1029     -5.2675441E+00 -1.0713968E+00 -2.0931122E+00 -4.3701089E-01 -9.4590151E-01 -3.4826935E-01 
      1029 SSD  1.7402386E+02  9.0437831E-01 -1.5714407E+01 -1.0418427E+00  4.1932104E+01 -2.5925228E+00 
      1030     -5.7055973E+00 -1.0255153E+00 -1.8693606E+00 -7.8226434E-01 -5.6707336E-01 -6.9425596E-01 
      1030 SSD  1.7228691E+02  1.1246999E+00 -1.6242845E+01 -2.8195128E+00  2.8287600E+01 -3.3337025E+00 
      1031     -5.8837868E+00 -9.6649676E-01 -1.8511396E+00 -1.0939557E+00 -2.5177452E-01 -1.1822575E+00 
      1031 SSD  1.7233498E+02  1.3846849E+00 -1.7384664E+01 -3.4118097E+00  1.0301405E+01 -6.1079870E+00 
      1032     -6.5816903E+00 -1.8448780E+00 -1.8162456E+00 -2.4713686E-01  4.2784031E-02  2.3468028E-01 
      1032 SSD  1.7044538E+02 -1.8343822E+01 -1.8259222E+01 -3.1870180E+00 -7.8593992E+00  3.3150668E-01 
      1033     -6.2292118E+00 -1.8728760E+00 -1.5258435E+00  7.3485091E-01  2.1020072E-01 -6.4761996E-01 
      1033 SSD  1.7149019E+02 -1.8539204E+01 -1.5013819E+01  1.9635298E+00 -2.5297887E+01 -2.9006845E+00 
      1034     -5.8295753E+00 -1.8797072E+00 -1.1826577E+00  9.9970487E-01  4.1383446E-01 -9.8459470E-01 
      1034 SSD  1.7292884E+02 -1.8603697E+01 -1.1744323E+01  3.8344817E+00 -4.2285132E+01 -3.9923182E+00 
      1035     -5.4765222E+00 -1.8497583E+00 -8.4743892E-01  9.2456169E-01  5.2056126E-01 -1.0002238E+00 
      1035 SSD  1.7432133E+02 -1.8461540E+01 -8.4757011E+00  4.2222960E+00 -5.3788893E+01 -3.5396905E+00 
      1036     -5.2623561E+00 -1.7930333E+00 -6.4083859E-01  5.5901501E-01  5.8778732E-01 -5.8361936E-01 
      1036 SSD  1.7532625E+02 -1.8176851E+01 -5.8641863E+00  3.0705007E+00 -5.7556921E+01 -1.7707361E+00 
      1037     -5.1946441E+00 -1.7390966E+00 -6.0246716E-01  8.0186128E-02  5.9552805E-01 -1.1602740E-01 
      1037 SSD  1.7561856E+02 -1.7934958E+01 -4.1638041E+00  9.9167817E-01 -5.4426703E+01  1.6278942E-01 
      1038     -5.2454202E+00 -1.7086180E+00 -6.8352563E-01 -4.5442304E-01  5.2674222E-01  4.4857838E-01 
      1038 SSD  1.7574434E+02 -1.7799401E+01 -3.1344719E+00 -1.0922981E+00 -4.4541878E+01  3.2121146E+00 
      1039     -5.4451204E+00 -1.7508955E+00 -9.1788353E-01 -7.7800872E-01  3.6094018E-01  7.7466961E-01 
      1039 SSD  1.7522603E+02 -1.8002362E+01 -2.6616806E+00 -2.8311160E+00 -2.9525632E+01  3.6828634E+00 
      1040     -5.4033553E+00 -1.8020083E+00 -9.1120591E-01 -1.1529866E+00  1.5478516E-01  1.1873388E+00 
      1040 SSD  1.7628477E+02 -1.8250621E+01 -1.4949700E+00 -3.6805463E+00 -1.0828915E+01  6.0726967E+00 
      1041      1.2157023E+02 -1.9451998E+00 -1.7326170E+00 -1.4473224E-02  1.5659711E+00  2.4831034E+01 
      1041 SSD  9.8019410E+01 -1.1076321E+01 -1.7357981E+01 -2.3199307E-01  7.8651250E+00  4.0460459E+01 
      1042      4.0600447E+02 -1.7509019E+00 -1.6521289E+00 -9.2689345E-03  2.1444172E+00  3.2820845E+01 
      1042 SSD  7.0650332E+02 -1.0127717E+01 -1.5393269E+01 -2.0209291E-01  1.1304394E+01  8.3560560E+01 
      1043      7.0784905E+02 -1.5974162E+00 -1.5700195E+00 -8.8730315E-03  1.8549771E+00  2.8541026E+01 
      1043 SSD  1.5431946E+03 -9.3952433E+00 -1.3425098E+01 -2.0023328E-01  1.1695708E+01  8.7715265E+01 
      1044      9.2819901E+02 -1.4822305E+00 -1.4832536E+00 -8.7150534E-03  1.0998523E+00  1.6298813E+01 
      1044 SSD  2.2706773E+03 -8.8638312E+00 -1.1441460E+01 -1.9921789E-01  9.9992042E+00  6.1289229E+01 
      1045      1.0074173E+03 -1.3891350E+00 -1.3936668E+00 -8.6763349E-03  4.4821530E-02 -1.8823214E-01 
      1045 SSD  2.5712481E+03 -8.4484328E+00 -9.4469145E+00 -1.9900115E-01  7.9724621E-01 -5.6484229E-01 
      1046      9.2475912E+02 -1.2955887E+00 -1.3045599E+00 -8.7359419E-03 -1.0290861E+00 -1.6627271E+01 
      1046 SSD  2.2603292E+03 -8.0295521E+00 -7.4541544E+00 -1.9947173E-01 -8.5462481E+00 -6.2339288E+01 
      1047      7.0212325E+02 -1.1789964E+00 -1.2188559E+00 -8.9167852E-03 -1.8334065E+00 -2.8679889E+01 
      1047 SSD  1.5252212E+03 -7.4875284E+00 -5.4735813E+00 -2.0082229E-01 -1.0651684E+01 -8.8281530E+01 
      1048      4.0013267E+02 -1.0226995E+00 -1.1379347E+00 -9.3226886E-03 -2.1705340E+00 -3.2708380E+01 
      1048 SSD  6.8651776E+02 -6.7356937E+00 -3.5055741E+00 -2.0332770E-01 -1.0818201E+01 -8.3414165E+01 
      1049      1.1790341E+02 -8.2408534E-01 -1.0577055E+00 -1.4980149E-02 -1.6206607E+00 -2.4493476E+01 
      1049 SSD  8.3855902E+01 -5.7596149E+00 -1.5280512E+00 -2.3646536E-01 -7.9242376E+00 -3.9385785E+01 
      1050      9.2570194E+02 -1.4751312E+00 -1.3073744E+00 -8.6584412E-03  1.6571310E+01  8.7458490E-01 
      1050 SSD  2.2568594E+03 -1.0446207E+01 -9.0684188E+00 -1.9881001E-01  6.2748283E+01  8.7044198E+00 
      1051      7.0287864E+02 -1.5587773E+00 -1.1983328E+00 -8.7970493E-03  2.8728808E+01  1.5363383E+00 
      1051 SSD  1.5165203E+03 -1.2430725E+01 -8.5685257E+00 -1.9915977E-01  8.8694560E+01  1.0091263E+01 
      1052      3.9980545E+02 -1.6401058E+00 -1.0509070E+00 -9.3356218E-03  3.2854287E+01  1.5925810E+00 
      1052 SSD  6.7363190E+02 -1.4394717E+01 -7.8657040E+00 -2.0122192E-01  8.3692884E+01  8.7490225E+00 
      1053      1.1700716E+02 -1.7213337E+00 -8.6466798E-01 -1.3202064E-02  2.4525090E+01  8.0417447E-01 
      1053 SSD  7.3789500E+01 -1.6343283E+01 -6.9544483E+00 -2.2381922E-01  3.8803130E+01  4.4443834E+00 
      1054      6.2731909E+02 -1.6104010E+00 -1.3185686E+00 -9.3292213E-03  2.6796708E+01  1.2785104E+01 
      1054 SSD  1.2390581E+03 -1.2625431E+01 -1.0718766E+01 -2.0215879E-01  7.9002433E+01  4.1914285E+01 
      1055      4.5775070E+02 -1.6826917E+00 -1.4734807E+00 -8.0596119E-03  2.0774053E+01  2.0835920E+01 
      1055 SSD  7.4675123E+02 -1.2928181E+01 -1.3055110E+01 -1.9605995E-01  5.5451603E+01  5.5431356E+01 
      1056      2.4099609E+02 -1.7857875E+00 -1.6240321E+00 -5.1944369E-03  1.2221787E+01  2.2779724E+01 
      1056 SSD  2.3454933E+02 -1.3389724E+01 -1.5377469E+01 -1.8173080E-01  2.6501388E+01  4.7957757E+01 
      1057      5.5097848E+01 -1.9166155E+00 -1.7149153E+00  4.9532849E-03  3.6198631E+00  1.5235331E+01 
      1057 SSD -4.9920121E+01 -1.3991604E+01 -1.7406666E+01 -1.4273735E-01  1.8053473E+00  1.1752006E+01 
      1058      6.2892540E+02 -1.6608101E+00 -1.5282905E+00 -7.7830430E-03  1.3096324E+01  2.6778640E+01 
      1058 SSD  1.2486493E+03 -1.1268147E+01 -1.3277430E+01 -1.9453462E-01  4.3545068E+01  7.8687371E+01 
      1059      8.4065053E+02 -1.5565842E+00 -1.4102696E+00 -8.6160880E-03  1.6079388E+01  1.5835006E+01 
      1059 SSD  1.9205673E+03 -1.0798355E+01 -1.1131012E+01 -1.9865953E-01  5.8314218E+01  5.6941712E+01 
      1060      3.4814875E+02 -1.8014996E+00 -1.6416692E+00 -5.5689102E-03  8.3810555E+00  3.0100306E+01 
      1060 SSD  5.0594548E+02 -1.1925634E+01 -1.5408238E+01 -1.8296123E-01  2.4976399E+01  7.2647064E+01 
      1061      9.4358781E+01 -1.9777313E+00 -1.7236057E+00 -2.2271031E-03  3.0668849E+00  2.1568070E+01 
      1061 SSD  1.2655297E+01 -1.2763643E+01 -1.7381617E+01 -1.7269396E-01  7.0494992E+00  2.8973419E+01 
      1062      6.1013476E+01 -1.7536057E+00 -1.2942450E+00 -3.0332884E-02  1.4825081E+01  3.3673489E+00 
      1062 SSD -2.5989356E+01 -1.6357473E+01 -1.2244329E+01 -3.0274405E-01  9.5610811E+00  4.9877824E-01 
      1063      2.4295819E+02 -1.6933632E+00 -1.3951639E+00 -1.1785349E-02  2.2391961E+01  1.2215177E+01 
      1063 SSD  2.4058099E+02 -1.4529968E+01 -1.2708552E+01 -2.1468149E-01  4.6521250E+01  2.6250774E+01 
      1064      9.6233729E+01 -1.7382956E+00 -1.0350863E+00 -2.2948761E-02  2.1296185E+01  2.3485091E+00 
      1064 SSD  1.7483169E+01 -1.6351081E+01 -9.3649744E+00 -2.7160813E-01  2.7419450E+01  3.8099392E+00 
      1065      3.4731803E+02 -1.6598631E+00 -1.1938451E+00 -1.1764187E-02  2.9887346E+01  7.8622303E+00 
      1065 SSD  4.9799721E+02 -1.4423229E+01 -1.0131886E+01 -2.1417478E-01  7.1852038E+01  2.2581147E+01 
      1066     -4.7920906E+00 -1.7661674E+00 -1.7394614E+00 -6.7124331E-04  6.3573875E-01  1.6067880E+00 
      1066 SSD  4.2523212E+01 -1.6258915E+01 -1.7718616E+01 -1.5902914E-01 -1.5947741E+01 -1.0932008E+01 
      1067      2.1839368E+01 -1.7645467E+00 -1.5573646E+00 -2.2794813E-02  6.9154514E+00  3.2062456E+00 
      1067 SSD -2.6687770E+01 -1.6337582E+01 -1.5149003E+01 -2.6113491E-01 -8.0765170E+00 -4.8541303E+00 
      1068      1.6443022E+01 -1.8047852E+00 -1.7187431E+00  4.7729765E-03  2.9368051E+00  7.6353703E+00 
      1068 SSD -5.1442369E+01 -1.5023963E+01 -1.7502058E+01 -1.4584983E-01 -5.5428945E+00 -4.3142186E+00 
      1069      1.1631679E+02 -1.7444083E+00 -1.5954262E+00 -9.2660280E-03  1.2325651E+01  1.2801760E+01 
      1069 SSD  1.1348438E+01 -1.4738740E+01 -1.5288915E+01 -2.0201139E-01  1.6865359E+01  1.8645717E+01 
      1070      1.1069238E+02 -1.2416607E+00 -1.0428786E+00 -2.3934164E-02  2.2620605E+00 -1.9036009E+01 
      1070 SSD  1.8719291E+02 -1.1046318E+01 -1.6376208E+00 -2.7399557E-01 -4.7167898E+00 -2.8368982E+01 
      1071      3.1943268E+02 -1.3593611E+00 -1.0956771E+00 -1.0788409E-02  1.0694074E+01 -2.2714615E+01 
      1071 SSD  5.8506315E+02 -1.1610486E+01 -3.4569436E+00 -2.1060791E-01  2.0909588E+01 -4.9211390E+01 
      1072      5.2484515E+02 -1.4484802E+00 -1.1041120E+00 -8.0799681E-03  1.9402201E+01 -1.9095923E+01 
      1072 SSD  1.0771198E+03 -1.2002913E+01 -5.0375402E+00 -1.9593311E-01  5.1370883E+01 -4.9604193E+01 
      1073      6.6548398E+02 -1.5105013E+00 -1.1294493E+00 -7.9410640E-03  2.6044123E+01 -1.0098090E+01 
      1073 SSD  1.4512898E+03 -1.2253630E+01 -6.6891627E+00 -1.9465007E-01  7.8371914E+01 -2.7456589E+01 
      1074      3.9254673E+02 -1.1640097E+00 -1.1242525E+00 -1.0978066E-02  4.6928151E+00 -3.0110656E+01 
      1074 SSD  7.2016772E+02 -9.0204237E+00 -3.5181333E+00 -2.1253017E-01  7.4109304E+00 -7.4845551E+01 
      1075      1.2551778E+02 -9.9305386E-01 -1.0457741E+00 -2.2913987E-02  3.3695476E-01 -2.3710695E+01 
      1075 SSD  1.5106441E+02 -8.1765933E+00 -1.5580128E+00 -2.7274948E-01 -5.9775124E+00 -3.9224970E+01 
      1076      6.6672988E+02 -1.2970647E+00 -1.1729582E+00 -9.1124996E-03  1.0034266E+01 -2.5767399E+01 
      1076 SSD  1.4620692E+03 -9.6546748E+00 -5.3148410E+00 -2.0186776E-01  2.7821658E+01 -7.6789870E+01 
      1077      8.6215576E+02 -1.3955885E+00 -1.2291515E+00 -8.5968911E-03  1.4340202E+01 -1.4367170E+01 
      1077 SSD  2.0724275E+03 -1.0102179E+01 -7.1358023E+00 -1.9861222E-01  4.8859502E+01 -4.8289801E+01 
      1078      6.5821458E+01 -1.6699287E+00 -9.7694307E-01  7.5538857E-03  1.2113136E+01 -3.4225871E+00 
      1078 SSD  1.4017999E+02 -1.6408363E+01 -2.9439396E+00 -1.1950581E-01  1.3953949E+01  3.4609626E+00 
      1079      1.9819639E+02 -1.5708708E+00 -1.0385474E+00 -5.8929465E-03  1.3785235E+01 -1.2878232E+01 
      1079 SSD  3.5190850E+02 -1.4274385E+01 -3.2447877E+00 -1.8562801E-01  2.4198411E+01 -1.9605180E+01 
      1080      2.7303166E+01 -1.6675689E+00 -1.0085742E+00  3.6492347E-03  4.5265539E+00 -3.0015519E+00 
      1080 SSD  1.6212286E+02 -1.6572343E+01 -1.6742728E+00 -1.2031776E-01  1.3246816E+00  6.6411484E+00 
      1081      7.4903516E+01 -1.5438737E+00 -1.0150121E+00 -1.4724079E-02  4.0042548E+00 -1.1377635E+01 
      1081 SSD  1.8679509E+02 -1.4186861E+01 -1.6516656E+00 -2.1731361E-01 -6.1056637E-01 -1.0117675E+01 
      1082      9.9650576E+01 -1.6929008E+00 -8.6606272E-01  7.5453721E-03  1.9258681E+01 -2.4378462E+00 
      1082 SSD  1.3202011E+02 -1.6371541E+01 -3.9426488E+00 -1.2327254E-01  2.9225904E+01  3.6171988E+00 
      1083      3.1379153E+02 -1.6033492E+00 -9.9891729E-01 -4.3826009E-03  2.3523108E+01 -1.0410801E+01 
      1083 SSD  5.5573973E+02 -1.4356892E+01 -4.5700210E+00 -1.7656864E-01  5.3234046E+01 -1.9320181E+01 
      1084      1.1815543E+02 -1.7035994E+00 -8.1445968E-01 -2.0768564E-03  2.3762812E+01 -9.8063916E-01 
      1084 SSD  1.1315967E+02 -1.6340166E+01 -5.1806524E+00 -1.6893683E-01  3.9082161E+01  3.0818373E+00 
      1085      3.8751214E+02 -1.6243440E+00 -9.9086333E-01 -6.1546649E-03  3.0554507E+01 -5.0544504E+00 
      1085 SSD  6.9051217E+02 -1.4389750E+01 -6.0369129E+00 -1.8470388E-01  7.6800979E+01 -8.6503070E+00 
      1086      1.2019143E+02 -1.0534133E+00 -1.9141980E+00 -1.0058057E-02 -2.4554710E+01 -8.2726983E-01 
      1086 SSD  1.0020144E+02 -5.4519958E-01 -1.1886024E+01 -2.0717004E-01 -3.9993853E+01 -4.2042334E+00 
      1087      4.0259539E+02 -1.1371340E+00 -1.7311285E+00 -8.5370907E-03 -3.2756083E+01 -1.7629962E+00 
      1087 SSD  7.0507612E+02 -2.5044598E+00 -1.0993920E+01 -1.9731303E-01 -8.3596664E+01 -8.9964051E+00 
      1088      7.0469949E+02 -1.2195871E+00 -1.5863956E+00 -8.8777136E-03 -2.8617981E+01 -1.8278777E+00 
      1088 SSD  1.5428717E+03 -4.4700412E+00 -1.0308405E+01 -1.9965798E-01 -8.7731927E+01 -1.0816989E+01 
      1089      9.2655359E+02 -1.3033431E+00 -1.4792447E+00 -8.5294803E-03 -1.6472129E+01 -1.2304445E+00 
      1089 SSD  2.2715356E+03 -6.4525479E+00 -9.8207622E+00 -1.9818547E-01 -6.1298805E+01 -9.7340553E+00 
      1090      3.9164680E+02 -1.1539397E+00 -1.7933023E+00 -5.6505217E-03 -3.0595780E+01  4.9538737E+00 
      1090 SSD  7.2257027E+02 -2.5194761E+00 -1.2839591E+01 -1.8239856E-01 -7.7197940E+01  8.7979556E+00 
      1091      3.1819106E+02 -1.1769177E+00 -1.7862065E+00 -4.3425626E-03 -2.3648593E+01  1.0470337E+01 
      1091 SSD  5.8307900E+02 -2.5675734E+00 -1.4318831E+01 -1.7777126E-01 -5.3902116E+01  2.0209561E+01 
      1092      2.0159004E+02 -1.2122579E+00 -1.7504835E+00 -6.9709021E-03 -1.3934385E+01  1.3047868E+01 
      1092 SSD  3.6989054E+02 -2.6703118E+00 -1.5667081E+01 -1.9248297E-01 -2.4990655E+01  2.0749393E+01 
      1093      7.6353148E+01 -1.2444204E+00 -1.7767289E+00 -1.4659447E-02 -4.1053143E+00  1.1616181E+01 
      1093 SSD  1.9333030E+02 -2.7856103E+00 -1.7271320E+01 -2.2665449E-01  6.3096815E-02  1.1392956E+01 
      1094      1.0244591E+02 -1.0841150E+00 -1.9147854E+00  7.6874536E-03 -1.9476004E+01  2.5497759E+00 
      1094 SSD  1.4914056E+02 -5.2997007E-01 -1.4925515E+01 -1.2346245E-01 -3.0753308E+01 -2.6942198E+00 
      1095      1.2149817E+02 -1.0708222E+00 -1.9675322E+00  6.3731821E-04 -2.3891943E+01  1.0101664E+00 
      1095 SSD  1.3679281E+02 -5.4951082E-01 -1.3683531E+01 -1.5479197E-01 -4.0448884E+01 -2.5486889E+00 
      1096      6.7549589E+01 -1.1098110E+00 -1.8071042E+00  4.5855934E-03 -1.2330616E+01  3.5480623E+00 
      1096 SSD  1.4903746E+02 -5.1332153E-01 -1.5954935E+01 -1.3240654E-01 -1.5174728E+01 -2.5914724E+00 
      1097      2.7757947E+01 -1.1262966E+00 -1.7724736E+00 -3.5203919E-03 -4.6319277E+00  3.1580266E+00 
      1097 SSD  1.6324175E+02 -3.9653444E-01 -1.7241749E+01 -1.5021619E-01 -1.8904388E+00 -5.8227817E+00 
      1098      6.7242773E+02 -1.4824100E+00 -1.6163042E+00 -9.2047976E-03 -1.0060008E+01  2.5690941E+01 
      1098 SSD  1.4883172E+03 -7.2506737E+00 -1.3589433E+01 -2.0213547E-01 -2.7177002E+01  7.6775064E+01 
      1099      5.3012334E+02 -1.3328146E+00 -1.6838383E+00 -8.1836842E-03 -1.9468026E+01  1.9085290E+01 
      1099 SSD  1.1070639E+03 -4.9171740E+00 -1.3864056E+01 -1.9620956E-01 -5.1316184E+01  5.0092718E+01 
      1100      8.6610160E+02 -1.3835475E+00 -1.5585600E+00 -8.5149357E-03 -1.4297179E+01  1.4090127E+01 
      1100 SSD  2.0953041E+03 -6.8018706E+00 -1.1760663E+01 -1.9809809E-01 -4.7720966E+01  4.7594319E+01 
      1101      6.6971132E+02 -1.2691414E+00 -1.6568406E+00 -8.0400252E-03 -2.6023036E+01  9.9011792E+00 
      1101 SSD  1.4823925E+03 -4.6572074E+00 -1.2200183E+01 -1.9515288E-01 -7.7820558E+01  2.7211218E+01 
      1102      1.2860699E+02 -1.7852163E+00 -1.7439795E+00 -2.3205518E-02 -4.1986057E-01  2.4044836E+01 
      1102 SSD  1.6446281E+02 -8.7160683E+00 -1.7332510E+01 -2.7329649E-01  5.7308722E+00  4.0631117E+01 
      1103      3.9794333E+02 -1.6153547E+00 -1.6668472E+00 -1.1403034E-02 -4.7728093E+00  3.0255724E+01 
      1103 SSD  7.4332106E+02 -7.8821637E+00 -1.5391149E+01 -2.1418055E-01 -7.3189461E+00  7.5512559E+01 
      1104      1.1300360E+02 -1.5437471E+00 -1.7494804E+00 -2.3941210E-02 -2.3564477E+00  1.9331040E+01 
      1104 SSD  1.9792075E+02 -5.8819497E+00 -1.7284740E+01 -2.7240202E-01  4.2634608E+00  2.9808548E+01 
      1105      3.2398482E+02 -1.4238432E+00 -1.6951478E+00 -1.0838657E-02 -1.0798506E+01  2.2887872E+01 
      1105 SSD  6.0770559E+02 -5.3160909E+00 -1.5459083E+01 -2.1012153E-01 -2.1198256E+01  5.0293134E+01 
      1106      1.5395228E+01 -9.6265274E-01 -1.0656696E+00  7.7144789E-03 -2.7646564E+00 -7.5580073E+00 
      1106 SSD -5.1076351E+01 -1.8047565E+00 -1.3444674E+00 -1.3112707E-01  6.2263153E+00  3.7805414E+00 
      1107      1.1481085E+02 -1.0275673E+00 -1.1884728E+00 -7.4582418E-03 -1.2015231E+01 -1.2813175E+01 
      1107 SSD  1.8730351E+01 -2.1157550E+00 -3.5589493E+00 -1.9347721E-01 -1.5849012E+01 -1.9695571E+01 
      1108      2.4206963E+02 -1.0810901E+00 -1.3871841E+00 -1.1419656E-02 -2.2070950E+01 -1.2358134E+01 
      1108 SSD  2.5795755E+02 -2.3434896E+00 -6.1379546E+00 -2.1305590E-01 -4.5585578E+01 -2.7354739E+01 
      1109      3.4817880E+02 -1.1160647E+00 -1.5878808E+00 -1.1188022E-02 -2.9652642E+01 -8.0901997E+00 
      1109 SSD  5.2440711E+02 -2.4639774E+00 -8.7192019E+00 -2.1132114E-01 -7.1234301E+01 -2.3370576E+01 
      1110      2.2899713E+01 -1.0140978E+00 -1.2253609E+00 -2.3462970E-02 -6.6744155E+00 -3.2783726E+00 
      1110 SSD -1.3801863E+01 -5.4448509E-01 -3.6841686E+00 -2.6376683E-01  8.3672875E+00  3.9375288E+00 
      1111     -4.0796223E+00 -1.0129345E+00 -1.0420395E+00 -2.9178664E-03 -4.2524068E-01 -1.6504057E+00 
      1111 SSD  4.8277167E+01 -5.9883463E-01 -1.1026989E+00 -1.7350452E-01  1.6585386E+01  1.0143515E+01 
      1112      6.2672844E+01 -1.0232665E+00 -1.4858979E+00 -2.6281189E-02 -1.4609224E+01 -3.4510055E+00 
      1112 SSD -5.7237312E+00 -5.3061918E-01 -6.5838247E+00 -2.8338325E-01 -9.8054281E+00 -1.2010520E+00 
      1113      9.8745913E+01 -1.0365606E+00 -1.7438607E+00 -2.0360505E-02 -2.1191124E+01 -2.4464796E+00 
      1113 SSD  4.2898599E+01 -5.3452766E-01 -9.4676702E+00 -2.5765333E-01 -2.8229735E+01 -4.1456797E+00 
      1114      3.4255345E+02 -9.7090476E-01 -1.1461229E+00 -6.1257219E-03 -8.2979831E+00 -3.0021403E+01 
      1114 SSD  4.9279047E+02 -4.9203085E+00 -3.4741676E+00 -1.8671306E-01 -2.4065166E+01 -7.3051544E+01 
      1115      2.3690452E+02 -9.8744003E-01 -1.1615185E+00 -3.8701596E-03 -1.1997226E+01 -2.2729817E+01 
      1115 SSD  2.3153712E+02 -3.4600658E+00 -3.4866494E+00 -1.7514568E-01 -2.5304623E+01 -4.8771978E+01 
      1116      9.0775833E+01 -7.9114499E-01 -1.0654795E+00 -3.3968564E-03 -3.0159639E+00 -2.1239817E+01 
      1116 SSD  7.8331267E-01 -4.0516034E+00 -1.4983434E+00 -1.7999454E-01 -6.6521706E+00 -2.8308295E+01 
      1117      5.2504109E+01 -8.5438036E-01 -1.0692200E+00  7.6995779E-03 -3.4817313E+00 -1.4991676E+01 
      1117 SSD -5.6138812E+01 -2.8346514E+00 -1.4511740E+00 -1.2865882E-01 -1.0878070E+00 -1.1657287E+01 
      1118      8.3808582E+02 -1.2206322E+00 -1.3762436E+00 -8.5767444E-03 -1.5956870E+01 -1.6182102E+01 
      1118 SSD  1.9245622E+03 -6.0896140E+00 -7.7547190E+00 -1.9865571E-01 -5.6777519E+01 -5.8164271E+01 
      1119      6.2379763E+02 -1.1144455E+00 -1.2587263E+00 -7.9849560E-03 -1.2990349E+01 -2.6959884E+01 
      1119 SSD  1.2421052E+03 -5.6026263E+00 -5.6068001E+00 -1.9599811E-01 -4.2219097E+01 -7.9694295E+01 
      1120      6.2618515E+02 -1.1664253E+00 -1.4657968E+00 -9.3525726E-03 -2.6610123E+01 -1.3107301E+01 
      1120 SSD  1.2564873E+03 -4.2618891E+00 -8.1510885E+00 -2.0242996E-01 -7.7724784E+01 -4.3072691E+01 
      1121      4.5421658E+02 -1.0924143E+00 -1.3112878E+00 -8.0453646E-03 -2.0544024E+01 -2.1014727E+01 
      1121 SSD  7.5312538E+02 -3.9422488E+00 -5.8108129E+00 -1.9616994E-01 -5.4066292E+01 -5.6614895E+01 

