      NODE            V1             V2             V3             VR1            VR2            VR3
      1001     -5.3096303E+00 -1.1450833E+00 -2.6530454E+00 -9.2205716E-01  7.4937349E-02 -8.0014207E-01 
      1001 SSD  1.4872630E+02  1.0254004E+01  1.6147460E+00  2.8241772E+00 -2.6818403E+00  5.5354002E+00 
      1002     -5.1166261E+00 -1.8287134E+00 -2.8750438E+00  4.6664712E-01  1.7828482E+00  3.1582785E+00 
      1002 SSD  1.4739008E+02  1.2587960E+01  2.6100586E+00 -4.7141582E+00 -6.4739419E+00 -2.0906944E+01 
      1003     -4.9861432E+00 -1.8875204E+00 -2.9434201E+00  7.4115308E-01  1.0401288E+00  4.1401329E+00 
      1003 SSD  1.4629148E+02  1.0667547E+01  2.7323249E+00 -3.6772791E+00 -3.7941722E+00 -4.0104397E+01 
      1004     -4.5101075E+00 -2.6039990E+00 -2.9808373E+00  1.3237779E+00  8.4487599E-01  3.9773252E+00 
      1004 SSD  1.4435774E+02  1.2130921E+01  2.8976106E+00 -5.6224997E+00 -2.4181315E+00 -5.2047688E+01 
      1005     -4.2902209E+00 -3.0473319E+00 -2.9392546E+00  1.0865556E+00  8.1189690E-02  2.5512127E+00 
      1005 SSD  1.4343443E+02  1.2280076E+01  2.7213140E+00 -4.1202561E+00  8.7734893E-02 -5.3877738E+01 
      1006     -4.1972278E+00 -3.3328214E+00 -2.8484375E+00  6.6382039E-01 -6.2545693E-01  6.3049316E-01 
      1006 SSD  1.4325477E+02  1.2023531E+01  2.3924583E+00 -2.2369172E+00  3.0389182E+00 -4.8486218E+01 
      1007     -4.3753364E+00 -3.3557607E+00 -2.7572418E+00 -7.2396847E-02 -1.0887068E+00 -1.3047594E+00 
      1007 SSD  1.4408610E+02  1.0832316E+01  2.0433268E+00  7.7337520E-01  5.0653457E+00 -3.7961053E+01 
      1008     -4.7133379E+00 -3.2231633E+00 -2.7117799E+00 -7.2932197E-01 -1.3418487E+00 -2.6402171E+00 
      1008 SSD  1.4579112E+02  9.0464115E+00  1.8705061E+00  3.7475233E+00  5.7498501E+00 -2.3848535E+01 
      1009     -5.3379560E+00 -2.9313103E+00 -2.7571800E+00 -1.0519674E+00 -8.4479749E-01 -2.6453433E+00 
      1009 SSD  1.4869626E+02  6.4350805E+00  2.0023086E+00  4.7658957E+00  3.7410773E+00 -1.0692636E+01 
      1010     -5.1974151E+00 -2.7721866E+00 -2.8105757E+00 -1.3844532E+00 -6.5167212E-01 -1.2952971E+00 
      1010 SSD  1.4910799E+02  4.7214109E+00  2.2248019E+00  6.4535031E+00  1.5071206E+00 -1.8748071E+00 
      1011     -5.9249216E+00 -2.8575311E+00 -3.0643177E+00 -9.3843720E-01  3.5904929E-02  9.9877927E-01 
      1011 SSD  1.5237854E+02  3.5335030E+00  3.1317946E+00  2.4626624E+00  2.3968927E-01 -2.8174547E+00 
      1012     -4.2270463E+00 -3.1736565E+00 -1.7928674E+00 -7.8627690E-01  3.0554110E-02  8.5629194E-01 
      1012 SSD  1.4575888E+02  4.8171777E+00  1.2125545E+01  2.2068022E+00  2.3442326E+00 -5.6228338E+00 
      1013     -3.9236390E+00 -2.5431699E+00 -1.5557328E+00  3.6997840E-01 -1.8243461E+00 -3.0465997E+00 
      1013 SSD  1.4371367E+02  2.6741362E+00  1.1059240E+01 -3.9433641E+00  6.5775221E+00  2.0408668E+01 
      1014     -3.6978099E+00 -2.4479074E+00 -1.4693030E+00  7.0725529E-01 -1.0322876E+00 -3.7629965E+00 
      1014 SSD  1.4199711E+02  4.3274361E+00  1.0830245E+01 -3.6726810E+00  3.7196966E+00  3.8642313E+01 
      1015     -3.1019767E+00 -1.7371302E+00 -1.4258738E+00  1.3677233E+00 -8.5913645E-01 -3.4010537E+00 
      1015 SSD  1.3935464E+02  3.0027460E+00  1.0641311E+01 -5.7309256E+00  2.4141103E+00  4.9809856E+01 
      1016     -2.7732704E+00 -1.2943452E+00 -1.4672953E+00  1.0639097E+00 -1.0810625E-01 -1.7558456E+00 
      1016 SSD  1.3775613E+02  2.8318493E+00  1.0806618E+01 -4.0224919E+00 -3.3823184E-02  5.0673287E+01 
      1017     -2.5551729E+00 -9.6539171E-01 -1.5530191E+00  6.1672972E-01  6.1725382E-01  3.6115796E-01 
      1017 SSD  1.3684087E+02  2.9351473E+00  1.1112665E+01 -2.0642729E+00 -3.0523022E+00  4.4356908E+01 
      1018     -2.6194967E+00 -9.4239434E-01 -1.6379275E+00  4.6681159E-03  1.0864726E+00  2.2813830E+00 
      1018 SSD  1.3699065E+02  4.1611911E+00  1.1439525E+01  4.4172102E-01 -5.0673725E+00  3.3764793E+01 
      1019     -2.8391982E+00 -1.1052049E+00 -1.6851690E+00 -7.1927857E-01  1.3380894E+00  3.4619804E+00 
      1019 SSD  1.3800098E+02  6.0776812E+00  1.1622367E+01  3.7524913E+00 -5.6927210E+00  2.0156436E+01 
      1020     -3.3386473E+00 -1.3532123E+00 -1.6308167E+00 -1.1182391E+00  8.6573794E-01  3.2413299E+00 
      1020 SSD  1.4012773E+02  8.4362480E+00  1.1443233E+01  5.0963915E+00 -3.8432544E+00  7.8866735E+00 
      1021     -3.0455556E+00 -1.5232397E+00 -1.5704233E+00 -1.2718195E+00  8.0170528E-01  1.4662640E+00 
      1021 SSD  1.3968738E+02  1.0279092E+01  1.1182544E+01  5.7815227E+00 -2.0876084E+00  1.0756583E+00 
      1022     -3.6991608E+00 -1.5090488E+00 -1.3219204E+00 -9.6412850E-01  1.5250259E-02 -1.1067390E+00 
      1022 SSD  1.4237290E+02  1.1659425E+01  1.0270704E+01  2.8170612E+00 -3.0400159E-01  3.0883111E+00 
      1023     -3.8564961E+00 -1.3988293E+00 -1.4541752E+00 -4.2920337E-01 -4.7742908E-02 -3.6489376E-01 
      1023 SSD  1.4241538E+02  1.1319696E+01  9.7696245E+00  9.9732899E-02  6.3366854E+00  1.9808369E+00 
      1024     -3.6577978E+00 -1.3573265E+00 -1.9401941E+00  1.0908594E+00 -3.3439350E-01  9.9216437E-01 
      1024 SSD  1.4114500E+02  1.1217695E+01  1.0043234E+01 -5.3953558E+00  2.1328253E+01 -4.0036488E+00 
      1025     -3.3986916E+00 -1.3477623E+00 -2.4607182E+00  1.4742603E+00 -6.6962335E-01  1.4913733E+00 
      1025 SSD  1.3976722E+02  1.1207514E+01  1.0623300E+01 -6.4151094E+00  3.6095783E+01 -6.3117078E+00 
      1026     -3.1891799E+00 -1.3981895E+00 -2.9754693E+00  1.3762736E+00 -8.8348848E-01  1.5018428E+00 
      1026 SSD  1.3874816E+02  1.1393528E+01  1.1142937E+01 -5.4656434E+00  4.5707445E+01 -6.7211174E+00 
      1027     -3.1933993E+00 -1.4848404E+00 -3.2940322E+00  8.3828378E-01 -1.0149176E+00  9.3264196E-01 
      1027 SSD  1.3875329E+02  1.1702520E+01  1.0935943E+01 -2.9587413E+00  4.9064799E+01 -4.2674566E+00 
      1028     -3.3791186E+00 -1.5720714E+00 -3.3806019E+00  1.3275769E-01 -1.0507976E+00  1.7331940E-01 
      1028 SSD  1.3939207E+02  1.2047753E+01  9.9579361E+00 -1.4928638E-01  4.7138349E+01 -1.1016537E+00 
      1029     -3.7800448E+00 -1.6120196E+00 -3.2637198E+00 -6.6034084E-01 -8.6966918E-01 -5.5092752E-01 
      1029 SSD  1.4115382E+02  1.2214169E+01  8.2883156E+00  3.2406607E+00  3.9432533E+01  1.3276430E+00 
      1030     -4.4340119E+00 -1.5461556E+00 -2.9450717E+00 -1.1772781E+00 -5.0200211E-01 -1.0561536E+00 
      1030 SSD  1.4398162E+02  1.1959520E+01  5.6680900E+00  5.1998975E+00  2.6373174E+01  3.9655943E+00 
      1031     -4.7044269E+00 -1.4596609E+00 -2.9285154E+00 -1.6439703E+00 -2.5257061E-01 -1.7900877E+00 
      1031 SSD  1.4580885E+02  1.1599692E+01  4.5111099E+00  7.7775023E+00  1.0219064E+01  6.3842323E+00 
      1032     -5.7128390E+00 -2.9324925E+00 -2.8850043E+00 -3.9631625E-01 -3.0306266E-02  3.4257296E-01 
      1032 SSD  1.5097501E+02  3.7518626E+00  3.5173829E+00 -2.4985141E-02 -6.2966652E+00 -1.9499689E+00 
      1033     -5.1867449E+00 -2.9755952E+00 -2.4283983E+00  1.1150843E+00  8.9328169E-03 -1.0006678E+00 
      1033 SSD  1.4837455E+02  3.8679033E+00  3.3415393E+00 -5.5280576E+00 -2.0878263E+01  4.0310019E+00 
      1034     -4.5906246E+00 -2.9850376E+00 -1.8970666E+00  1.5023790E+00  9.5500068E-02 -1.4847543E+00 
      1034 SSD  1.4565813E+02  3.8803015E+00  2.7100894E+00 -6.5211290E+00 -3.5162963E+01  6.2986984E+00 
      1035     -4.0643519E+00 -2.9378251E+00 -1.3819359E+00  1.3876742E+00  9.6823344E-02 -1.4870959E+00 
      1035 SSD  1.4338681E+02  3.7039864E+00  2.1746531E+00 -5.4823297E+00 -4.4084705E+01  6.7090945E+00 
      1036     -3.7413584E+00 -2.8503046E+00 -1.0600524E+00  8.3636397E-01  1.2886352E-01 -8.5025363E-01 
      1036 SSD  1.4212585E+02  3.3901924E+00  2.3644912E+00 -2.9093312E+00 -4.6841931E+01  3.9645465E+00 
      1037     -3.6371869E+00 -2.7671778E+00 -9.8957192E-01  1.1651563E-01  1.8183288E-01 -1.4197863E-01 
      1037 SSD  1.4161631E+02  3.0590731E+00  3.3970557E+00 -6.7647624E-02 -4.4641379E+01  9.6327383E-01 
      1038     -3.7070028E+00 -2.7196031E+00 -1.0978874E+00 -6.8581475E-01  2.2413853E-01  7.0527713E-01 
      1038 SSD  1.4213036E+02  2.8687867E+00  5.0289503E+00  3.3723143E+00 -3.7339695E+01 -1.8135237E+00 
      1039     -3.9973308E+00 -2.7807507E+00 -1.4323678E+00 -1.1727959E+00  1.8100351E-01  1.1767864E+00 
      1039 SSD  1.4355575E+02  3.1065254E+00  7.7079614E+00  5.1584873E+00 -2.5256848E+01 -4.4770009E+00 
      1040     -3.9295362E+00 -2.8566027E+00 -1.4162283E+00 -1.7287690E+00  1.0671621E-01  1.8002040E+00 
      1040 SSD  1.4396414E+02  3.4017554E+00  8.6560881E+00  8.1230615E+00 -9.6676083E+00 -6.4878071E+00 
      1041      1.7930406E+02 -2.9984664E+00 -2.7594208E+00 -2.3586950E-02  2.2500415E+00  3.6540022E+01 
      1041 SSD -1.0844990E+03  1.0752124E+01  3.4143619E+00 -4.9401269E-02 -8.1908272E+00 -1.9983163E+02 
      1042      5.9891736E+02 -2.7073271E+00 -2.6223376E+00 -1.5488057E-02  3.0368081E+00  4.8516577E+01 
      1042 SSD -3.2556827E+03  9.6537942E+00  4.2614936E+00 -7.7259832E-02 -1.0153489E+01 -2.3948483E+02 
      1043      1.0452842E+03 -2.4773203E+00 -2.4830776E+00 -1.4890812E-02  2.6116627E+00  4.2231461E+01 
      1043 SSD -5.3902944E+03  8.7722334E+00  5.0965502E+00 -7.9739946E-02 -6.4455468E+00 -1.9331288E+02 
      1044      1.3712055E+03 -2.3046836E+00 -2.3373978E+00 -1.4637044E-02  1.5436925E+00  2.4093298E+01 
      1044 SSD -6.8266607E+03  8.0954885E+00  5.9004096E+00 -8.0551879E-02 -3.5546350E-01 -9.8072410E+01 
      1045      1.4882371E+03 -2.1651037E+00 -2.1879078E+00 -1.4568273E-02  7.5040551E-02 -2.8926994E-01 
      1045 SSD -7.2990128E+03  7.5364140E+00  6.6873626E+00 -8.0816963E-02  2.5108168E-01  1.5233345E+00 
      1046      1.3659290E+03 -2.0247813E+00 -2.0391851E+00 -1.4660058E-02 -1.4234044E+00 -2.4596448E+01 
      1046 SSD -6.7989334E+03  6.9754175E+00  7.4779747E+00 -8.0620801E-02  9.2909608E-01  1.0065377E+02 
      1047      1.0364978E+03 -1.8498575E+00 -1.8952417E+00 -1.4944628E-02 -2.5683411E+00 -4.2445995E+01 
      1047 SSD -5.3448448E+03  6.2926362E+00  8.2909574E+00 -7.9891991E-02  7.1640395E+00  1.9430175E+02 
      1048      5.8989218E+02 -1.6154381E+00 -1.7579355E+00 -1.5559838E-02 -3.0691518E+00 -4.8345717E+01 
      1048 SSD -3.2104275E+03  5.3983561E+00  9.1391000E+00 -7.7886401E-02  1.0869182E+01  2.3841284E+02 
      1049      1.7366441E+02 -1.3176763E+00 -1.6213882E+00 -2.4292036E-02 -2.3289147E+00 -3.6019757E+01 
      1049 SSD -1.0577451E+03  4.2793713E+00  1.0000510E+01 -4.8723053E-02  8.7127779E+00  1.9715500E+02 
      1050      1.3674516E+03 -2.3101523E+00 -2.0586695E+00 -1.4531518E-02  2.4489088E+01  1.1912133E+00 
      1050 SSD -6.8130131E+03  6.7166999E+00  6.1647308E+00 -8.0910502E-02 -9.9545439E+01  8.9253665E-01 
      1051      1.0380329E+03 -2.4516595E+00 -1.8952273E+00 -1.4712634E-02  4.2488319E+01  2.1330176E+00 
      1051 SSD -5.3633255E+03  5.8832687E+00  5.5216682E+00 -7.9993942E-02 -1.9429456E+02 -4.5899804E+00 
      1052      5.9007052E+02 -2.5894546E+00 -1.6740668E+00 -1.5473465E-02  4.8545601E+01  2.2322438E+00 
      1052 SSD -3.2225032E+03  5.0421642E+00  4.6738867E+00 -7.6633544E-02 -2.3962270E+02 -6.8760079E+00 
      1053      1.7284821E+02 -2.7264871E+00 -1.3943496E+00 -2.1236396E-02  3.6112419E+01  1.1556681E+00 
      1053 SSD -1.0603605E+03  4.2110380E+00  3.6219925E+00 -5.7158802E-02 -1.9824981E+02 -3.6619468E+00 
      1054      9.2749306E+02 -2.5288002E+00 -2.0900892E+00 -1.5525531E-02  3.9607825E+01  1.8788634E+01 
      1054 SSD -4.9023373E+03  6.2224599E+00  4.9015418E+00 -7.7288548E-02 -1.8516256E+02 -8.3239568E+01 
      1055      6.7756598E+02 -2.6367423E+00 -2.3376214E+00 -1.3658534E-02  3.0654181E+01  3.0750716E+01 
      1055 SSD -3.7294748E+03  6.6729972E+00  4.4670847E+00 -8.4397650E-02 -1.4889468E+02 -1.4950055E+02 
      1056      3.5741474E+02 -2.7908713E+00 -2.5798241E+00 -9.4099991E-03  1.7961015E+01  3.3671334E+01 
      1056 SSD -2.1123303E+03  7.2932991E+00  4.0071477E+00 -1.0019040E-01 -9.2584447E+01 -1.7565666E+02 
      1057      8.2871940E+01 -2.9869900E+00 -2.7336864E+00  5.7618777E-03  5.2367166E+00  2.2486137E+01 
      1057 SSD -5.9182513E+02  8.0718191E+00  3.2155997E+00 -1.6503105E-01 -3.1866745E+01 -1.3412120E+02 
      1058      9.2978725E+02 -2.5882068E+00 -2.4203496E+00 -1.3254939E-02  1.9241438E+01  3.9590002E+01 
      1058 SSD -4.9101964E+03  7.8380361E+00  4.8143645E+00 -8.5634029E-02 -8.4949365E+01 -1.8524536E+02 
      1059      1.2424997E+03 -2.4321790E+00 -2.2279228E+00 -1.4478714E-02  2.3704216E+01  2.3346122E+01 
      1059 SSD -6.3199922E+03  7.2153700E+00  5.4498775E+00 -8.1132842E-02 -9.9407634E+01 -9.8121878E+01 
      1060      5.1466935E+02 -2.7988922E+00 -2.6065651E+00 -9.9588424E-03  1.2241695E+01  4.4510405E+01 
      1060 SSD -2.8875439E+03  8.6610637E+00  4.1493449E+00 -9.7264523E-02 -5.6878440E+01 -2.2371933E+02 
      1061      1.3991000E+02 -3.0630970E+00 -2.7461261E+00 -5.1509974E-03  4.4262376E+00  3.1799350E+01 
      1061 SSD -9.0335622E+02  9.6842662E+00  3.3123929E+00 -1.1862753E-01 -2.2335727E+01 -1.7923564E+02 
      1062      9.1466931E+01 -2.7739764E+00 -2.0660968E+00 -4.7291092E-02  2.1909722E+01  4.8781514E+00 
      1062 SSD -6.2911631E+02  4.5037332E+00  3.3896509E+00  4.3962942E-02 -1.3203343E+02 -3.0515898E+01 
      1063      3.6033492E+02 -2.6683454E+00 -2.2191190E+00 -1.9209937E-02  3.3102034E+01  1.7958864E+01 
      1063 SSD -2.1264020E+03  5.4428403E+00  3.9918944E+00 -6.3957122E-02 -1.7307460E+02 -9.2721994E+01 
      1064      1.4271072E+02 -2.7512774E+00 -1.6631943E+00 -3.5978545E-02  3.1426200E+01  3.3934551E+00 
      1064 SSD -9.1741949E+02  4.3656821E+00  3.2653074E+00 -2.8062051E-03 -1.7793924E+02 -1.8074382E+01 
      1065      5.1360017E+02 -2.6186573E+00 -1.9023751E+00 -1.9133904E-02  4.4192323E+01  1.1493107E+01 
      1065 SSD -2.8860330E+03  5.2087536E+00  4.1756547E+00 -6.3859337E-02 -2.2228253E+02 -5.3813729E+01 
      1066     -4.1069913E+00 -2.7930758E+00 -2.7706635E+00 -2.6046409E-03  8.6801121E-01  2.2784484E+00 
      1066 SSD  3.6949188E+01  4.7010914E+00  3.2076577E+00 -1.2622717E-01 -1.8305283E+01 -2.3542531E+01 
      1067      3.4412640E+01 -2.7903997E+00 -2.4779075E+00 -3.6147075E-02  1.0212106E+01  4.6445022E+00 
      1067 SSD -2.6599261E+02  4.6230822E+00  3.5465218E+00  5.8215183E-03 -7.1642102E+01 -3.3635013E+01 
      1068      2.6607019E+01 -2.8346480E+00 -2.7396730E+00  5.4905202E-03  4.2532605E+00  1.1247970E+01 
      1068 SSD -2.3443825E+02  6.1152434E+00  3.1794915E+00 -1.6683361E-01 -3.1602922E+01 -7.5450582E+01 
      1069      1.7378232E+02 -2.7443345E+00 -2.5361938E+00 -1.5526666E-02  1.8180446E+01  1.8877518E+01 
      1069 SSD -1.1241759E+03  5.7638281E+00  3.8037409E+00 -7.7602828E-02 -1.0235415E+02 -1.0550083E+02 
      1070      1.6294542E+02 -1.9742334E+00 -1.5998408E+00 -3.7862999E-02  3.2579421E+00 -2.7814656E+01 
      1070 SSD -9.1758095E+02  3.9529754E+00  9.7721509E+00  5.5227885E-03 -2.3971118E+01  1.5492713E+02 
      1071      4.6955543E+02 -2.1517543E+00 -1.6959114E+00 -1.7783074E-02  1.5766304E+01 -3.3491256E+01 
      1071 SSD -2.5462473E+03  4.6301489E+00  8.7739456E+00 -7.0036718E-02 -8.2206418E+01  1.7248064E+02 
      1072      7.7302487E+02 -2.2860048E+00 -1.7244848E+00 -1.3688267E-02  2.8683686E+01 -2.8272420E+01 
      1072 SSD -4.0609337E+03  5.1696717E+00  7.5417098E+00 -8.4177050E-02 -1.3854754E+02  1.3723201E+02 
      1073      9.8161014E+02 -2.3792968E+00 -1.7774242E+00 -1.3441281E-02  3.8521534E+01 -1.5034688E+01 
      1073 SSD -5.0615747E+03  5.5624736E+00  6.4149980E+00 -8.4503523E-02 -1.7764822E+02  7.1376574E+01 
      1074      5.7773134E+02 -1.8427277E+00 -1.7378933E+00 -1.8061141E-02  7.0039137E+00 -4.4464835E+01 
      1074 SSD -3.1119139E+03  4.8807732E+00  8.9977684E+00 -6.9645306E-02 -3.7136851E+01  2.2073237E+02 
      1075      1.8454673E+02 -1.5858757E+00 -1.6040867E+00 -3.6226945E-02  4.9426188E-01 -3.4775828E+01 
      1075 SSD -1.0772143E+03  3.9233948E+00  9.8637789E+00 -3.0291866E-03 -7.1320217E+00  1.8972279E+02 
      1076      9.8312442E+02 -2.0427476E+00 -1.8268988E+00 -1.5243067E-02  1.4914884E+01 -3.8156901E+01 
      1076 SSD -5.0626517E+03  5.6455118E+00  7.9785813E+00 -7.8958823E-02 -7.0224947E+01  1.7647437E+02 
      1077      1.2726719E+03 -2.1907938E+00 -1.9264544E+00 -1.4446760E-02  2.1258057E+01 -2.1319010E+01 
      1077 SSD -6.3708706E+03  6.2301474E+00  7.0113527E+00 -8.1321732E-02 -9.1776704E+01  9.2725877E+01 
      1078      9.8205776E+01 -2.6548959E+00 -1.5197681E+00  1.0094574E-02  1.7560637E+01 -4.9504388E+00 
      1078 SSD -5.4289013E+02  3.6836202E+00  8.0494910E+00 -1.7387280E-01 -1.0190951E+02  3.4109766E+01 
      1079      2.9137606E+02 -2.4852665E+00 -1.6118791E+00 -1.0573112E-02  2.0187534E+01 -1.8926346E+01 
      1079 SSD -1.6077931E+03  4.4766175E+00  8.3995294E+00 -9.6602910E-02 -1.0907935E+02  1.0432606E+02 
      1080      4.2555743E+01 -2.6538474E+00 -1.5505269E+00  3.8657383E-03  6.4211065E+00 -4.2594079E+00 
      1080 SSD -1.7016650E+02  3.5355186E+00  9.4183986E+00 -1.3743784E-01 -4.0898114E+01  3.2951418E+01 
      1081      1.1104110E+02 -2.4425697E+00 -1.5606717E+00 -2.4025860E-02  5.7706091E+00 -1.6499328E+01 
      1081 SSD -5.9085589E+02  4.2821625E+00  9.4994248E+00 -3.7675254E-02 -3.7299283E+01  9.7978168E+01 
      1082      1.4742747E+02 -2.6864491E+00 -1.3690204E+00  9.9520591E-03  2.8155996E+01 -3.5230418E+00 
      1082 SSD -8.5843556E+02  3.9248925E+00  6.1345570E+00 -1.7546199E-01 -1.5647516E+02  2.4813193E+01 
      1083      4.6175971E+02 -2.5346001E+00 -1.5679023E+00 -8.1598902E-03  3.4623980E+01 -1.5386177E+01 
      1083 SSD -2.5177196E+03  4.7222639E+00  6.9089066E+00 -1.0401581E-01 -1.7682091E+02  8.0950403E+01 
      1084      1.7440523E+02 -2.7010179E+00 -1.3056211E+00 -4.4775508E-03  3.4888926E+01 -1.4251406E+00 
      1084 SSD -1.0398889E+03  4.0462829E+00  4.6066117E+00 -1.1907725E-01 -1.9055791E+02  1.1006989E+01 
      1085      5.7103066E+02 -2.5660944E+00 -1.5701041E+00 -1.0736432E-02  4.5085882E+01 -7.5423592E+00 
      1085 SSD -3.0910744E+03  4.8954424E+00  5.6108707E+00 -9.3617184E-02 -2.2336107E+02  3.9757485E+01 
      1086      1.7782073E+02 -1.5987796E+00 -2.9679956E+00 -1.6568692E-02 -3.6171719E+01 -1.1898534E+00 
      1086 SSD -1.0700136E+03  1.0833335E+01  9.7084098E+00 -7.3192676E-02  1.9750596E+02  4.1454335E+00 
      1087      5.9453431E+02 -1.7394631E+00 -2.6933820E+00 -1.4307854E-02 -4.8400169E+01 -2.4941151E+00 
      1087 SSD -3.2235622E+03  1.0018442E+01  8.6740863E+00 -8.0859760E-02  2.3867216E+02  8.4998597E+00 
      1088      1.0410081E+03 -1.8787847E+00 -2.4765138E+00 -1.4845074E-02 -4.2313236E+01 -2.5797696E+00 
      1088 SSD -5.3586756E+03  9.1871089E+00  7.8401508E+00 -7.9510420E-02  1.9398234E+02  7.0740230E+00 
      1089      1.3688680E+03 -2.0203759E+00 -2.3160377E+00 -1.4345148E-02 -2.4327076E+01 -1.7379217E+00 
      1089 SSD -6.8086639E+03  8.3564731E+00  7.2065143E+00 -8.1587777E-02  9.9812502E+01  2.0194637E+00 
      1090      5.7752951E+02 -1.7645229E+00 -2.8011829E+00 -1.0035168E-02 -4.5152307E+01  7.3949397E+00 
      1090 SSD -3.1060323E+03  1.0167703E+01  7.7480940E+00 -9.6254464E-02  2.2344493E+02 -3.8564098E+01 
      1091      4.6861079E+02 -1.7989196E+00 -2.8056789E+00 -8.1728369E-03 -3.4820222E+01  1.5482778E+01 
      1091 SSD -2.5397907E+03  1.0347115E+01  6.4544447E+00 -1.0510145E-01  1.7757352E+02 -8.0771426E+01 
      1092      2.9663488E+02 -1.8523685E+00 -2.7679141E+00 -1.2269747E-02 -2.0421718E+01  1.9191366E+01 
      1092 SSD -1.6276349E+03  1.0603053E+01  4.9858022E+00 -9.1480879E-02  1.0998592E+02 -1.0510108E+02 
      1093      1.1327901E+02 -1.9023301E+00 -2.8232707E+00 -2.4309610E-02 -5.9301251E+00  1.6869494E+01 
      1093 SSD -6.0028747E+02  1.0823224E+01  3.9050004E+00 -4.4801323E-02  3.7907402E+01 -9.9379227E+01 
      1094      1.5175327E+02 -1.6422713E+00 -2.9985311E+00  1.0110649E-02 -2.8500398E+01  3.6968212E+00 
      1094 SSD -8.7251669E+02  1.1130660E+01  7.2059174E+00 -1.7695918E-01  1.5742857E+02 -2.5155777E+01 
      1095      1.7959919E+02 -1.6239532E+00 -3.0622623E+00 -5.0614813E-04 -3.5102681E+01  1.4733994E+00 
      1095 SSD -1.0538198E+03  1.0994566E+01  8.7403226E+00 -1.3311900E-01  1.9074273E+02 -1.0835122E+01 
      1096      1.0086327E+02 -1.6778485E+00 -2.8532228E+00  5.5361143E-03 -1.7898391E+01  5.1482925E+00 
      1096 SSD -5.5310862E+02  1.1381575E+01  5.3001980E+00 -1.5526632E-01  1.0311257E+02 -3.4678765E+01 
      1097      4.3227805E+01 -1.6987036E+00 -2.8193956E+00 -6.4913629E-03 -6.5869188E+00  4.5000064E+00 
      1097 SSD -1.7372518E+02  1.1625440E+01  3.8930630E+00 -9.3260909E-02  4.1517496E+01 -3.3874869E+01 
      1098      9.9194905E+02 -2.2890454E+00 -2.5522649E+00 -1.5394251E-02 -1.4948257E+01  3.8039975E+01 
      1098 SSD -5.1001540E+03  9.4309952E+00  5.4095859E+00 -7.8190188E-02  7.1110470E+01 -1.7564372E+02 
      1099      7.8123890E+02 -2.0486520E+00 -2.6530292E+00 -1.3850127E-02 -2.8784051E+01  2.8259388E+01 
      1099 SSD -4.0902925E+03  9.9127926E+00  5.8373164E+00 -8.3269806E-02  1.3933482E+02 -1.3665517E+02 
      1100      1.2788246E+03 -2.1406970E+00 -2.4501052E+00 -1.4336382E-02 -2.1183383E+01  2.0896584E+01 
      1100 SSD -6.3924683E+03  8.8450871E+00  6.3660087E+00 -8.1596639E-02  9.2370874E+01 -9.0374069E+01 
      1101      9.8825092E+02 -1.9530933E+00 -2.5970834E+00 -1.3603921E-02 -3.8486445E+01  1.4737127E+01 
      1101 SSD -5.0785024E+03  9.5123762E+00  6.9545319E+00 -8.3810197E-02  1.7794465E+02 -6.9485404E+01 
      1102      1.8933437E+02 -2.7434379E+00 -2.7762851E+00 -3.6697407E-02 -6.1974711E-01  3.5293221E+01 
      1102 SSD -1.0984803E+03  1.1148664E+01  3.5447975E+00 -5.3255122E-04  7.8063335E+00 -1.9205248E+02 
      1103      5.8608606E+02 -2.4885756E+00 -2.6442215E+00 -1.8707250E-02 -7.1226785E+00  4.4688600E+01 
      1103 SSD -3.1491404E+03  1.0195382E+01  4.4061106E+00 -6.6804480E-02  3.8095168E+01 -2.2167643E+02 
      1104      1.6653833E+02 -2.3655097E+00 -2.7847369E+00 -3.7835510E-02 -3.4055881E+00  2.8272637E+01 
      1104 SSD -9.3272872E+02  1.1158692E+01  3.6368683E+00  6.8725278E-03  2.4606618E+01 -1.5679224E+02 
      1105      4.7662506E+02 -2.1853411E+00 -2.6861853E+00 -1.7847929E-02 -1.5928738E+01  3.3760154E+01 
      1105 SSD -2.5745959E+03  1.0463891E+01  4.6236133E+00 -6.9085524E-02  8.3103669E+01 -1.7334634E+02 
      1106      2.5026856E+01 -1.4782358E+00 -1.6317334E+00  1.0021173E-02 -3.9869085E+00 -1.1133835E+01 
      1106 SSD -2.2261742E+02  8.8995902E+00  1.0205612E+01 -1.8381336E-01  3.0352749E+01  7.4114275E+01 
      1107      1.7155750E+02 -1.5756520E+00 -1.8337509E+00 -1.2803710E-02 -1.7704893E+01 -1.8902883E+01 
      1107 SSD -1.1010032E+03  9.2761699E+00  9.5712479E+00 -8.8243154E-02  9.9950660E+01  1.0467908E+02 
      1108      3.5911914E+02 -1.6557507E+00 -2.1481638E+00 -1.8663254E-02 -3.2611834E+01 -1.8183372E+01 
      1108 SSD -2.1008214E+03  9.6080119E+00  9.3667060E+00 -6.6122564E-02  1.7049157E+02  9.3250737E+01 
      1109      5.1509828E+02 -1.7080369E+00 -2.4640886E+00 -1.8275587E-02 -4.3836532E+01 -1.1844018E+01 
      1109 SSD -2.8709365E+03  9.8474260E+00  9.1733489E+00 -6.6998953E-02  2.2034359E+02  5.5529130E+01 
      1110      3.6094742E+01 -1.5395871E+00 -1.8896828E+00 -3.7061880E-02 -9.8475341E+00 -4.7583392E+00 
      1110 SSD -2.6527761E+02  1.0459535E+01  9.8257746E+00  9.5466501E-03  6.9336095E+01  3.3560647E+01 
      1111     -2.9944119E+00 -1.5376738E+00 -1.5961593E+00 -5.9782848E-03 -5.4779656E-01 -2.3501799E+00 
      1111 SSD  3.4804086E+01  1.0406881E+01  1.0168219E+01 -1.1636720E-01  1.6648324E+01  2.3287843E+01 
      1112      9.4099423E+01 -1.5537364E+00 -2.2971102E+00 -4.1084739E-02 -2.1588488E+01 -5.0089579E+00 
      1112 SSD -6.2806957E+02  1.0557937E+01  9.9579674E+00  2.0143617E-02  1.2952372E+02  3.0772351E+01 
      1113      1.4666007E+02 -1.5738993E+00 -2.6984501E+00 -3.2105414E-02 -3.1277614E+01 -3.5424172E+00 
      1113 SSD -9.2075298E+02  1.0680702E+01  1.0067489E+01 -1.6108542E-02  1.7609873E+02  1.8803903E+01 
      1114      5.0613632E+02 -1.5218897E+00 -1.7700561E+00 -1.0789035E-02 -1.2108432E+01 -4.4393943E+01 
      1114 SSD -2.8391301E+03  6.3918120E+00  9.2407883E+00 -9.5083550E-02  5.6807573E+01  2.2250851E+02 
      1115      3.5122173E+02 -1.5308518E+00 -1.7931090E+00 -7.4202295E-03 -1.7614918E+01 -3.3602659E+01 
      1115 SSD -2.0708676E+03  7.7627721E+00  9.3737279E+00 -1.0766968E-01  9.1258919E+01  1.7439720E+02 
      1116      1.3442680E+02 -1.2521558E+00 -1.6325619E+00 -6.9300956E-03 -4.3471826E+00 -3.1299279E+01 
      1116 SSD -8.7539173E+02  5.3572632E+00  1.0093790E+01 -1.1346878E-01  2.2165569E+01  1.7631293E+02 
      1117      7.8911920E+01 -1.3309678E+00 -1.6377676E+00  9.8288950E-03 -5.0246591E+00 -2.2117872E+01 
      1117 SSD -5.6928817E+02  6.9793395E+00  1.0160310E+01 -1.7999116E-01  3.1033256E+01  1.3159049E+02 
      1118      1.2386722E+03 -1.8963364E+00 -2.1465189E+00 -1.4419459E-02 -2.3506388E+01 -2.3878803E+01 
      1118 SSD -6.2885481E+03  7.8535332E+00  7.9226735E+00 -8.1519502E-02  9.9492076E+01  1.0073499E+02 
      1119      9.2201077E+02 -1.7371248E+00 -1.9549119E+00 -1.3550856E-02 -1.9070284E+01 -3.9871416E+01 
      1119 SSD -4.8608204E+03  7.2242562E+00  8.5650783E+00 -8.4954134E-02  8.5006076E+01  1.8627711E+02 
      1120      9.2593200E+02 -1.7991322E+00 -2.2808156E+00 -1.5565460E-02 -3.9317052E+01 -1.9283907E+01 
      1120 SSD -4.8740586E+03  8.8426815E+00  8.4609454E+00 -7.7234567E-02  1.8431689E+02  8.5630395E+01 
      1121      6.7229113E+02 -1.6882494E+00 -2.0338697E+00 -1.3639434E-02 -3.0298183E+01 -3.1030661E+01 
      1121 SSD -3.6855423E+03  8.3870778E+00  8.9027814E+00 -8.4649695E-02  1.4767971E+02  1.5034667E+02 

