      NODE            V1             V2             V3             VR1            VR2            VR3
      1001     -1.2560545E+00 -3.3423989E-02  1.9573665E-02  1.3067789E-02  3.9114605E-02 -3.5276314E-02 
      1001 SSD -1.4393015E+02 -1.2235586E+00  8.8346120E-01  5.6543228E-01  1.5945302E+00 -1.5421404E+00 
      1002     -1.2465115E+00 -4.2594338E-02  1.7563205E-02  4.0064333E-02 -1.0274418E-03  1.1811466E-01 
      1002 SSD -1.4349929E+02 -1.5053758E+00  8.2623870E-01  1.7680851E+00  2.0834240E-01  4.9796808E+00 
      1003     -1.2337038E+00 -2.5610524E-02  1.9979505E-02  1.3198848E-02  1.6928453E-03  3.5760710E-01 
      1003 SSD -1.4302201E+02 -8.6700164E-01  9.1049996E-01  6.4852703E-01  1.8577878E-01  1.5246304E+01 
      1004     -1.2316275E+00 -2.0679635E-02  1.9569865E-02  7.5302794E-03 -1.0378665E-02  5.7894058E-01 
      1004 SSD -1.4285555E+02 -6.8140199E-01  9.0119369E-01  4.6638972E-01 -2.9679918E-01  2.4962499E+01 
      1005     -1.2273160E+00 -1.2992344E-02  1.9916760E-02 -7.8159653E-04 -1.6548907E-02  7.3457387E-01 
      1005 SSD -1.4264594E+02 -4.0135513E-01  9.2054537E-01  8.3427720E-02 -7.8987718E-01  3.1970603E+01 
      1006     -1.2256727E+00 -5.5376018E-03  2.0259265E-02 -1.0205928E-02 -1.7598882E-02  7.7953441E-01 
      1006 SSD -1.4253930E+02 -1.0975508E-01  9.4784278E-01 -4.0104873E-01 -9.0609992E-01  3.4068539E+01 
      1007     -1.2281744E+00  1.2254858E-03  2.0360896E-02 -1.5540569E-02 -1.3401804E-02  7.0705580E-01 
      1007 SSD -1.4265193E+02  1.9236770E-01  9.6477042E-01 -7.4816435E-01 -6.8579699E-01  3.0756182E+01 
      1008     -1.2348938E+00  6.0835978E-03  2.0028422E-02 -1.7622815E-02 -7.1351284E-03  5.4017323E-01 
      1008 SSD -1.4293805E+02  4.2402528E-01  9.5997124E-01 -8.5977903E-01 -4.0338559E-01  2.3318285E+01 
      1009     -1.2385340E+00  1.4337841E-02  2.1014231E-02 -1.0584149E-02 -5.4115059E-03  3.2180510E-01 
      1009 SSD -1.4314367E+02  7.6427709E-01  9.9149753E-01 -5.6085338E-01 -2.6786756E-01  1.3821792E+01 
      1010     -1.2538998E+00  1.4782146E-02  2.0622696E-02 -1.4453689E-02  1.6099667E-02  1.0296718E-01 
      1010 SSD -1.4368710E+02  8.2904120E-01  9.7936743E-01 -7.0684095E-01  7.1626900E-01  4.4122115E+00 
      1011     -1.2526608E+00  2.3373736E-02  2.3260790E-02  1.9179680E-02 -3.7072577E-03 -1.9731307E-02 
      1011 SSD -1.4374520E+02  1.1673555E+00  1.0583203E+00  7.8634402E-01 -2.2552328E-01 -7.9660133E-01 
      1012     -1.2486509E+00  2.3442399E-02 -4.2437725E-02  1.3603109E-02 -4.0311055E-02  3.2768055E-02 
      1012 SSD -1.4391586E+02  1.2424434E+00 -1.6206408E+00  5.8523988E-01 -1.6446106E+00  1.4374832E+00 
      1013     -1.2388037E+00  3.2973374E-02 -4.0231953E-02  3.3844977E-02  1.0868916E-03 -1.1635062E-01 
      1013 SSD -1.4348890E+02  1.5380874E+00 -1.5572571E+00  1.5247894E+00 -2.0763759E-01 -4.9189934E+00 
      1014     -1.2260333E+00  1.8574250E-02 -4.1943504E-02  1.4987361E-02 -1.7646061E-03 -3.5518776E-01 
      1014 SSD -1.4302720E+02  9.7557674E-01 -1.6201566E+00  7.1250464E-01 -1.8911266E-01 -1.5164875E+01 
      1015     -1.2240516E+00  1.1560057E-02 -4.1492271E-02  7.1331857E-03  1.0383978E-02 -5.7643174E-01 
      1015 SSD -1.4287897E+02  7.2790792E-01 -1.6091467E+00  4.5597322E-01  2.9569347E-01 -2.4886957E+01 
      1016     -1.2196242E+00  4.6065881E-03 -4.1592687E-02 -8.6718470E-04  1.6579733E-02 -7.3144592E-01 
      1016 SSD -1.4267986E+02  4.6939555E-01 -1.6214318E+00  7.4503833E-02  7.8742690E-01 -3.1875781E+01 
      1017     -1.2178615E+00 -2.9363448E-03 -4.1811542E-02 -9.1838916E-03  1.7948189E-02 -7.7677985E-01 
      1017 SSD -1.4258293E+02  1.7803660E-01 -1.6447823E+00 -3.6575476E-01  9.1929651E-01 -3.3986339E+01 
      1018     -1.2204602E+00 -1.0799855E-02 -4.2029485E-02 -1.4231777E-02  1.3324660E-02 -7.0559337E-01 
      1018 SSD -1.4271440E+02 -1.5992520E-01 -1.6651492E+00 -6.8915004E-01  6.8365634E-01 -3.0731756E+01 
      1019     -1.2272735E+00 -1.5715495E-02 -4.1854986E-02 -1.8913179E-02  6.5453630E-03 -5.3784125E-01 
      1019 SSD -1.4301913E+02 -3.9472371E-01 -1.6654906E+00 -9.1771104E-01  3.7841741E-01 -2.3262252E+01 
      1020     -1.2303480E+00 -2.2257745E-02 -4.2656660E-02 -1.1744133E-02  5.8067926E-03 -3.1850939E-01 
      1020 SSD -1.4322082E+02 -6.8034688E-01 -1.6910914E+00 -6.1227064E-01  2.8281216E-01 -1.3716796E+01 
      1021     -1.2460098E+00 -2.4746879E-02 -4.2196609E-02 -1.1243805E-02 -1.6143819E-02 -1.0297815E-01 
      1021 SSD -1.4378896E+02 -8.0923396E-01 -1.6760732E+00 -5.7972447E-01 -7.1992194E-01 -4.4223844E+00 
      1022     -1.2445880E+00 -3.1546662E-02 -4.4306361E-02  1.4388793E-02  1.1206831E-03  2.2215863E-02 
      1022 SSD -1.4385509E+02 -1.0926784E+00 -1.7387120E+00  6.0507767E-01  1.2327576E-01  8.8565249E-01 
      1023     -1.2382042E+00 -3.2880687E-02 -4.2698964E-02  2.0917380E-02 -9.0326110E-02 -6.2219868E-03 
      1023 SSD -1.4352563E+02 -1.1516184E+00 -1.6822418E+00  9.9744230E-01 -3.9525021E+00 -3.5079439E-01 
      1024     -1.2317637E+00 -3.3991820E-02 -3.3301564E-02  1.6428427E-02 -3.0169706E-01  1.2656566E-03 
      1024 SSD -1.4321689E+02 -1.1890344E+00 -1.2838270E+00  7.7788416E-01 -1.3167362E+01  8.6898096E-02 
      1025     -1.2276103E+00 -3.4449463E-02 -2.5922988E-02  9.3367767E-03 -5.2623034E-01  6.6128297E-03 
      1025 SSD -1.4296819E+02 -1.2106847E+00 -1.0162862E+00  5.3447196E-01 -2.2934889E+01  3.8479683E-01 
      1026     -1.2234738E+00 -3.4658500E-02 -1.8711117E-02  1.9956182E-03 -6.9880362E-01  1.2432903E-02 
      1026 SSD -1.4272266E+02 -1.2287889E+00 -7.4609843E-01  1.8879047E-01 -3.0518167E+01  6.6906126E-01 
      1027     -1.2229309E+00 -3.4794542E-02 -1.2563871E-02 -5.3759890E-03 -7.7955178E-01  1.6587600E-02 
      1027 SSD -1.4263890E+02 -1.2495185E+00 -5.1037138E-01 -1.9543629E-01 -3.4027997E+01  8.8091333E-01 
      1028     -1.2250753E+00 -3.4858237E-02 -5.8402827E-03 -1.1059559E-02 -7.4625343E-01  1.4020666E-02 
      1028 SSD -1.4271697E+02 -1.2618875E+00 -2.1883544E-01 -5.6192797E-01 -3.2264728E+01  6.8956037E-01 
      1029     -1.2302453E+00 -3.4779505E-02 -1.9465145E-04 -1.7017544E-02 -6.0134607E-01  9.2309351E-03 
      1029 SSD -1.4291811E+02 -1.2649365E+00  4.8537402E-02 -8.6136427E-01 -2.5562170E+01  2.7441689E-01 
      1030     -1.2349562E+00 -3.4906750E-02  6.0676103E-03 -1.1297539E-02 -3.9013176E-01 -3.1389513E-03 
      1030 SSD -1.4313505E+02 -1.2695269E+00  3.2440821E-01 -6.0923579E-01 -1.6230148E+01 -2.6669709E-01 
      1031     -1.2484454E+00 -3.4672057E-02  7.1166925E-03 -1.9627081E-02 -1.4269966E-01  2.2301461E-03 
      1031 SSD -1.4360230E+02 -1.2679584E+00  4.0624741E-01 -9.1436463E-01 -5.7368083E+00 -1.5148288E-01 
      1032     -1.2450777E+00  2.4254488E-02  2.0261362E-02  2.0318180E-02  9.0608528E-02  6.5887697E-03 
      1032 SSD -1.4343585E+02  1.2126248E+00  9.5824818E-01  9.7477079E-01  3.9612910E+00  3.5978341E-01 
      1033     -1.2366186E+00  2.5206163E-02  1.1424600E-02  1.6827182E-02  3.0334394E-01 -1.2659635E-03 
      1033 SSD -1.4312327E+02  1.2449740E+00  5.7677934E-01  7.9089306E-01  1.3216387E+01 -9.4658419E-02 
      1034     -1.2308617E+00  2.5555845E-02  4.1490048E-03  9.3167684E-03  5.2895344E-01 -6.3784714E-03 
      1034 SSD -1.4288215E+02  1.2628685E+00  3.1154218E-01  5.3330259E-01  2.3018085E+01 -3.8073471E-01 
      1035     -1.2251173E+00  2.5717651E-02 -2.8484252E-03  1.9479892E-03  7.0118127E-01 -1.2652110E-02 
      1035 SSD -1.4264591E+02  1.2788846E+00  4.7569577E-02  1.8624218E-01  3.0589183E+01 -6.8497342E-01 
      1036     -1.2227193E+00  2.5881120E-02 -8.7479859E-03 -5.4606646E-03  7.8087886E-01 -1.5981464E-02 
      1036 SSD -1.4255878E+02  1.3009123E+00 -1.7834854E-01 -1.9692896E-01  3.4075579E+01 -8.5888338E-01 
      1037     -1.2234677E+00  2.5894317E-02 -1.5344991E-02 -1.1227551E-02  7.4549008E-01 -1.4527662E-02 
      1037 SSD -1.4265867E+02  1.3111848E+00 -4.6637821E-01 -5.7059607E-01  3.2238123E+01 -7.3232612E-01 
      1038     -1.2277658E+00  2.5793729E-02 -2.0846979E-02 -1.7222167E-02  5.9816558E-01 -9.9523704E-03 
      1038 SSD -1.4288627E+02  1.3151573E+00 -7.2690487E-01 -8.6642815E-01  2.5464553E+01 -2.9146553E-01 
      1039     -1.2308992E+00  2.5873449E-02 -2.7258075E-02 -1.1057856E-02  3.8699357E-01  3.9935206E-03 
      1039 SSD -1.4310674E+02  1.3186747E+00 -1.0083430E+00 -6.0038395E-01  1.6136580E+01  2.8999274E-01 
      1040     -1.2410188E+00  2.5924243E-02 -2.7122534E-02 -1.9709388E-02  1.4158187E-01 -6.9952385E-04 
      1040 SSD -1.4352983E+02  1.3252820E+00 -1.0532174E+00 -9.1796700E-01  5.7028780E+00  1.9859215E-01 
      1041      7.6223788E+00 -5.5061681E-03  1.3788054E-02  7.4860509E-04  4.7197950E-03  1.0223456E+00 
      1041 SSD  2.6158985E+02 -8.1092661E-02  6.7605912E-01  3.0226554E-02  2.7448391E-01  4.8314985E+01 
      1042      1.7917074E+01 -5.4945514E-03  7.6029581E-03  6.4397042E-04  2.4598673E-02  1.0681787E+00 
      1042 SSD  7.6031731E+02 -5.6757464E-02  4.1875822E-01  2.6628302E-02  1.3183221E+00  5.3137483E+01 
      1043      2.7595420E+01 -5.2602050E-03  1.4729658E-03  6.3569737E-04  3.6923015E-02  8.9741248E-01 
      1043 SSD  1.2554662E+03 -2.9566204E-02  1.6299813E-01  2.6365065E-02  2.2759960E+00  4.7695161E+01 
      1044      3.4679866E+01 -4.8475473E-03 -4.6167077E-03  6.2933773E-04  3.7739581E-02  5.4058325E-01 
      1044 SSD  1.6452452E+03 -1.5461204E-04 -9.1571090E-02  2.6166495E-02  2.8877361E+00  3.1711967E+01 
      1045      3.7342421E+01 -4.3400188E-03 -1.0695595E-02  6.2772620E-04 -9.7288520E-04 -1.6696996E-03 
      1045 SSD  1.8025652E+03  3.0220926E-02 -3.4561476E-01  2.6110267E-02 -3.0091344E-02 -5.0678799E-02 
      1046      3.4648140E+01 -3.8426623E-03 -1.6782406E-02  6.2993526E-04 -3.9572784E-02 -5.4357623E-01 
      1046 SSD  1.6442635E+03  6.0266063E-02 -5.9988086E-01  2.6173549E-02 -2.9435809E+00 -3.1805945E+01 
      1047      2.7542703E+01 -3.4578076E-03 -2.2899574E-02  6.3799310E-04 -3.8501281E-02 -8.9852366E-01 
      1047 SSD  1.2538137E+03  8.8792745E-02 -8.5521535E-01  2.6428211E-02 -2.3230185E+00 -4.7732657E+01 
      1048      1.7866514E+01 -3.2573012E-03 -2.9101926E-02  6.5064970E-04 -2.5513803E-02 -1.0666149E+00 
      1048 SSD  7.5866767E+02  1.1499566E-01 -1.1131172E+00  2.6820440E-02 -1.3434059E+00 -5.3098851E+01 
      1049      7.5974464E+00 -3.2724723E-03 -3.5491898E-02  7.4635518E-04 -4.6926697E-03 -1.0188550E+00 
      1049 SSD  2.6061795E+02  1.3865709E-01 -1.3767361E+00  2.9987857E-02 -2.7250937E-01 -4.8221599E+01 
      1050      3.4678562E+01  2.1311677E-03 -1.0180637E-02  6.2492675E-04  5.4017439E-01  3.7069439E-02 
      1050 SSD  1.6451529E+03  2.9787392E-01 -3.1498531E-01  2.6005998E-02  3.1710544E+01  2.8679594E+00 
      1051      2.7606286E+01  8.4843759E-03 -9.7570942E-03  6.2009306E-04  8.9574389E-01  3.7092823E-02 
      1051 SSD  1.2556134E+03  5.6112094E-01 -2.8521101E-01  2.5823531E-02  4.7656508E+01  2.2731534E+00 
      1052      1.7949096E+01  1.4668812E-02 -9.4721600E-03  6.1635203E-04  1.0660593E+00  2.7120057E-02 
      1052 SSD  7.6095166E+02  8.1858230E-01 -2.5636004E-01  2.5677539E-02  5.3093284E+01  1.3784430E+00 
      1053      7.6554765E+00  2.0714173E-02 -9.3079766E-03  6.7633430E-04  1.0242766E+00  9.1776219E-03 
      1053 SSD  2.6222666E+02  1.0723118E+00 -2.2713109E-01  2.8753279E-02  4.8361735E+01  3.8525088E-01 
      1054      2.5261418E+01  7.8365944E-03 -3.5541247E-03  6.2312938E-04  8.2965896E-01  4.0952553E-01 
      1054 SSD  1.1276567E+03  5.3025491E-01 -2.9766460E-02  2.5846916E-02  4.3137055E+01  2.1808355E+01 
      1055      1.9836514E+01  7.3295011E-03  2.8570563E-03  6.2553815E-04  6.6810071E-01  6.6818134E-01 
      1055 SSD  8.4838630E+02  5.0246519E-01  2.2985309E-01  2.6038419E-02  3.3575130E+01  3.3579068E+01 
      1056      1.2581759E+01  7.0324940E-03  9.3819921E-03  6.2086106E-04  4.4793698E-01  7.8813364E-01 
      1056 SSD  4.9250617E+02  4.8000717E-01  4.9393485E-01  2.6104648E-02  2.1709720E+01  3.7882950E+01 
      1057      5.0392453E+00  6.9515393E-03  1.5892969E-02  7.5222672E-04  2.0747388E-01  7.3667963E-01 
      1057 SSD  1.3756086E+02  4.6469302E-01  7.6345510E-01  3.3888332E-02  9.5986579E+00  3.3948553E+01 
      1058      2.5257014E+01  1.1866723E-03  2.1859871E-03  6.2983981E-04  4.0889160E-01  8.2990184E-01 
      1058 SSD  1.1275982E+03  2.4056884E-01  1.9615565E-01  2.6280380E-02  2.1801419E+01  4.3141004E+01 
      1059      3.1911090E+01  1.5897803E-03 -4.0509772E-03  6.2677948E-04  5.0797694E-01  5.0813076E-01 
      1059 SSD  1.4841299E+03  2.6777172E-01 -6.0517389E-02  2.6077716E-02  2.8643527E+01  2.8639785E+01 
      1060      1.6279760E+01  1.0046781E-03  8.4947001E-03  6.3008771E-04  2.7401672E-01  9.8407293E-01 
      1060 SSD  6.7558489E+02  2.1830031E-01  4.5529053E-01  2.6559425E-02  1.3899837E+01  4.8363397E+01 
      1061      6.8225858E+00  1.1019065E-03  1.4814238E-02  7.6227186E-04  1.2343605E-01  9.3287360E-01 
      1061 SSD  2.2209008E+02  2.0392348E-01  7.1753276E-01  3.3484570E-02  5.9546799E+00  4.3704423E+01 
      1062      5.0242190E+00  1.8811361E-02  3.7414894E-03  6.0592234E-04  7.4175402E-01  2.0885575E-01 
      1062 SSD  1.3720292E+02  9.9265479E-01  2.8545127E-01  2.2385154E-02  3.4096672E+01  9.6270663E+00 
      1063      1.2586507E+01  1.3250669E-02  3.4031478E-03  6.2063637E-04  7.8736137E-01  4.4791269E-01 
      1063 SSD  4.9267253E+02  7.5595463E-01  2.6102829E-01  2.5472755E-02  3.7851688E+01  2.1703583E+01 
      1064      6.8246016E+00  1.9818571E-02 -3.0583441E-03  6.3805440E-04  9.3630819E-01  1.2628192E-01 
      1064 SSD  2.2203665E+02  1.0356210E+00  2.2794070E-02  2.5074123E-02  4.3803142E+01  6.0065809E+00 
      1065      1.6291991E+01  1.3904342E-02 -3.2018817E-03  6.2065639E-04  9.8295945E-01  2.7510813E-01 
      1065 SSD  6.7582100E+02  7.8648557E-01 -1.0736059E-03  2.5504199E-02  4.8336230E+01  1.3907992E+01 
      1066      3.5027484E-01  1.6629377E-02  1.8364880E-02  5.3873079E-04  2.2702349E-01  2.1602641E-01 
      1066 SSD -7.3962824E+01  8.9971604E-01  8.6976532E-01  2.3562245E-02  9.8655432E+00  9.4845648E+00 
      1067      2.6765467E+00  1.7782872E-02  1.0898796E-02  5.5192004E-04  4.8760233E-01  2.4472433E-01 
      1067 SSD  2.9768586E+01  9.4877909E-01  5.6076604E-01  2.1035014E-02  2.1894579E+01  1.0988732E+01 
      1068      2.7107269E+00  1.3000787E-02  1.6905042E-02  7.2034321E-04  2.4150308E-01  4.7873823E-01 
      1068 SSD  3.0808760E+01  7.2781976E-01  8.0767828E-01  3.2243224E-02  1.0856920E+01  2.1602774E+01 
      1069      7.6967007E+00  1.2872187E-02  1.0194666E-02  6.1639976E-04  5.2261765E-01  5.2321103E-01 
      1069 SSD  2.5994089E+02  7.3314677E-01  5.3041685E-01  2.5488412E-02  2.4449498E+01  2.4480871E+01 
      1070      5.5894635E+00  1.0858616E-02 -3.3111884E-02  6.1916751E-04  2.1592461E-01 -7.9674751E-01 
      1070 SSD  1.6490416E+02  6.8839274E-01 -1.2845410E+00  2.2741157E-02  1.0016859E+01 -3.6785283E+01 
      1071      1.3640512E+01  1.0680668E-02 -2.7311513E-02  6.2456530E-04  4.4423870E-01 -8.3067066E-01 
      1071 SSD  5.4603653E+02  6.6840825E-01 -1.0383699E+00  2.5719310E-02  2.1944253E+01 -3.9970828E+01 
      1072      2.1046093E+01  1.0004165E-02 -2.1583363E-02  6.1683997E-04  6.7058964E-01 -6.7567563E-01 
      1072 SSD  9.1364432E+02  6.3281491E-01 -7.9089144E-01  2.5726744E-02  3.4297920E+01 -3.4434981E+01 
      1073      2.6114482E+01  9.2361576E-03 -1.5793641E-02  6.1602201E-04  8.3995016E-01 -3.6607006E-01 
      1073 SSD  1.1782686E+03  5.9578709E-01 -5.4057181E-01  2.5777522E-02  4.4413700E+01 -1.9668226E+01 
      1074      1.6945087E+01  3.6828632E-03 -2.8206697E-02  6.4698381E-04  2.4366979E-01 -1.0113042E+00 
      1074 SSD  7.1237554E+02  3.9374388E-01 -1.0766676E+00  2.6473556E-02  1.2506776E+01 -5.0024698E+01 
      1075      7.1711856E+00  3.8829576E-03 -3.4394596E-02  6.7088635E-04  1.2092946E-01 -9.7260178E-01 
      1075 SSD  2.4037586E+02  4.2159921E-01 -1.3334816E+00  2.5234554E-02  5.8380375E+00 -4.5763457E+01 
      1076      2.6071832E+01  3.2778176E-03 -2.2182473E-02  6.3190283E-04  3.6264302E-01 -8.4490841E-01 
      1076 SSD  1.1771098E+03  3.6278970E-01 -8.2194718E-01  2.6166057E-02  1.9572938E+01 -4.4542124E+01 
      1077      3.2562042E+01  2.7284911E-03 -1.6222354E-02  6.2535712E-04  4.7491021E-01 -4.7849633E-01 
      1077 SSD  1.5291458E+03  3.3008508E-01 -5.6899693E-01  2.6022120E-02  2.7006920E+01 -2.7109762E+01 
      1078      3.4013014E+00  2.4650531E-02 -2.6902456E-02  5.4294127E-04  5.3383079E-01 -2.5664662E-01 
      1078 SSD  6.0749623E+01  1.2293580E+00 -1.0042953E+00  2.5834870E-02  2.3987170E+01 -1.1586496E+01 
      1079      8.7745386E+00  1.7703475E-02 -2.6661737E-02  5.9861787E-04  5.4644856E-01 -5.5783023E-01 
      1079 SSD  3.0992601E+02  9.4404486E-01 -1.0054814E+00  2.5273433E-02  2.5757358E+01 -2.6076693E+01 
      1080      7.8826181E-01  2.6808686E-02 -3.0529806E-02  3.3513073E-04  2.3546754E-01 -2.5397263E-01 
      1080 SSD -5.5750255E+01  1.3123976E+00 -1.1812143E+00  1.4643461E-02  1.0284350E+01 -1.0860243E+01 
      1081      3.2892384E+00  1.8460994E-02 -3.1256579E-02  4.7245314E-04  2.4921267E-01 -5.4283482E-01 
      1081 SSD  5.7370241E+01  9.7529402E-01 -1.2120772E+00  1.7765445E-02  1.1382372E+01 -2.4285109E+01 
      1082      5.7169575E+00  2.2765092E-02 -2.1258107E-02  6.5399315E-04  7.9817196E-01 -2.1202747E-01 
      1082 SSD  1.6850597E+02  1.1562006E+00 -7.5434123E-01  3.0311501E-02  3.6813423E+01 -9.8764510E+00 
      1083      1.3717891E+01  1.6560260E-02 -2.1226922E-02  6.0043794E-04  8.2048694E-01 -4.4908236E-01 
      1083 SSD  5.4815408E+02  8.9715626E-01 -7.6586461E-01  2.5497049E-02  3.9690168E+01 -2.2068059E+01 
      1084      7.2668483E+00  2.1683949E-02 -1.5588033E-02  6.9251167E-04  9.7605875E-01 -1.1663733E-01 
      1084 SSD  2.4297822E+02  1.1115669E+00 -4.9710559E-01  3.1355036E-02  4.5849921E+01 -5.7163396E+00 
      1085      1.7038671E+01  1.5563382E-02 -1.5575231E-02  6.0732626E-04  1.0070257E+00 -2.4333008E-01 
      1085 SSD  7.1489353E+02  8.5528112E-01 -5.1626512E-01  2.5721548E-02  4.9909884E+01 -1.2505014E+01 
      1086      7.6416564E+00 -2.9362981E-02 -1.2067524E-02  6.7920670E-04 -1.0228256E+00 -1.0688219E-02 
      1086 SSD  2.6172346E+02 -1.0112555E+00 -4.6379041E-01  2.9358944E-02 -4.8319960E+01 -4.2928637E-01 
      1087      1.7921948E+01 -2.3311722E-02 -1.1938182E-02  6.2009618E-04 -1.0647784E+00 -2.9487260E-02 
      1087 SSD  7.6006011E+02 -7.5728513E-01 -4.3558447E-01  2.5935681E-02 -5.3058039E+01 -1.4499132E+00 
      1088      2.7576881E+01 -1.7151336E-02 -1.1652321E-02  6.2250292E-04 -8.9639726E-01 -4.0175226E-02 
      1088 SSD  1.2546893E+03 -5.0043948E-01 -4.0663786E-01  2.5915572E-02 -4.7679711E+01 -2.3673109E+00 
      1089      3.4660789E+01 -1.0808926E-02 -1.1217513E-02  6.2553566E-04 -5.4178996E-01 -4.0299013E-02 
      1089 SSD  1.6446013E+03 -2.3742362E-01 -3.7647035E-01  2.6045660E-02 -3.1761405E+01 -2.9660859E+00 
      1090      1.7035759E+01 -2.4194579E-02 -5.7570075E-03  6.0955286E-04 -1.0067572E+00  2.4075315E-01 
      1090 SSD  7.1480410E+02 -7.9365315E-01 -1.7283648E-01  2.5867390E-02 -4.9905974E+01  1.2412639E+01 
      1091      1.3738014E+01 -2.5159523E-02 -2.9440521E-05  6.1441624E-04 -8.2124198E-01  4.4682648E-01 
      1091 SSD  5.4886234E+02 -8.3479448E-01  7.9625153E-02  2.5941024E-02 -3.9712411E+01  2.1992275E+01 
      1092      8.8031587E+00 -2.6224188E-02  5.4102113E-03  6.1752585E-04 -5.4676367E-01  5.5840161E-01 
      1092 SSD  3.1098433E+02 -8.7954290E-01  3.1946380E-01  2.5871169E-02 -2.5764468E+01  2.6083874E+01 
      1093      3.3042611E+00 -2.6908937E-02  9.9705044E-03  6.0007695E-04 -2.4983372E-01  5.4502624E-01 
      1093 SSD  5.8079893E+01 -9.0907851E-01  5.2516377E-01  2.2056423E-02 -1.1403290E+01  2.4347411E+01 
      1094      5.7307602E+00 -3.1571298E-02  7.5182674E-05  6.4625718E-04 -7.9848430E-01  2.1127381E-01 
      1094 SSD  1.6898565E+02 -1.1002378E+00  7.0829434E-02  2.9752113E-02 -3.6828009E+01  9.8477765E+00 
      1095      7.2681017E+00 -3.0376360E-02 -5.6725741E-03  6.7523411E-04 -9.7553296E-01  1.1513712E-01 
      1095 SSD  2.4300383E+02 -1.0519195E+00 -1.8973887E-01  3.0998446E-02 -4.5829230E+01  5.6592363E+00 
      1096      3.4185936E+00 -3.3397665E-02  5.8264894E-03  5.0996251E-04 -5.3582639E-01  2.5686554E-01 
      1096 SSD  6.1419928E+01 -1.1716339E+00  3.2372144E-01  2.4480415E-02 -2.4060092E+01  1.1579448E+01 
      1097      7.9463313E-01 -3.5890103E-02  9.8596133E-03  2.8730572E-04 -2.3704339E-01  2.5604309E-01 
      1097 SSD -5.5344036E+01 -1.2644908E+00  5.1328395E-01  1.2701336E-02 -1.0340916E+01  1.0923680E+01 
      1098      2.6109676E+01 -1.1928594E-02  8.0257665E-04  6.3180941E-04 -3.6409988E-01  8.4335774E-01 
      1098 SSD  1.1783222E+03 -3.0160617E-01  1.3133418E-01  2.6162138E-02 -1.9615537E+01  4.4490656E+01 
      1099      2.1073132E+01 -1.8655334E-02  2.7397562E-04  6.1627231E-04 -6.7126517E-01  6.7385041E-01 
      1099 SSD  9.1454788E+02 -5.7180261E-01  1.0267099E-01  2.5728924E-02 -3.4316283E+01  3.4372983E+01 
      1100      3.2576295E+01 -1.1384956E-02 -5.1544694E-03  6.2515378E-04 -4.7659634E-01  4.7536622E-01 
      1100 SSD  1.5295944E+03 -2.6899288E-01 -1.2167780E-01  2.6033786E-02 -2.7058663E+01  2.7009724E+01 
      1101      2.6115928E+01 -1.7882946E-02 -5.5583536E-03  6.1796594E-04 -8.4090688E-01  3.6287495E-01 
      1101 SSD  1.1783284E+03 -5.3450220E-01 -1.4924812E-01  2.5857902E-02 -4.4442073E+01  1.9564068E+01 
      1102      7.1929644E+00 -1.2531549E-02  1.2810483E-02  6.7064291E-04 -1.2151390E-01  9.7534232E-01 
      1102 SSD  2.4125530E+02 -3.6041978E-01  6.3703048E-01  2.5158741E-02 -5.8557546E+00  4.5838108E+01 
      1103      1.6986006E+01 -1.2328089E-02  6.7708990E-03  6.4687749E-04 -2.4460414E-01  1.0122654E+00 
      1103 SSD  7.1375134E+02 -3.3248239E-01  3.8442630E-01  2.6435535E-02 -1.2533193E+01  5.0044193E+01 
      1104      5.6076702E+00 -1.9667367E-02  1.1827935E-02  6.0638225E-04 -2.1597611E-01  7.9936691E-01 
      1104 SSD  1.6569390E+02 -6.3254332E-01  5.9713139E-01  2.2405282E-02 -1.0013580E+01  3.6860595E+01 
      1105      1.3674021E+01 -1.9373329E-02  5.9961143E-03  6.1880788E-04 -4.4478361E-01  8.3109022E-01 
      1105 SSD  5.4721844E+02 -6.0883077E-01  3.5002913E-01  2.5559567E-02 -2.1956569E+01  3.9973183E+01 
      1106      2.6916048E+00 -2.1698382E-02 -3.8717274E-02  7.1546226E-04 -2.4118395E-01 -4.7613572E-01 
      1106 SSD  2.9955123E+01 -6.6881625E-01 -1.5122146E+00  3.2227616E-02 -1.0856540E+01 -2.1534789E+01 
      1107      7.6510837E+00 -2.1603470E-02 -3.1916244E-02  6.1701503E-04 -5.2053181E-01 -5.2048046E-01 
      1107 SSD  2.5837281E+02 -6.7514983E-01 -1.2323492E+00  2.5672735E-02 -2.4393158E+01 -2.4405916E+01 
      1108      1.2525009E+01 -2.1956084E-02 -2.5037208E-02  6.2687426E-04 -7.8493773E-01 -4.4768708E-01 
      1108 SSD  4.9068912E+02 -6.9696211E-01 -9.6044793E-01  2.5725292E-02 -3.7784462E+01 -2.1702835E+01 
      1109      1.6241005E+01 -2.2570806E-02 -1.8317258E-02  6.2233911E-04 -9.8113682E-01 -2.7763744E-01 
      1109 SSD  6.7419968E+02 -7.2602209E-01 -6.9470754E-01  2.5626605E-02 -4.8281534E+01 -1.3986518E+01 
      1110      2.6566587E+00 -2.6652822E-02 -3.2689477E-02  5.5159260E-04 -4.8433535E-01 -2.4354023E-01 
      1110 SSD  2.8932642E+01 -8.9567612E-01 -1.2651416E+00  2.0666134E-02 -2.1797289E+01 -1.0960442E+01 
      1111      3.4568013E-01 -2.5865317E-02 -4.0315958E-02  5.9755100E-04 -2.2474195E-01 -2.1399510E-01 
      1111 SSD -7.4400873E+01 -8.5794372E-01 -1.5789420E+00  2.5602132E-02 -9.7949543E+00 -9.4268718E+00 
      1112      4.9943780E+00 -2.7525093E-02 -2.5432766E-02  6.0843643E-04 -7.3757572E-01 -2.0837585E-01 
      1112 SSD  1.3612687E+02 -9.3433548E-01 -9.8718605E-01  2.2993291E-02 -3.3973800E+01 -9.6175439E+00 
      1113      6.7978508E+00 -2.8465586E-02 -1.8472870E-02  6.3507570E-04 -9.3297744E-01 -1.2757276E-01 
      1113 SSD  2.2111966E+02 -9.7471645E-01 -7.1945440E-01  2.5288185E-02 -4.3707387E+01 -6.0532718E+00 
      1114      1.6222629E+01 -9.9342370E-03 -3.0049171E-02  6.3804225E-04 -2.7443011E-01 -9.8149974E-01 
      1114 SSD  6.7375197E+02 -1.6595158E-01 -1.1515181E+00  2.6712338E-02 -1.3910941E+01 -4.8292895E+01 
      1115      1.2524588E+01 -1.5927942E-02 -3.1023661E-02  6.1552016E-04 -4.4767723E-01 -7.8485715E-01 
      1115 SSD  4.9065371E+02 -4.2690961E-01 -1.1931147E+00  2.6037536E-02 -2.1708444E+01 -3.7790487E+01 
      1116      6.7999295E+00 -1.0195503E-02 -3.6460514E-02  7.6264336E-04 -1.2286196E-01 -9.2852226E-01 
      1116 SSD  2.2122017E+02 -1.5685723E-01 -1.4166640E+00  3.3153884E-02 -5.9316599E+00 -4.3580747E+01 
      1117      5.0180692E+00 -1.5962063E-02 -3.7496735E-02  7.2689401E-04 -2.0770268E-01 -7.3273550E-01 
      1117 SSD  1.3672506E+02 -4.1527205E-01 -1.4611467E+00  3.3227390E-02 -9.6120055E+00 -3.3836623E+01 
      1118      3.1862629E+01 -1.0312932E-02 -1.7384958E-02  6.2831031E-04 -5.0953208E-01 -5.1104923E-01 
      1118 SSD  1.4826347E+03 -2.0878048E-01 -6.3218272E-01  2.6123951E-02 -2.8691505E+01 -2.8730203E+01 
      1119      2.5190525E+01 -9.9903451E-03 -2.3672487E-02  6.3357524E-04 -4.1015543E-01 -8.3048584E-01 
      1119 SSD  1.1255313E+03 -1.8418554E-01 -8.9037629E-01  2.6362136E-02 -2.1840279E+01 -4.3161077E+01 
      1120      2.5203405E+01 -1.6546715E-02 -1.7929558E-02  6.2575682E-04 -8.3000187E-01 -4.1230208E-01 
      1120 SSD  1.1258489E+03 -4.7099764E-01 -6.6460962E-01  2.5941873E-02 -4.3151320E+01 -2.1895414E+01 
      1121      1.9763782E+01 -1.6115316E-02 -2.4424612E-02  6.2623710E-04 -6.6822184E-01 -6.6826870E-01 
      1121 SSD  8.4610931E+02 -4.4574895E-01 -9.2684881E-01  2.6053674E-02 -3.3582749E+01 -3.3583307E+01 

