      NODE            V1             V2             V3             VR1            VR2            VR3
      1001     -1.4576545E+00 -4.0527377E-02  1.8895716E-02  1.7698632E-02  5.1428975E-02 -4.6295002E-02 
      1001 SSD -1.4911098E+02 -1.4150878E+00  9.3890515E-01  6.6893634E-01  1.8677462E+00 -1.7984105E+00 
      1002     -1.4448998E+00 -5.2978950E-02  1.6509177E-02  5.3083146E-02 -2.7920154E-03  1.5451680E-01 
      1002 SSD -1.4860686E+02 -1.7562251E+00  8.7473849E-01  2.0712304E+00  1.9230565E-01  5.8138213E+00 
      1003     -1.4281512E+00 -3.1729091E-02  1.9721268E-02  1.6849379E-02  1.2397284E-03  4.7010381E-01 
      1003 SSD -1.4804921E+02 -1.0199081E+00  9.7515052E-01  7.3961250E-01  1.8495984E-01  1.7813782E+01 
      1004     -1.4254201E+00 -2.5768061E-02  1.9263300E-02  9.0712700E-03 -1.4327021E-02  7.6066512E-01 
      1004 SSD -1.4786270E+02 -8.0656172E-01  9.6525190E-01  5.1585935E-01 -3.7539752E-01  2.9117487E+01 
      1005     -1.4198777E+00 -1.6230936E-02  1.9724737E-02 -1.9915075E-03 -2.1132277E-02  9.6444963E-01 
      1005 SSD -1.4762546E+02 -4.8153843E-01  9.8755225E-01  6.7486575E-02 -8.9936504E-01  3.7233012E+01 
      1006     -1.4179459E+00 -7.3975418E-03  2.0082926E-02 -1.3808334E-02 -2.2438162E-02  1.0249456E+00 
      1006 SSD -1.4751171E+02 -1.5294772E-01  1.0164267E+00 -4.7752539E-01 -1.0266284E+00  3.9682785E+01 
      1007     -1.4208686E+00  3.4839394E-04  2.0175379E-02 -2.0275795E-02 -1.7210909E-02  9.3311305E-01 
      1007 SSD -1.4763795E+02  1.8069644E-01  1.0342377E+00 -8.6016744E-01 -7.8216383E-01  3.5907850E+01 
      1008     -1.4292540E+00  5.6868816E-03  1.9764724E-02 -2.2978049E-02 -8.8277038E-03  7.1577869E-01 
      1008 SSD -1.4796495E+02  4.3336239E-01  1.0284283E+00 -9.8935765E-01 -4.5210250E-01  2.7303556E+01 
      1009     -1.4338023E+00  1.5297581E-02  2.1082151E-02 -1.3689341E-02 -6.9159973E-03  4.2806494E-01 
      1009 SSD -1.4819998E+02  8.1186629E-01  1.0662614E+00 -6.4155515E-01 -3.0605535E-01  1.6227215E+01 
      1010     -1.4540306E+00  1.4986447E-02  2.0622379E-02 -1.8692902E-02  2.1927242E-02  1.3742915E-01 
      1010 SSD -1.4884449E+02  8.7196569E-01  1.0528932E+00 -8.1260163E-01  8.4938912E-01  5.1917912E+00 
      1011     -1.4523943E+00  2.5268426E-02  2.4172291E-02  2.5768713E-02 -5.2610506E-03 -2.6554577E-02 
      1011 SSD -1.4890974E+02  1.2539636E+00  1.1483418E+00  9.3071065E-01 -2.6658348E-01 -9.4373161E-01 
      1012     -1.4457280E+00  2.5817615E-02 -5.2795001E-02  1.8288982E-02 -5.3036394E-02  4.2990226E-02 
      1012 SSD -1.4902703E+02  1.3443460E+00 -1.8541605E+00  6.9047869E-01 -1.9264991E+00  1.6766296E+00 
      1013     -1.4327403E+00  3.8774134E-02 -5.0162203E-02  4.4895002E-02  2.8675204E-03 -1.5222723E-01 
      1013 SSD -1.4852433E+02  1.7022049E+00 -1.7828291E+00  1.7850835E+00 -1.9083101E-01 -5.7417269E+00 
      1014     -1.4162053E+00  2.0800959E-02 -5.2473853E-02  1.9227904E-02 -1.3542716E-03 -4.6701443E-01 
      1014 SSD -1.4798196E+02  1.0544573E+00 -1.8581945E+00  8.1596743E-01 -1.8865373E-01 -1.7718275E+01 
      1015     -1.4137478E+00  1.2175827E-02 -5.1961757E-02  8.5035182E-03  1.4320915E-02 -7.5740484E-01 
      1015 SSD -1.4781349E+02  7.6825161E-01 -1.8463134E+00  5.0215659E-01  3.7455599E-01 -2.9026866E+01 
      1016     -1.4082114E+00  3.5793665E-03 -5.2101256E-02 -2.0499460E-03  2.1165951E-02 -9.6034417E-01 
      1016 SSD -1.4758535E+02  4.6851809E-01 -1.8601833E+00  5.8616653E-02  8.9727868E-01 -3.7118292E+01 
      1017     -1.4062928E+00 -5.4120369E-03 -5.2304432E-02 -1.2449408E-02  2.2861850E-02 -1.0212618E+00 
      1017 SSD -1.4748007E+02  1.3914395E-01 -1.8845105E+00 -4.3556666E-01  1.0419772E+00 -3.9580904E+01 
      1018     -1.4094843E+00 -1.4528147E-02 -5.2544081E-02 -1.8628208E-02  1.7088933E-02 -9.3096072E-01 
      1018 SSD -1.4762490E+02 -2.3556726E-01 -1.9063150E+00 -7.9326628E-01  7.7965337E-01 -3.5869050E+01 
      1019     -1.4181393E+00 -1.9912498E-02 -5.2328700E-02 -2.4612479E-02  8.0336780E-03 -7.1249579E-01 
      1019 SSD -1.4797037E+02 -4.9137782E-01 -1.9063593E+00 -1.0552912E+00  4.2295014E-01 -2.7227642E+01 
      1020     -1.4221146E+00 -2.7371242E-02 -5.3417675E-02 -1.5169440E-02  7.4102536E-03 -4.2363485E-01 
      1020 SSD -1.4819753E+02 -8.0676460E-01 -1.9373849E+00 -7.0056096E-01  3.2350570E-01 -1.6097645E+01 
      1021     -1.4428650E+00 -2.9674473E-02 -5.2879717E-02 -1.4517366E-02 -2.1986509E-02 -1.3739274E-01 
      1021 SSD -1.4886735E+02 -9.4172803E-01 -1.9208308E+00 -6.6425781E-01 -8.5297011E-01 -5.2005438E+00 
      1022     -1.4411446E+00 -3.7626387E-02 -5.5747448E-02  1.9462072E-02  1.8338641E-03  2.9847376E-02 
      1022 SSD -1.4893861E+02 -1.2588859E+00 -1.9970864E+00  7.1750680E-01  1.4670734E-01  1.0498232E+00 
      1023     -1.4326611E+00 -3.9483241E-02 -5.4592655E-02  2.8281424E-02 -1.2010569E-01 -8.3825795E-03 
      1023 SSD -1.4855798E+02 -1.3296174E+00 -1.9447693E+00  1.1735067E+00 -4.6349892E+00 -4.0771723E-01 
      1024     -1.4244200E+00 -4.0949539E-02 -4.2880280E-02  2.1096925E-02 -4.0043901E-01  1.2841544E-03 
      1024 SSD -1.4820672E+02 -1.3741645E+00 -1.4868505E+00  8.9204423E-01 -1.5425218E+01  9.1795715E-02 
      1025     -1.4192036E+00 -4.1579999E-02 -3.3932719E-02  1.1415920E-02 -6.9632786E-01  8.0492343E-03 
      1025 SSD -1.4792895E+02 -1.3998270E+00 -1.1805868E+00  5.9607296E-01 -2.6817092E+01  4.2904121E-01 
      1026     -1.4142740E+00 -4.1823903E-02 -2.5062641E-02  1.4813173E-03 -9.2185642E-01  1.5758488E-02 
      1026 SSD -1.4766060E+02 -1.4194771E+00 -8.6892821E-01  1.8899321E-01 -3.5608819E+01  7.5831078E-01 
      1027     -1.4139093E+00 -4.1932769E-02 -1.7652802E-02 -7.9956119E-03 -1.0255512E+00  2.0956645E-02 
      1027 SSD -1.4757690E+02 -1.4409477E+00 -5.9970857E-01 -2.4830769E-01 -3.9641152E+01  9.9400286E-01 
      1028     -1.4166884E+00 -4.1995333E-02 -9.8582766E-03 -1.4797022E-02 -9.8111397E-01  1.7839594E-02 
      1028 SSD -1.4766984E+02 -1.4541935E+00 -2.7588853E-01 -6.5048607E-01 -3.7604324E+01  7.8377894E-01 
      1029     -1.4234695E+00 -4.1922125E-02 -3.6708558E-03 -2.2002262E-02 -7.9201690E-01  1.2666799E-02 
      1029 SSD -1.4790790E+02 -1.4578582E+00  1.4537023E-02 -9.8440177E-01 -2.9866598E+01  3.4479728E-01 
      1030     -1.4296475E+00 -4.2157916E-02  3.3345778E-03 -1.4414186E-02 -5.1488045E-01 -3.1254425E-03 
      1030 SSD -1.4816275E+02 -1.4645040E+00  3.1694551E-01 -6.9248779E-01 -1.9018917E+01 -2.7716668E-01 
      1031     -1.4475543E+00 -4.1916550E-02  3.8432624E-03 -2.5241001E-02 -1.8846098E-01  4.5341910E-03 
      1031 SSD -1.4872205E+02 -1.4633272E+00  3.9784930E-01 -1.0518024E+00 -6.7424669E+00 -1.2227656E-01 
      1032     -1.4420362E+00  2.6521656E-02  2.1214517E-02  2.7502952E-02  1.2047063E-01  8.8965218E-03 
      1032 SSD -1.4853579E+02  1.3082991E+00  1.0446998E+00  1.1472408E+00  4.6467889E+00  4.2000097E-01 
      1033     -1.4308581E+00  2.7790161E-02  1.0260492E-02  2.1628267E-02  4.0262611E-01 -1.2615845E-03 
      1033 SSD -1.4816282E+02  1.3470517E+00  6.0734688E-01  9.0776162E-01  1.5487711E+01 -9.9242940E-02 
      1034     -1.4232434E+00  2.8288505E-02  1.4551859E-03  1.1400430E-02  6.9992869E-01 -7.7448925E-03 
      1034 SSD -1.4787697E+02  1.3684847E+00  3.0407146E-01  5.9495568E-01  2.6921941E+01 -4.2352587E-01 
      1035     -1.4159058E+00  2.8483392E-02 -7.1294786E-03  1.4225222E-03  9.2494402E-01 -1.6013533E-02 
      1035 SSD -1.4760245E+02  1.3859714E+00 -7.4964565E-05  1.8598180E-01  3.5698440E+01 -7.7535451E-01 
      1036     -1.4128775E+00  2.8626192E-02 -1.4244217E-02 -8.1126914E-03  1.0270867E+00 -2.0193902E-02 
      1036 SSD -1.4749940E+02  1.4089001E+00 -2.5843982E-01 -2.5054368E-01  3.9697502E+01 -9.6826589E-01 
      1037     -1.4134646E+00  2.8632647E-02 -2.1878593E-02 -1.4993755E-02  9.7990213E-01 -1.8348718E-02 
      1037 SSD -1.4759929E+02  1.4199022E+00 -5.7812480E-01 -6.6002322E-01  3.7572230E+01 -8.2801100E-01 
      1038     -1.4187995E+00  2.8513646E-02 -2.7921084E-02 -2.2270211E-02  7.8759146E-01 -1.3667206E-02 
      1038 SSD -1.4785225E+02  1.4241761E+00 -8.6143760E-01 -9.9073000E-01  2.9747311E+01 -3.6679127E-01 
      1039     -1.4227042E+00  2.8675845E-02 -3.5111724E-02 -1.4120820E-02  5.1047943E-01  4.2357598E-03 
      1039 SSD -1.4809646E+02  1.4293327E+00 -1.1701584E+00 -6.8238918E-01  1.8902763E+01  3.0574230E-01 
      1040     -1.4359358E+00  2.8796353E-02 -3.4120903E-02 -2.5311857E-02  1.8687376E-01 -2.4368223E-03 
      1040 SSD -1.4858664E+02  1.4377647E+00 -1.2080029E+00 -1.0554083E+00  6.7001381E+00  1.8070211E-01 
      1041      1.0118672E+01 -7.5576060E-03  1.2565351E-02  8.9281499E-04  2.9938572E-03  1.3234046E+00 
      1041 SSD  3.1982133E+02 -1.2585607E-01  7.1307335E-01  3.4139556E-02  2.5356376E-01  5.5551678E+01 
      1042      2.3373125E+01 -7.7255258E-03  5.3371788E-03  7.5436846E-04  2.5598219E-02  1.3672557E+00 
      1042 SSD  8.9067252E+02 -1.0313959E-01  4.2482527E-01  2.9843677E-02  1.3769655E+00  6.0534145E+01 
      1043      3.5697780E+01 -7.5586437E-03 -1.8150676E-03  7.4382806E-04  3.9185760E-02  1.1346947E+00 
      1043 SSD  1.4521617E+03 -7.5690204E-02  1.3852973E-01  2.9535920E-02  2.3860738E+00  5.3760354E+01 
      1044      4.4601677E+01 -7.1154949E-03 -8.9158626E-03  7.3564247E-04  3.9731012E-02  6.7192022E-01 
      1044 SSD  1.8892581E+03 -4.4366152E-02 -1.4633138E-01  2.9301111E-02  3.0132205E+00  3.5249226E+01 
      1045      4.7909483E+01 -6.5214520E-03 -1.6006485E-02  7.3364143E-04 -1.3449372E-03 -2.2990591E-03 
      1045 SSD  2.0640132E+03 -1.1137470E-02 -4.3063914E-01  2.9236289E-02 -3.8888037E-02 -6.3843426E-02 
      1046      4.4558413E+01 -5.9403554E-03 -2.3108288E-02  7.3655593E-04 -4.2295659E-02 -6.7596161E-01 
      1046 SSD  1.8880342E+03  2.1705967E-02 -7.1523015E-01  2.9313138E-02 -3.0863153E+00 -3.5365209E+01 
      1047      3.5626360E+01 -5.5329164E-03 -3.0247308E-02  7.4694961E-04 -4.1434954E-02 -1.1361516E+00 
      1047 SSD  1.4501178E+03  5.1990694E-02 -1.0010573E+00  2.9614089E-02 -2.4487727E+00 -5.3804761E+01 
      1048      2.3305228E+01 -5.4110368E-03 -3.7495707E-02  7.6323045E-04 -2.6954559E-02 -1.3650522E+00 
      1048 SSD  8.8866098E+02  7.8242158E-02 -1.2899479E+00  3.0076424E-02 -1.4122406E+00 -6.0482174E+01 
      1049      1.0086086E+01 -5.6166188E-03 -4.4987024E-02  8.9225809E-04 -3.0510805E-03 -1.3186344E+00 
      1049 SSD  3.1868658E+02  1.0008874E-01 -1.5856327E+00  3.3919975E-02 -2.5370829E-01 -5.5432290E+01 
      1050      4.4600637E+01  1.0595166E-03 -1.5405986E-02  7.3027708E-04  6.7122218E-01  3.8825594E-02 
      1050 SSD  1.8891627E+03  2.8881317E-01 -3.9710551E-01  2.9119476E-02  3.5244429E+01  2.9894680E+00 
      1051      3.5714708E+01  8.4941853E-03 -1.4951333E-02  7.2447551E-04  1.1322919E+00  3.9463108E-02 
      1051 SSD  1.4523884E+03  5.8376312E-01 -3.6534579E-01  2.8914331E-02  5.3710592E+01  2.3841850E+00 
      1052      2.3419587E+01  1.5712226E-02 -1.4722438E-02  7.2038171E-04  1.3643604E+00  2.9117856E-02 
      1052 SSD  8.9151462E+02  8.7195154E-01 -3.3596418E-01  2.8755533E-02  6.0478553E+01  1.4528510E+00 
      1053      1.0166600E+01  2.2749921E-02 -1.4701314E-02  8.0517081E-04  1.3260225E+00  9.2670625E-03 
      1053 SSD  3.2067261E+02  1.1556126E+00 -3.0762556E-01  3.2405341E-02  5.5608677E+01  3.9380828E-01 
      1054      3.2813961E+01  7.6687362E-03 -7.6621521E-03  7.2925017E-04  1.0525389E+00  5.1309881E-01 
      1054 SSD  1.3097692E+03  5.4852834E-01 -7.8403481E-02  2.8966996E-02  4.8778335E+01  2.4478450E+01 
      1055      2.5939087E+01  7.0481471E-03 -6.9690017E-05  7.3073377E-04  8.5251316E-01  8.5267790E-01 
      1055 SSD  9.9393484E+02  5.1750333E-01  2.1442401E-01  2.9149902E-02  3.8162728E+01  3.8168060E+01 
      1056      1.6620201E+01  6.7254185E-03  7.6539888E-03  7.2127402E-04  5.7568766E-01  1.0178008E+00 
      1056 SSD  5.8739989E+02  4.9340893E-01  5.1214771E-01  2.9139180E-02  2.4823524E+01  4.3459133E+01 
      1057      6.8222462E+00  6.6956555E-03  1.5288621E-02  8.8591041E-04  2.6923216E-01  9.6246824E-01 
      1057 SSD  1.7840518E+02  4.7795623E-01  8.1432621E-01  3.7870334E-02  1.1060849E+01  3.9293015E+01 
      1058      3.2806786E+01 -4.4216310E-05 -9.0547070E-04  7.3522224E-04  5.1209679E-01  1.0529694E+00 
      1058 SSD  1.3096746E+03  2.2612456E-01  1.7646328E-01  2.9403826E-02  2.4466896E+01  4.8784800E+01 
      1059      4.1191814E+01  4.0651453E-04 -8.2329277E-03  7.3255651E-04  6.3239840E-01  6.3273355E-01 
      1059 SSD  1.7107173E+03  2.5545572E-01 -1.1185159E-01  2.9200655E-02  3.1943504E+01  3.1941581E+01 
      1060      2.1337576E+01 -1.7615143E-04  6.5080101E-03  7.3214708E-04  3.4533698E-01  1.2638772E+00 
      1060 SSD  7.9566895E+02  2.0347037E-01  4.6756242E-01  2.9637459E-02  1.5696617E+01  5.5239652E+01 
      1061      9.1172617E+00  7.1521991E-05  1.3895202E-02  8.9842936E-04  1.5684726E-01  1.2124355E+00 
      1061 SSD  2.7524906E+02  1.9058481E-01  7.6126879E-01  3.7445408E-02  6.7721975E+00  5.0385288E+01 
      1062      6.7998684E+00  2.0276033E-02  9.6746499E-04  7.2748099E-04  9.6935767E-01  2.7129537E-01 
      1062 SSD  1.7792263E+02  1.0631067E+00  2.7526822E-01  2.5583035E-02  3.9474019E+01  1.1099855E+01 
      1063      1.6625915E+01  1.3858820E-02  5.8570471E-04  7.2983267E-04  1.0169926E+00  5.7575772E-01 
      1063 SSD  5.8758560E+02  7.9921904E-01  2.4886648E-01  2.8633075E-02  4.3426187E+01  2.4818078E+01 
      1064      9.1204221E+00  2.1576648E-02 -7.2605005E-03  7.6828228E-04  1.2170782E+00  1.6106675E-01 
      1064 SSD  2.7519727E+02  1.1127246E+00 -2.4742251E-02  2.8577704E-02  5.0505173E+01  6.8443658E+00 
      1065      2.1355344E+01  1.4702338E-02 -7.3124753E-03  7.2963200E-04  1.2624995E+00  3.4708510E-01 
      1065 SSD  7.9598211E+02  8.3433318E-01 -4.8344353E-02  2.8658592E-02  5.5208346E+01  1.5712698E+01 
      1066      6.7530832E-01  1.7409909E-02  1.8588033E-02  6.1396970E-04  3.0076125E-01  2.8566910E-01 
      1066 SSD -6.7129814E+01  9.5484192E-01  9.3929641E-01  2.6130215E-02  1.1547917E+01  1.1085907E+01 
      1067      3.7372698E+00  1.8934634E-02  9.5989327E-03  6.4512094E-04  6.4113499E-01  3.2095493E-01 
      1067 SSD  5.3666948E+01  1.0122047E+00  5.8887061E-01  2.3694215E-02  2.5470588E+01  1.2763386E+01 
      1068      3.7851737E+00  1.3566266E-02  1.6633491E-02  8.4901684E-04  3.1682852E-01  6.2907594E-01 
      1068 SSD  5.4959935E+01  7.6843241E-01  8.6611002E-01  3.6102831E-02  1.2610859E+01  2.5117223E+01 
      1069      1.0302015E+01  1.3385910E-02  8.6984781E-03  7.2062153E-04  6.7967521E-01  6.8020028E-01 
      1069 SSD  3.2026717E+02  7.7361357E-01  5.5403320E-01  2.8563349E-02  2.8201011E+01  2.8232852E+01 
      1070      7.4573800E+00  1.1368541E-02 -4.1868831E-02  7.3755744E-04  2.8083058E-01 -1.0318024E+00 
      1070 SSD  2.0831716E+02  7.2511166E-01 -1.4775857E+00  2.5867172E-02  1.1549569E+01 -4.2390866E+01 
      1071      1.7836321E+01  1.1225617E-02 -3.5148541E-02  7.3334380E-04  5.7081673E-01 -1.0671070E+00 
      1071 SSD  6.4562014E+02  7.0459246E-01 -1.2026759E+00  2.8886227E-02  2.5051977E+01 -4.5723375E+01 
      1072      2.7310848E+01  1.0414396E-02 -2.8594308E-02  7.1941144E-04  8.5426361E-01 -8.6132795E-01 
      1072 SSD  1.0642521E+03  6.6521815E-01 -9.2810356E-01  2.8787725E-02  3.8899433E+01 -3.9070348E+01 
      1073      3.3768421E+01  9.4544602E-03 -2.1957545E-02  7.1791156E-04  1.0627258E+00 -4.6680517E-01 
      1073 SSD  1.3638440E+03  6.2341086E-01 -6.5030695E-01  2.8827303E-02  5.0095890E+01 -2.2226383E+01 
      1074      2.2084362E+01  2.8147151E-03 -3.6312499E-02  7.6216914E-04  3.1371508E-01 -1.2943254E+00 
      1074 SSD  8.3520599E+02  3.9239836E-01 -1.2471157E+00  2.9767696E-02  1.4236923E+01 -5.7007065E+01 
      1075      9.5123166E+00  2.8923513E-03 -4.3548931E-02  8.0559502E-04  1.5743800E-01 -1.2573697E+00 
      1075 SSD  2.9505863E+02  4.1956351E-01 -1.5349500E+00  2.8763343E-02  6.7051625E+00 -5.2606170E+01 
      1076      3.3709281E+01  2.4160947E-03 -2.9332335E-02  7.3994803E-04  4.6205520E-01 -1.0695710E+00 
      1076 SSD  1.3623923E+03  3.6013645E-01 -9.6296482E-01  2.9330896E-02  2.2106192E+01 -5.0255745E+01 
      1077      4.1902128E+01  1.7831480E-03 -2.2434352E-02  7.3072282E-04  5.9655851E-01 -6.0154920E-01 
      1077 SSD  1.7582581E+03  3.2457559E-01 -6.8096676E-01  2.9137135E-02  3.0209779E+01 -3.0339507E+01 
      1078      4.6242256E+00  2.7899519E-02 -3.4660591E-02  6.1471581E-04  6.9361713E-01 -3.3463459E-01 
      1078 SSD  8.8560635E+01  1.3392733E+00 -1.1650547E+00  2.8528714E-02  2.7753000E+01 -1.3411358E+01 
      1079      1.1574947E+01  1.9663860E-02 -3.4324755E-02  6.9473324E-04  7.0546508E-01 -7.2100235E-01 
      1079 SSD  3.7547588E+02  1.0177342E+00 -1.1652443E+00  2.8230265E-02  2.9592026E+01 -2.9982861E+01 
      1080      1.2164831E+00  3.0755983E-02 -3.8492159E-02  3.3722746E-04  3.0745288E-01 -3.3287497E-01 
      1080 SSD -4.6446056E+01  1.4372762E+00 -1.3568990E+00  1.5564565E-02  1.1958694E+01 -1.2661496E+01 
      1081      4.4710720E+00  2.0642656E-02 -3.9451316E-02  5.3296511E-04  3.2462834E-01 -7.0592356E-01 
      1081 SSD  8.4444624E+01  1.0538394E+00 -1.3929342E+00  1.9712419E-02  1.3164036E+01 -2.8113281E+01 
      1082      7.6322608E+00  2.5442765E-02 -2.8339839E-02  7.5415754E-04  1.0334720E+00 -2.7574858E-01 
      1082 SSD  2.1273163E+02  1.2537544E+00 -8.9050177E-01  3.3610516E-02  4.2422866E+01 -1.1383757E+01 
      1083      1.7942131E+01  1.8190978E-02 -2.8204315E-02  6.9375566E-04  1.0533067E+00 -5.7748499E-01 
      1083 SSD  6.4822161E+02  9.6356702E-01 -9.0115766E-01  2.8400264E-02  4.5381353E+01 -2.5205999E+01 
      1084      9.6446113E+00  2.4024253E-02 -2.1976945E-02  8.1148441E-04  1.2619960E+00 -1.5156400E-01 
      1084 SSD  2.9827048E+02  1.2016093E+00 -6.0804780E-01  3.4978951E-02  5.2713358E+01 -6.5557671E+00 
      1085      2.2213239E+01  1.6892848E-02 -2.1795913E-02  7.0412819E-04  1.2884946E+00 -3.1334325E-01 
      1085 SSD  8.3832596E+02  9.1496576E-01 -6.2560123E-01  2.8685930E-02  5.6867856E+01 -1.4236697E+01 
      1086      1.0148069E+01 -3.5744320E-02 -1.7279948E-02  8.0225824E-04 -1.3240122E+00 -1.1359589E-02 
      1086 SSD  3.2005599E+02 -1.1769457E+00 -5.5310246E-01  3.2933510E-02 -5.5552537E+01 -4.4960346E-01 
      1087      2.3382646E+01 -2.8701520E-02 -1.7308516E-02  7.2328067E-04 -1.3625809E+00 -3.2449762E-02 
      1087 SSD  8.9038624E+02 -8.9306854E-01 -5.2603944E-01  2.9007437E-02 -6.0432299E+01 -1.5445953E+00 
      1088      3.5674319E+01 -2.1516820E-02 -1.7082108E-02  7.2729071E-04 -1.1331397E+00 -4.3737381E-02 
      1088 SSD  1.4512042E+03 -6.0567044E-01 -4.9660744E-01  2.9015403E-02 -5.3738672E+01 -2.5035663E+00 
      1089      4.4576066E+01 -1.4098276E-02 -1.6615217E-02  7.3069588E-04 -6.7344607E-01 -4.3288717E-02 
      1089 SSD  1.8884506E+03 -3.1104847E-01 -4.6442569E-01  2.9157051E-02 -3.5309717E+01 -3.1135166E+00 
      1090      2.2209205E+01 -2.9867949E-02 -1.0142509E-02  7.0541439E-04 -1.2880682E+00  3.0996440E-01 
      1090 SSD  8.3818741E+02 -9.3569091E-01 -2.3324118E-01  2.8820762E-02 -5.6860447E+01  1.4126240E+01 
      1091      1.7968248E+01 -3.1122434E-02 -3.6480694E-03  7.1137881E-04 -1.0542575E+00  5.7455171E-01 
      1091 SSD  6.4903763E+02 -9.8335099E-01  4.5426643E-02  2.8917665E-02 -4.5406856E+01  2.5115651E+01 
      1092      1.1611683E+01 -3.2491454E-02  2.4750111E-03  7.2025814E-04 -7.0585664E-01  7.2183543E-01 
      1092 SSD  3.7669748E+02 -1.0349275E+00  3.0970250E-01  2.8958779E-02 -2.9600088E+01  2.9993714E+01 
      1093      4.4890143E+00 -3.3374265E-02  7.5520618E-03  6.9795016E-04 -3.2542692E-01  7.0889573E-01 
      1093 SSD  8.5224942E+01 -1.0689484E+00  5.3621598E-01  2.4758494E-02 -1.3188091E+01  2.8190264E+01 
      1094      7.6503240E+00 -3.8633045E-02 -3.4250995E-03  7.4390766E-04 -1.0338916E+00  2.7477906E-01 
      1094 SSD  2.1329273E+02 -1.2808901E+00  3.7803609E-02  3.2980468E-02 -4.2438289E+01  1.1349980E+01 
      1095      9.6462799E+00 -3.7075257E-02 -9.8685695E-03  7.8424435E-04 -1.2613505E+00  1.4961681E-01 
      1095 SSD  2.9829247E+02 -1.2245775E+00 -2.4814671E-01  3.4448827E-02 -5.2687421E+01  6.4887401E+00 
      1096      4.6464045E+00 -4.1010736E-02  3.0297867E-03  5.7449101E-04 -6.9620203E-01  3.3501699E-01 
      1096 SSD  8.9334547E+01 -1.3642727E+00  3.1579469E-01  2.7012560E-02 -2.7837343E+01  1.3406043E+01 
      1097      1.2232881E+00 -4.4282415E-02  7.3748341E-03  2.7904170E-04 -3.0948665E-01  3.3571817E-01 
      1097 SSD -4.6015257E+01 -1.4736029E+00  5.2234753E-01  1.3367133E-02 -1.2024171E+01  1.2739913E+01 
      1098      3.3759687E+01 -1.5420441E-02 -2.6720338E-03  7.3970167E-04 -4.6409672E-01  1.0675352E+00 
      1098 SSD  1.3638543E+03 -3.8150374E-01  1.0227057E-01  2.9324053E-02 -2.2162056E+01  5.0194034E+01 
      1099      2.7346132E+01 -2.3415939E-02 -3.3222206E-03  7.1825369E-04 -8.5521371E-01  8.5893123E-01 
      1099 SSD  1.0653083E+03 -6.8669462E-01  7.0149713E-02  2.8779576E-02 -3.8923871E+01  3.8995828E+01 
      1100      4.1921094E+01 -1.4795134E-02 -9.5619148E-03  7.3007840E-04 -5.9888814E-01  5.9735336E-01 
      1100 SSD  1.7587895E+03 -3.4606316E-01 -1.7970462E-01  2.9141818E-02 -3.0276433E+01  3.0216814E+01 
      1101      3.3769847E+01 -2.2451933E-02 -1.0006897E-02  7.2000550E-04 -1.0640042E+00  4.6256180E-01 
      1101 SSD  1.3638783E+03 -6.4461217E-01 -2.0937336E-01  2.8911856E-02 -5.0131346E+01  2.2099703E+01 
      1102      9.5399890E+00 -1.5895149E-02  1.1271849E-02  8.0561519E-04 -1.5826532E-01  1.2610902E+00 
      1102 SSD  2.9606250E+02 -4.4096559E-01  6.6713836E-01  2.8689277E-02 -6.7278052E+00  5.2700208E+01 
      1103      2.2138296E+01 -1.5811772E-02  4.2326732E-03  7.6230786E-04 -3.1505496E-01  1.2956918E+00 
      1103 SSD  8.3684589E+02 -4.1366805E-01  3.8442186E-01  2.9731474E-02 -1.4272346E+01  5.7034165E+01 
      1104      7.4797564E+00 -2.4566940E-02  9.9758397E-03  7.2090028E-04 -2.8095766E-01  1.0353152E+00 
      1104 SSD  2.0919816E+02 -7.5253144E-01  6.2038120E-01  2.5461090E-02 -1.1547248E+01  4.2483405E+01 
      1105      1.7879657E+01 -2.4278155E-02  3.2200571E-03  7.2550021E-04 -5.7158788E-01  1.0677489E+00 
      1105 SSD  6.4699767E+02 -7.2770025E-01  3.4448799E-01  2.8687067E-02 -2.5068830E+01  4.5728959E+01 
      1106      3.7593897E+00 -2.6614960E-02 -4.9188905E-02  8.4013323E-04 -3.1629203E-01 -6.2542892E-01 
      1106 SSD  5.3965345E+01 -7.9205844E-01 -1.7430498E+00  3.6017878E-02 -1.2605601E+01 -2.5026244E+01 
      1107      1.0239378E+01 -2.6478026E-02 -4.1130311E-02  7.2003393E-04 -6.7674237E-01 -6.7642622E-01 
      1107 SSD  3.1832877E+02 -7.9840980E-01 -1.4277575E+00  2.8739022E-02 -2.8126327E+01 -2.8134614E+01 
      1108      1.6541366E+01 -2.6920661E-02 -3.2899736E-02  7.3707011E-04 -1.0135801E+00 -5.7544302E-01 
      1108 SSD  5.8509437E+02 -8.2290112E-01 -1.1195139E+00  2.8908205E-02 -4.3337475E+01 -2.4814615E+01 
      1109      2.1285264E+01 -2.7718733E-02 -2.4852797E-02  7.3076445E-04 -1.2599442E+00 -3.5057240E-01 
      1109 SSD  7.9393057E+02 -8.5638039E-01 -8.1801688E-01  2.8774461E-02 -5.5137182E+01 -1.5810966E+01 
      1110      3.7103191E+00 -3.2195992E-02 -4.2113569E-02  6.4591242E-04 -6.3665643E-01 -3.1929474E-01 
      1110 SSD  5.2680735E+01 -1.0425256E+00 -1.4653334E+00  2.3315399E-02 -2.5346350E+01 -1.2724170E+01 
      1111      6.6943361E-01 -3.1138795E-02 -5.1323715E-02  6.9325274E-04 -2.9771612E-01 -2.8292723E-01 
      1111 SSD -6.7589810E+01 -9.9842178E-01 -1.8216894E+00  2.8587186E-02 -1.1460701E+01 -1.1012720E+01 
      1112      6.7592160E+00 -3.3340986E-02 -3.3345459E-02  7.2830585E-04 -9.6362212E-01 -2.7066392E-01 
      1112 SSD  1.7661023E+02 -1.0873952E+00 -1.1484142E+00  2.6197040E-02 -3.9316349E+01 -1.1086565E+01 
      1113      9.0840127E+00 -3.4564060E-02 -2.4910314E-02  7.6021511E-04 -1.2124878E+00 -1.6282608E-01 
      1113 SSD  2.7406545E+02 -1.1341573E+00 -8.4243322E-01  2.8708536E-02 -5.0380626E+01 -6.9009145E+00 
      1114      2.1259541E+01 -1.3179617E-02 -3.8735656E-02  7.4326041E-04 -3.4603992E-01 -1.2603072E+00 
      1114 SSD  7.9338944E+02 -2.3508571E-01 -1.3348256E+00  2.9845776E-02 -1.5714803E+01 -5.5147593E+01 
      1115      1.6541341E+01 -2.0030515E-02 -3.9989161E-02  7.1310114E-04 -5.7534137E-01 -1.0132838E+00 
      1115 SSD  5.8507776E+02 -5.2400961E-01 -1.3827713E+00  2.9027074E-02 -2.4820933E+01 -4.3339410E+01 
      1116      9.0865851E+00 -1.3635333E-02 -4.6242799E-02  9.0061353E-04 -1.5622280E-01 -1.2064912E+00 
      1116 SSD  2.7420689E+02 -2.2833564E-01 -1.6319973E+00  3.7129273E-02 -6.7481381E+00 -5.0227946E+01 
      1117      6.7930598E+00 -2.0144859E-02 -4.7583630E-02  8.5056407E-04 -2.6951918E-01 -9.5700320E-01 
      1117 SSD  1.7739787E+02 -5.1281208E-01 -1.6834060E+00  3.7031421E-02 -1.1075289E+01 -3.9148005E+01 
      1118      4.1125131E+01 -1.3502048E-02 -2.3836490E-02  7.3444436E-04 -6.3457466E-01 -6.3671320E-01 
      1118 SSD  1.7088220E+03 -2.7937627E-01 -7.5112913E-01  2.9253799E-02 -3.2006173E+01 -3.2054111E+01 
      1119      3.2715612E+01 -1.3152435E-02 -3.1231276E-02  7.4035692E-04 -5.1392723E-01 -1.0537456E+00 
      1119 SSD  1.3070756E+03 -2.5305933E-01 -1.0412828E+00  2.9510575E-02 -2.4519254E+01 -4.8808213E+01 
      1120      3.2733986E+01 -2.0744292E-02 -2.4464281E-02  7.3245337E-04 -1.0530006E+00 -5.1693159E-01 
      1120 SSD  1.3074702E+03 -5.7206568E-01 -7.8645136E-01  2.9074216E-02 -4.8795952E+01 -2.4587646E+01 
      1121      2.5838784E+01 -2.0216930E-02 -3.2166035E-02  7.3160721E-04 -8.5268990E-01 -8.5281083E-01 
      1121 SSD  9.9105410E+02 -5.4394482E-01 -1.0823846E+00  2.9169161E-02 -3.8172157E+01 -3.8172218E+01 

