      NODE            V1             V2             V3             VR1            VR2            VR3
      1001     -1.7070834E+00 -5.0211958E-02  1.4956851E-02  2.5209907E-02  7.0976676E-02 -6.3743828E-02 
      1001 SSD -1.5560977E+02 -1.6491462E+00  9.6792524E-01  8.1006766E-01  2.2347210E+00 -2.1403726E+00 
      1002     -1.6891569E+00 -6.8088969E-02  1.2048188E-02  7.3828167E-02 -5.9121345E-03  2.1193166E-01 
      1002 SSD -1.5500625E+02 -2.0743332E+00  8.9521976E-01  2.4776662E+00  1.6121585E-01  6.9263685E+00 
      1003     -1.6661688E+00 -4.0522668E-02  1.6530140E-02  2.2493905E-02  2.9771099E-04  6.4847562E-01 
      1003 SSD -1.5433972E+02 -1.2120172E+00  1.0176856E+00  8.5774576E-01  1.7819437E-01  2.1250059E+01 
      1004     -1.6623872E+00 -3.3213841E-02  1.6014779E-02  1.1283329E-02 -2.0756766E-02  1.0490512E+00 
      1004 SSD -1.5412701E+02 -9.6496343E-01  1.0071863E+00  5.7592391E-01 -4.8567888E-01  3.4677393E+01 
      1005     -1.6548922E+00 -2.1068925E-02  1.6657083E-02 -4.1656298E-03 -2.8376243E-02  1.3294741E+00 
      1005 SSD -1.5385282E+02 -5.8341450E-01  1.0333430E+00  4.0100185E-02 -1.0438878E+00  4.4273090E+01 
      1006     -1.6524985E+00 -1.0428713E-02  1.7024560E-02 -1.9682435E-02 -3.0000860E-02  1.4150714E+00 
      1006 SSD -1.5372977E+02 -2.1041075E-01  1.0638299E+00 -5.8290637E-01 -1.1835921E+00  4.7198859E+01 
      1007     -1.6560077E+00 -1.5428973E-03  1.7091658E-02 -2.7826453E-02 -2.3119011E-02  1.2930941E+00 
      1007 SSD -1.5387221E+02  1.5902893E-01  1.0824391E+00 -1.0091794E+00 -9.0723562E-01  4.2818342E+01 
      1008     -1.6669221E+00  4.1326431E-03  1.6559596E-02 -3.1436013E-02 -1.1339201E-02  9.9598225E-01 
      1008 SSD -1.5425154E+02  4.3324185E-01  1.0751808E+00 -1.1604078E+00 -5.1288352E-01  3.2662161E+01 
      1009     -1.6728214E+00  1.5414168E-02  1.8407920E-02 -1.8549491E-02 -9.2152183E-03  5.9797103E-01 
      1009 SSD -1.5452324E+02  8.5601778E-01  1.1217040E+00 -7.4666967E-01 -3.5517164E-01  1.9468652E+01 
      1010     -1.7007292E+00  1.3524724E-02  1.7858024E-02 -2.5290941E-02  3.1371451E-02  1.9265544E-01 
      1010 SSD -1.5530388E+02  9.0366315E-01  1.1068983E+00 -9.5061383E-01  1.0304759E+00  6.2444402E+00 
      1011     -1.6984588E+00  2.6075720E-02  2.2873889E-02  3.6356247E-02 -7.8291230E-03 -3.7546883E-02 
      1011 SSD -1.5537641E+02  1.3385958E+00  1.2252913E+00  1.1268802E+00 -3.2223847E-01 -1.1443464E+00 
      1012     -1.6870552E+00  2.7520222E-02 -6.8029585E-02  2.5847909E-02 -7.3245490E-02  5.9174949E-02 
      1012 SSD -1.5541640E+02  1.4504682E+00 -2.1555778E+00  8.3335699E-01 -2.3053540E+00  1.9954636E+00 
      1013     -1.6690872E+00  4.6137407E-02 -6.4796737E-02  6.2517409E-02  6.0071170E-03 -2.0882061E-01 
      1013 SSD -1.5481291E+02  1.8963824E+00 -2.0743771E+00  2.1338069E+00 -1.5886151E-01 -6.8390963E+00 
      1014     -1.6466685E+00  2.2908998E-02 -6.8075351E-02  2.5811916E-02 -4.8906737E-04 -6.4435587E-01 
      1014 SSD -1.5416316E+02  1.1396029E+00 -2.1668478E+00  9.5094096E-01 -1.8260186E-01 -2.1135982E+01 
      1015     -1.6435161E+00  1.2037727E-02 -6.7485559E-02  1.0436430E-02  2.0723346E-02 -1.0446289E+00 
      1015 SSD -1.5397007E+02  8.0518924E-01 -2.1539875E+00  5.5756530E-01  4.8497791E-01 -3.4566590E+01 
      1016     -1.6362945E+00  1.1556895E-03 -6.7686842E-02 -4.1699772E-03  2.8407412E-02 -1.3238489E+00 
      1016 SSD -1.5370499E+02  4.5401267E-01 -2.1698438E+00  3.1581846E-02  1.0421459E+00 -4.4131574E+01 
      1017     -1.6342004E+00 -9.7595751E-03 -6.7850471E-02 -1.7779988E-02  3.0530638E-02 -1.4099408E+00 
      1017 SSD -1.5359065E+02  7.8671243E-02 -2.1949783E+00 -5.3175808E-01  1.2015587E+00 -4.7070392E+01 
      1018     -1.6383204E+00 -2.0427169E-02 -6.8112225E-02 -2.5654645E-02  2.2917649E-02 -1.2898468E+00 
      1018 SSD -1.5375317E+02 -3.3872312E-01 -2.2183214E+00 -9.3200238E-01  9.0398407E-01 -4.2759506E+01 
      1019     -1.6498510E+00 -2.6122141E-02 -6.7831898E-02 -3.3604672E-02  1.0215533E-02 -9.9118798E-01 
      1019 SSD -1.5415254E+02 -6.1594685E-01 -2.2178502E+00 -1.2368002E+00  4.7794195E-01 -3.2558761E+01 
      1020     -1.6552446E+00 -3.4578944E-02 -6.9385120E-02 -2.0521863E-02  9.8571971E-03 -5.9175367E-01 
      1020 SSD -1.5441297E+02 -9.6437129E-01 -2.2564146E+00 -8.1555289E-01  3.7576461E-01 -1.9305792E+01 
      1021     -1.6841023E+00 -3.6185028E-02 -6.8745074E-02 -1.9604003E-02 -3.1457739E-02 -1.9254046E-01 
      1021 SSD -1.5522153E+02 -1.1012659E+00 -2.2380784E+00 -7.7401590E-01 -1.0340682E+00 -6.2511825E+00 
      1022     -1.6819801E+00 -4.5561206E-02 -7.2838866E-02  2.7649508E-02  3.0617262E-03  4.2130108E-02 
      1022 SSD -1.5529925E+02 -1.4578159E+00 -2.3333914E+00  8.7059867E-01  1.7842276E-01  1.2734925E+00 
      1023     -1.6701599E+00 -4.8277257E-02 -7.2799242E-02  4.0183807E-02 -1.6773276E-01 -1.1863032E-02 
      1023 SSD -1.5485006E+02 -1.5447958E+00 -2.2922121E+00  1.4112384E+00 -5.5534696E+00 -4.8348041E-01 
      1024     -1.6591479E+00 -5.0309249E-02 -5.7722800E-02  2.8324918E-02 -5.5818885E-01  1.1707172E-03 
      1024 SSD -1.5444301E+02 -1.5990887E+00 -1.7588397E+00  1.0407844E+00 -1.8461405E+01  9.5402733E-02 
      1025     -1.6523416E+00 -5.1221115E-02 -4.6627491E-02  1.4449712E-02 -9.6764105E-01  1.0129332E-02 
      1025 SSD -1.5412819E+02 -1.6302103E+00 -1.4047713E+00  6.7208472E-01 -3.2030636E+01  4.8325480E-01 
      1026     -1.6462849E+00 -5.1515097E-02 -3.5440406E-02  3.4130996E-04 -1.2771781E+00  2.0843157E-02 
      1026 SSD -1.5383180E+02 -1.6516834E+00 -1.0413110E+00  1.8232024E-01 -4.2435880E+01  8.7242992E-01 
      1027     -1.6462948E+00 -5.1569080E-02 -2.6374233E-02 -1.2402979E-02 -1.4170217E+00  2.7737866E-02 
      1027 SSD -1.5374992E+02 -1.6736819E+00 -7.3163423E-01 -3.2378625E-01 -4.7161239E+01  1.1399859E+00 
      1028     -1.6501322E+00 -5.1620405E-02 -1.7286523E-02 -2.0846948E-02 -1.3546772E+00  2.3861760E-02 
      1028 SSD -1.5386284E+02 -1.6877926E+00 -3.7058228E-01 -7.6949596E-01 -4.4759361E+01  9.0749501E-01 
      1029     -1.6594949E+00 -5.1557265E-02 -1.0681664E-02 -2.9876210E-02 -1.0953328E+00  1.8257892E-02 
      1029 SSD -1.5415016E+02 -1.6922156E+00 -5.6294392E-02 -1.1461536E+00 -3.5642735E+01  4.4304152E-01 
      1030     -1.6680132E+00 -5.1983348E-02 -2.9783390E-03 -1.9252062E-02 -7.1334674E-01 -2.8680542E-03 
      1030 SSD -1.5445486E+02 -1.7019270E+00  2.7438970E-01 -7.9997588E-01 -2.2767772E+01 -2.8517587E-01 
      1031     -1.6929727E+00 -5.1754733E-02 -3.7040564E-03 -3.3952831E-02 -2.6118985E-01  8.5505429E-03 
      1031 SSD -1.5513903E+02 -1.7015155E+00  3.4805423E-01 -1.2312636E+00 -8.0967126E+00 -7.3130303E-02 
      1032     -1.6835782E+00  2.7947951E-02  2.0387775E-02  3.9122013E-02  1.6820690E-01  1.2620447E-02 
      1032 SSD -1.5491455E+02  1.4054145E+00  1.1223357E+00  1.3801378E+00  5.5689713E+00  5.0028326E-01 
      1033     -1.6680636E+00  2.9724382E-02  6.3879548E-03  2.9066461E-02  5.6117714E-01 -1.1039100E-03 
      1033 SSD -1.5446044E+02  1.4529623E+00  6.1456317E-01  1.0601959E+00  1.8541482E+01 -1.0233716E-01 
      1034     -1.6574849E+00  3.0467879E-02 -4.5022503E-03  1.4445003E-02  9.7253811E-01 -9.7097579E-03 
      1034 SSD -1.5411518E+02  1.4792425E+00  2.6444321E-01  6.7109547E-01  3.2163701E+01 -4.7579823E-01 
      1035     -1.6476392E+00  3.0711910E-02 -1.5291967E-02  2.6779528E-04  1.2812594E+00 -2.1144189E-02 
      1035 SSD -1.5379049E+02  1.4984889E+00 -8.9727094E-02  1.7873799E-01  4.2549082E+01 -8.9086536E-01 
      1036     -1.6435980E+00  3.0809709E-02 -2.3993006E-02 -1.2568436E-02  1.4187230E+00 -2.6723610E-02 
      1036 SSD -1.5366661E+02  1.5221507E+00 -3.8723043E-01 -3.2701469E-01  4.7227089E+01 -1.1093699E+00 
      1037     -1.6438590E+00  3.0797488E-02 -3.2868267E-02 -2.1082856E-02  1.3525989E+00 -2.4345758E-02 
      1037 SSD -1.5376493E+02  1.5338485E+00 -7.4329490E-01 -7.8007012E-01  4.4717546E+01 -9.5301043E-01 
      1038     -1.6507454E+00  3.0648453E-02 -3.9334428E-02 -3.0240295E-02  1.0888012E+00 -1.9699498E-02 
      1038 SSD -1.5405040E+02  1.5383878E+00 -1.0502712E+00 -1.1541713E+00  3.5491821E+01 -4.7203735E-01 
      1039     -1.6557872E+00  3.0957841E-02 -4.7280507E-02 -1.8879731E-02  7.0683545E-01  4.3838027E-03 
      1039 SSD -1.5432441E+02  1.5460044E+00 -1.3882667E+00 -7.8828877E-01  2.2619000E+01  3.2085288E-01 
      1040     -1.6739042E+00  3.1207050E-02 -4.4576297E-02 -3.3993829E-02  2.5881739E-01 -5.5262453E-03 
      1040 SSD -1.5490454E+02  1.5571029E+00 -1.4108158E+00 -1.2346858E+00  8.0421830E+00  1.4728325E-01 
      1041      1.4132010E+01 -1.0941886E-02  8.2458454E-03  1.0840487E-03 -3.7205459E-04  1.7965623E+00 
      1041 SSD  3.9749381E+02 -1.8670543E-01  7.2393186E-01  3.8864627E-02  2.1299827E-01  6.5088808E+01 
      1042      3.2023766E+01 -1.1437573E-02 -2.5172263E-04  8.9089389E-04  2.6091345E-02  1.8342739E+00 
      1042 SSD  1.0629570E+03 -1.6728717E-01  3.9967670E-01  3.3606219E-02  1.4307854E+00  7.0188351E+01 
      1043      4.8471874E+01 -1.1410950E-02 -8.6400600E-03  8.7672621E-04  4.1526328E-02  1.5032734E+00 
      1043 SSD  1.7106661E+03 -1.4035119E-01  7.7942542E-02  3.3237492E-02  2.4983748E+00  6.1595333E+01 
      1044      6.0196036E+01 -1.0942894E-02 -1.6960497E-02  8.6565457E-04  4.1803187E-02  8.7461364E-01 
      1044 SSD  2.2085772E+03 -1.0707154E-01 -2.4204098E-01  3.2953376E-02  3.1401493E+00  3.9750002E+01 
      1045      6.4499587E+01 -1.0229152E-02 -2.5272731E-02  8.6304136E-04 -1.9156385E-03 -3.2906847E-03 
      1045 SSD  2.4054998E+03 -7.0475918E-02 -5.6145197E-01  3.2877051E-02 -5.0726491E-02 -8.1918483E-02 
      1046      6.0134664E+01 -9.5326613E-03 -3.3601444E-02  8.6707344E-04 -4.5496698E-02 -8.8029439E-01 
      1046 SSD  2.2070218E+03 -3.4338939E-02 -8.8123185E-01  3.2972534E-02 -3.2365644E+00 -3.9895987E+01 
      1047      4.8371223E+01 -9.1126331E-03 -4.1977466E-02  8.8114299E-04 -4.4822891E-02 -1.5052535E+00 
      1047 SSD  1.7080884E+03 -2.3063108E-03 -1.2024629E+00  3.3336258E-02 -2.5824437E+00 -6.1649009E+01 
      1048      3.1929015E+01 -9.1486636E-03 -5.0499681E-02  9.0313372E-04 -2.8145475E-02 -1.8310378E+00 
      1048 SSD  1.0604540E+03  2.3144450E-02 -1.5274144E+00  3.3893844E-02 -1.4801489E+00 -7.0117858E+01 
      1049      1.4087997E+01 -9.6995304E-03 -5.9351039E-02  1.0862887E-03  1.7220294E-04 -1.7897650E+00 
      1049 SSD  3.9614194E+02  4.1417429E-02 -1.8606125E+00  3.8676655E-02 -2.1630352E-01 -6.4933683E+01 
      1050      6.0195749E+01 -1.2758829E-03 -2.4557228E-02  8.5883877E-04  8.7338235E-01  4.0517317E-02 
      1050 SSD  2.2084815E+03  2.6726212E-01 -5.2451314E-01  3.2744245E-02  3.9739582E+01  3.1107790E+00 
      1051      4.8499725E+01  7.4873386E-03 -2.4079480E-02  8.5162414E-04  1.4995948E+00  4.1996151E-02 
      1051 SSD  1.7110190E+03  5.9921707E-01 -4.9072484E-01  3.2510493E-02  6.1528926E+01  2.4982171E+00 
      1052      3.2095351E+01  1.5959340E-02 -2.3975320E-02  8.4720366E-04  1.8300861E+00  3.1272885E-02 
      1052 SSD  1.0641136E+03  9.2310433E-01 -4.6151044E-01  3.2338228E-02  7.0116126E+01  1.5296956E+00 
      1053      1.4205706E+01  2.4187540E-02 -2.4226880E-02  9.7314975E-04  1.8003194E+00  8.9227519E-03 
      1053 SSD  3.9866964E+02  1.2413938E+00 -4.3550720E-01  3.6778453E-02  6.5160557E+01  3.9614807E-01 
      1054      4.4745247E+01  6.3873483E-03 -1.5442203E-02  8.5933553E-04  1.3990179E+00  6.7327235E-01 
      1054 SSD  1.5497187E+03  5.5831764E-01 -1.6682302E-01  3.2607023E-02  5.6085972E+01  2.7910993E+01 
      1055      3.5616563E+01  5.5987041E-03 -6.3427680E-03  8.5896301E-04  1.1399228E+00  1.1402753E+00 
      1055 SSD  1.1865027E+03  5.2327255E-01  1.6546305E-01  3.2770193E-02  4.4135855E+01  4.4143407E+01 
      1056      2.3069623E+01  5.2534938E-03  2.9122837E-03  8.4110759E-04  7.7556458E-01  1.3778533E+00 
      1056 SSD  7.1368460E+02  4.9746162E-01  5.0317254E-01  3.2638328E-02  2.8903448E+01  5.0783972E+01 
      1057      9.7226098E+00  5.3276793E-03  1.1942772E-02  1.0566181E-03  3.6647911E-01  1.3189555E+00 
      1057 SSD  2.3334670E+02  4.8240114E-01  8.4363796E-01  4.2570623E-02  1.2994212E+01  4.6379490E+01 
      1058      4.4732924E+01 -2.5975724E-03 -7.4275223E-03  8.6354903E-04  6.7160763E-01  1.3998185E+00 
      1058 SSD  1.5495660E+03  1.9825062E-01  1.2208243E-01  3.3035590E-02  2.7892017E+01  5.6096565E+01 
      1059      5.5802419E+01 -2.0912872E-03 -1.6108631E-02  8.6178094E-04  8.2432007E-01  8.2500740E-01 
      1059 SSD  2.0079768E+03  2.2992005E-01 -2.0336630E-01  3.2837817E-02  3.6155570E+01  3.6156942E+01 
      1060      2.9376351E+01 -2.6219445E-03  1.3602031E-03  8.5451672E-04  4.5587982E-01  1.7013751E+00 
      1060 SSD  9.5479476E+02  1.7579766E-01  4.5072094E-01  3.3191813E-02  1.8021034E+01  6.4234954E+01 
      1061      1.2819770E+01 -2.1010720E-03  1.0053733E-02  1.0740466E-03  2.0889750E-01  1.6526249E+00 
      1061 SSD  3.4637710E+02  1.6578786E-01  7.8109438E-01  4.2143793E-02  7.8387740E+00  5.9211247E+01 
      1062      9.6882285E+00  2.0813747E-02 -5.0995965E-03  8.8769605E-04  1.3287808E+00  3.6972392E-01 
      1062 SSD  2.3268112E+02  1.1317776E+00  2.3243918E-01  2.9465077E-02  4.6606495E+01  1.3049158E+01 
      1063      2.3077015E+01  1.3419028E-02 -5.5309967E-03  8.6571565E-04  1.3770265E+00  7.7585223E-01 
      1063 SSD  7.1389463E+02  8.3695237E-01  2.0386808E-01  3.2346765E-02  5.0749763E+01  2.8899606E+01 
      1064      1.2825598E+01  2.2576207E-02 -1.5255134E-02  9.4120973E-04  1.6592325E+00  2.1546610E-01 
      1064 SSD  3.4633428E+02  1.1902276E+00 -1.1329191E-01  3.2832461E-02  5.9360779E+01  7.9416636E+00 
      1065      2.9404063E+01  1.4560290E-02 -1.5125863E-02  8.6508540E-04  1.6995810E+00  4.5879837E-01 
      1065 SSD  9.5522567E+02  8.7809223E-01 -1.3564762E-01  3.2362770E-02  6.4198177E+01  1.8050065E+01 
      1066      1.2669492E+00  1.6860874E-02  1.6567104E-02  6.9371884E-04  4.1827047E-01  3.9652803E-01 
      1066 SSD -5.7470251E+01  1.0029802E+00  9.9379237E-01  2.8986859E-02  1.3806442E+01  1.3231703E+01 
      1067      5.4966393E+00  1.8977530E-02  5.5214079E-03  7.5768578E-04  8.8450879E-01  4.4170117E-01 
      1067 SSD  8.6111073E+01  1.0715016E+00  5.9285819E-01  2.6794701E-02  3.0237715E+01  1.5127210E+01 
      1068      5.5669622E+00  1.3066183E-02  1.3819016E-02  1.0125930E-03  4.3615361E-01  8.6728892E-01 
      1068 SSD  8.7762587E+01  8.0304468E-01  9.0559000E-01  4.0658233E-02  1.4947440E+01  2.9798838E+01 
      1069      1.4501681E+01  1.2801732E-02  4.3180348E-03  8.4779087E-04  9.2692715E-01  9.2729378E-01 
      1069 SSD  4.0105889E+02  8.0781021E-01  5.5215570E-01  3.2145364E-02  3.3157464E+01  3.3188582E+01 
      1070      1.0473659E+01  1.1094714E-02 -5.5070360E-02  8.9002626E-04  3.8338952E-01 -1.4012229E+00 
      1070 SSD  2.6629834E+02  7.5790812E-01 -1.7313190E+00  2.9614756E-02  1.3581133E+01 -4.9790484E+01 
      1071      2.4502822E+01  1.1029667E-02 -4.7277674E-02  8.6798504E-04  7.6923748E-01 -1.4371730E+00 
      1071 SSD  7.7745671E+02  7.3727107E-01 -1.4234634E+00  3.2598985E-02  2.9123352E+01 -5.3264952E+01 
      1072      3.7210867E+01  1.0023663E-02 -3.9815672E-02  8.4342634E-04  1.1407361E+00 -1.1510690E+00 
      1072 SSD  1.2627280E+03  6.9328124E-01 -1.1184942E+00  3.2339290E-02  4.4884283E+01 -4.5103652E+01 
      1073      4.5836935E+01  8.7710101E-03 -3.2234861E-02  8.4083228E-04  1.4089657E+00 -6.2415240E-01 
      1073 SSD  1.6077586E+03  6.4535770E-01 -8.0974851E-01  3.2361874E-02  5.7442820E+01 -2.5545792E+01 
      1074      3.0231241E+01  7.3712573E-04 -4.8861870E-02  9.0686989E-04  4.2382086E-01 -1.7363769E+00 
      1074 SSD  9.9748024E+02  3.7953500E-01 -1.4760330E+00  3.3651673E-02  1.6502418E+01 -6.6125417E+01 
      1075      1.3276650E+01  5.8074138E-04 -5.7376529E-02  9.8410277E-04  2.1533093E-01 -1.7046288E+00 
      1075 SSD  3.6795104E+02  4.0475261E-01 -1.7999901E+00  3.3046020E-02  7.8544236E+00 -6.1621019E+01 
      1076      4.5750767E+01  3.7857165E-04 -4.0758761E-02  8.7284781E-04  6.1725952E-01 -1.4189200E+00 
      1076 SSD  1.6058911E+03  3.4627589E-01 -1.1581143E+00  3.3027954E-02  2.5390698E+01 -5.7647692E+01 
      1077      5.6589059E+01 -3.6665819E-04 -3.2764625E-02  8.5927159E-04  7.8518942E-01 -7.9246373E-01 
      1077 SSD  2.0582853E+03  3.0740547E-01 -8.4284857E-01  3.2763428E-02  3.4316919E+01 -3.4484382E+01 
      1078      6.6254042E+00  3.1250064E-02 -4.6679670E-02  6.8767709E-04  9.4508279E-01 -4.5788509E-01 
      1078 SSD  1.2596709E+02  1.4606711E+00 -1.3816071E+00  3.1499077E-02  3.2740221E+01 -1.5835443E+01 
      1079      1.6053722E+01  2.1354183E-02 -4.6187582E-02  8.0821030E-04  9.5501267E-01 -9.7732588E-01 
      1079 SSD  4.6265499E+02  1.0959415E+00 -1.3801882E+00  3.1633038E-02  3.4639454E+01 -3.5131353E+01 
      1080      1.9625663E+00  3.5214989E-02 -5.0442475E-02  2.9830067E-04  4.2103854E-01 -4.5773187E-01 
      1080 SSD -3.3634267E+01  1.5788748E+00 -1.5874223E+00  1.6179347E-02  1.4186058E+01 -1.5066938E+01 
      1081      6.4052731E+00  2.2678527E-02 -5.1770318E-02  5.9075977E-04  4.4369060E-01 -9.6277029E-01 
      1081 SSD  1.2081497E+02  1.1384630E+00 -1.6303869E+00  2.1813360E-02  1.5527005E+01 -3.3187656E+01 
      1082      1.0726253E+01  2.7895314E-02 -3.9723869E-02  8.7108689E-04  1.4032208E+00 -3.7647619E-01 
      1082 SSD  2.7186780E+02  1.3586189E+00 -1.0806837E+00  3.7375969E-02  4.9827005E+01 -1.3381482E+01 
      1083      2.4655164E+01  1.9366644E-02 -3.9395085E-02  8.0213701E-04  1.4174846E+00 -7.7891434E-01 
      1083 SSD  7.8074532E+02  1.0321483E+00 -1.0895105E+00  3.1716745E-02  5.2836172E+01 -2.9320729E+01 
      1084      1.3469493E+01  2.5942386E-02 -3.2684593E-02  9.6067152E-04  1.7111300E+00 -2.0687702E-01 
      1084 SSD  3.7203806E+02  1.2964091E+00 -7.7090856E-01  3.9228490E-02  6.1756951E+01 -7.6658754E+00 
      1085      3.0418098E+01  1.7593577E-02 -3.2195580E-02  8.1851915E-04  1.7279810E+00 -4.2340290E-01 
      1085 SSD  1.0014580E+03  9.7459050E-01 -7.8529424E-01  3.2092974E-02  6.5951073E+01 -1.6504153E+01 
      1086      1.4180382E+01 -4.4567426E-02 -2.6257908E-02  9.5974044E-04 -1.7974702E+00 -1.1936980E-02 
      1086 SSD  3.9790393E+02 -1.3809148E+00 -6.8646022E-01  3.7171705E-02 -6.5085468E+01 -4.6824503E-01 
      1087      3.2043770E+01 -3.6336491E-02 -2.6583969E-02  8.4831611E-04 -1.8275090E+00 -3.6138499E-02 
      1087 SSD  1.0626708E+03 -1.0624592E+00 -6.6209781E-01  3.2572529E-02 -7.0054743E+01 -1.6494672E+00 
      1088      4.8442616E+01 -2.7913171E-02 -2.6488902E-02  8.5500019E-04 -1.5007181E+00 -4.8156202E-02 
      1088 SSD  1.7094863E+03 -7.3961184E-01 -6.3291332E-01  3.2622439E-02 -6.1563282E+01 -2.6522952E+00 
      1089      6.0160760E+01 -1.9175052E-02 -2.5998191E-02  8.5886564E-04 -8.7653412E-01 -4.6926928E-02 
      1089 SSD  2.2075535E+03 -4.0812667E-01 -5.9867603E-01  3.2777279E-02 -3.9824214E+01 -3.2704483E+00 
      1090      3.0412980E+01 -3.7953434E-02 -1.8250196E-02  8.1793330E-04 -1.7272908E+00  4.1879573E-01 
      1090 SSD  1.0012603E+03 -1.1134810E+00 -3.3475306E-01  3.2205786E-02 -6.5938731E+01  1.6369591E+01 
      1091      2.4691002E+01 -3.9664784E-02 -1.0951570E-02  8.2523756E-04 -1.4187271E+00  7.7496357E-01 
      1091 SSD  7.8171061E+02 -1.1698151E+00 -2.7137719E-02  3.2330240E-02 -5.2866039E+01  2.9211145E+01 
      1092      1.6103018E+01 -4.1508973E-02 -4.1614264E-03  8.4431160E-04 -9.5550906E-01  9.7862505E-01 
      1092 SSD  4.6409478E+02 -1.2304035E+00  2.6366232E-01  3.2541895E-02 -3.4648792E+01  3.5147964E+01 
      1093      6.4270922E+00 -4.2700923E-02  1.3465186E-03  8.1403898E-04 -4.4476088E-01  9.6701632E-01 
      1093 SSD  1.2168076E+02 -1.2703279E+00  5.1227625E-01  2.7873891E-02 -1.5555326E+01  3.3285197E+01 
      1094      1.0751267E+01 -4.8530974E-02 -1.0514139E-02  8.5643685E-04 -1.4038396E+00  3.7520434E-01 
      1094 SSD  2.7254103E+02 -1.5048917E+00 -3.2538324E-02  3.6649328E-02 -4.9844018E+01  1.3341195E+01 
      1095      1.3472341E+01 -4.6399902E-02 -1.7634023E-02  9.1655576E-04 -1.7103483E+00  2.0425378E-01 
      1095 SSD  3.7205971E+02 -1.4378796E+00 -3.4595007E-01  3.8441574E-02 -6.1724782E+01  7.5857266E+00 
      1096      6.6551200E+00 -5.1775243E-02 -3.3845003E-03  6.3672729E-04 -9.4860239E-01  4.5857538E-01 
      1096 SSD  1.2687814E+02 -1.6042963E+00  2.7246817E-01  2.9779243E-02 -3.2840127E+01  1.5833260E+01 
      1097      1.9693874E+00 -5.6276766E-02  1.0552231E-03  2.2497621E-04 -4.2379029E-01  4.6184780E-01 
      1097 SSD -3.3180621E+01 -1.7358061E+00  4.9571659E-01  1.3660360E-02 -1.4263604E+01  1.5166375E+01 
      1098      4.5820864E+01 -2.0783988E-02 -9.7835635E-03  8.7234492E-04 -6.2020468E-01  1.4161541E+00 
      1098 SSD  1.6076942E+03 -4.8609539E-01  3.5727656E-02  3.3016914E-02 -2.5464584E+01  5.7572350E+01 
      1099      3.7259229E+01 -3.0420824E-02 -1.0612157E-02  8.4124764E-04 -1.1420996E+00  1.1478150E+00 
      1099 SSD  1.2639938E+03 -8.3311644E-01 -6.9193009E-04  3.2315416E-02 -4.4916934E+01  4.5012563E+01 
      1100      5.6615632E+01 -2.0049303E-02 -1.7760776E-02  8.5785132E-04 -7.8850535E-01  7.8661141E-01 
      1100 SSD  2.0589329E+03 -4.4738402E-01 -2.7938430E-01  3.2757101E-02 -3.4403657E+01  3.4330973E+01 
      1101      4.5838789E+01 -2.9164480E-02 -1.8247487E-02  8.4306423E-04 -1.4107215E+00  6.1828889E-01 
      1101 SSD  1.6077637E+03 -7.8491569E-01 -3.1130667E-01  3.2450333E-02 -5.7487681E+01  2.5388753E+01 
      1102      1.3312909E+01 -2.0985879E-02  6.4525720E-03  9.8471990E-04 -2.1654575E-01  1.7099098E+00 
      1102 SSD  3.6911746E+02 -5.4465116E-01  6.6872166E-01  3.2977998E-02 -7.8839834E+00  6.1741771E+01 
      1103      3.0305237E+01 -2.1132624E-02 -1.7872854E-03  9.0750948E-04 -4.2579471E-01  1.7384161E+00 
      1103 SSD  9.9947679E+02 -5.1922981E-01  3.5113158E-01  3.3620155E-02 -1.6550230E+01  6.6163369E+01 
      1104      1.0501865E+01 -3.1749041E-02  4.6602936E-03  8.6733757E-04 -3.8364031E-01  1.4061690E+00 
      1104 SSD  2.6729435E+02 -9.0472094E-01  6.1275977E-01  2.9112981E-02 -1.3580418E+01  4.9906822E+01 
      1105      2.4561276E+01 -3.1492424E-02 -3.1726963E-03  8.5679095E-04 -7.7035309E-01  1.4382131E+00 
      1105 SSD  7.7909656E+02 -8.7899663E-01  3.0386997E-01  3.2344913E-02 -2.9146461E+01  5.3275617E+01 
      1106      5.5310259E+00 -3.3506659E-02 -6.5095475E-02  9.9653665E-04 -4.3526806E-01 -8.6199016E-01 
      1106 SSD  8.6575115E+01 -9.4514012E-01 -2.0473177E+00  4.0463881E-02 -1.4935348E+01 -2.9676378E+01 
      1107      1.4412553E+01 -3.3300963E-02 -5.5418170E-02  8.4486067E-04 -9.2264909E-01 -9.2187844E-01 
      1107 SSD  3.9861472E+02 -9.5129960E-01 -1.6898190E+00  3.2299807E-02 -3.3057581E+01 -3.3058689E+01 
      1108      2.2956560E+01 -3.3882078E-02 -4.5403139E-02  8.7430318E-04 -1.3720404E+00 -7.7541480E-01 
      1108 SSD  7.1071199E+02 -9.7918446E-01 -1.3376762E+00  3.2648432E-02 -5.0631516E+01 -2.8892745E+01 
      1109      2.9304511E+01 -3.4969034E-02 -3.5606538E-02  8.6505794E-04 -1.6958575E+00 -4.6382051E-01 
      1109 SSD  9.5259203E+02 -1.0184909E+00 -9.9299867E-01  3.2464340E-02 -6.4104450E+01 -1.8175709E+01 
      1110      5.4588871E+00 -3.9690679E-02 -5.6723841E-02  7.6044276E-04 -8.7812976E-01 -4.3929573E-01 
      1110 SSD  8.4919080E+01 -1.2213150E+00 -1.7336269E+00  2.6411812E-02 -3.0076912E+01 -1.5073197E+01 
      1111      1.2593555E+00 -3.8197809E-02 -6.8088542E-02  8.0592804E-04 -4.1403599E-01 -3.9267431E-01 
      1111 SSD -5.7961920E+01 -1.1686262E+00 -2.1420663E+00  3.2018115E-02 -1.3696857E+01 -1.3137587E+01 
      1112      9.6309436E+00 -4.1269668E-02 -4.5906533E-02  8.8498479E-04 -1.3206061E+00 -3.6886951E-01 
      1112 SSD  2.3104722E+02 -1.2744892E+00 -1.3689490E+00  3.0065036E-02 -4.6401625E+01 -1.3031028E+01 
      1113      1.2774500E+01 -4.2939870E-02 -3.5470188E-02  9.2412653E-04 -1.6526852E+00 -2.1797843E-01 
      1113 SSD  3.4491248E+02 -1.3297576E+00 -1.0160376E+00  3.2830314E-02 -5.9197367E+01 -8.0118729E+00 
      1114      2.9265764E+01 -1.8245743E-02 -5.2201272E-02  8.7068435E-04 -4.5705281E-01 -1.6962204E+00 
      1114 SSD  9.5190618E+02 -3.2773364E-01 -1.5809538E+00  3.3478468E-02 -1.8049161E+01 -6.4113345E+01 
      1115      2.2956884E+01 -2.6042605E-02 -5.3891330E-02  8.2810727E-04 -7.7508656E-01 -1.3713781E+00 
      1115 SSD  7.1072035E+02 -6.4798982E-01 -1.6372941E+00  3.2457852E-02 -2.8899068E+01 -5.0627097E+01 
      1116      1.2776935E+01 -1.9042454E-02 -6.1058692E-02  1.0792465E-03 -2.0821654E-01 -1.6441655E+00 
      1116 SSD  3.4510122E+02 -3.2499445E-01 -1.9155502E+00  4.1855989E-02 -7.8138091E+00 -5.9007895E+01 
      1117      9.6811489E+00 -2.6304970E-02 -6.2879831E-02  1.0047136E-03 -3.6686582E-01 -1.3110849E+00 
      1117 SSD  2.3210424E+02 -6.3794567E-01 -1.9761709E+00  4.1475922E-02 -1.3010210E+01 -4.6189249E+01 
      1118      5.5707309E+01 -1.8433653E-02 -3.4511196E-02  8.6417716E-04 -8.2745545E-01 -8.3066055E-01 
      1118 SSD  2.0055367E+03 -3.7276669E-01 -9.2154683E-01  3.2899647E-02 -3.6238084E+01 -3.6299812E+01 
      1119      4.4603154E+01 -1.8059932E-02 -4.3286250E-02  8.7090123E-04 -6.7432998E-01 -1.4008927E+00 
      1119 SSD  1.5462408E+03 -3.4464790E-01 -1.2492714E+00  3.3177225E-02 -2.7962824E+01 -5.6124613E+01 
      1120      4.4631135E+01 -2.6880454E-02 -3.5247893E-02  8.6338219E-04 -1.3996475E+00 -6.7878767E-01 
      1120 SSD  1.5467530E+03 -7.0060623E-01 -9.6021112E-01  3.2729796E-02 -5.6107902E+01 -2.8050738E+01 
      1121      3.5473143E+01 -2.6211223E-02 -4.4496554E-02  8.6008066E-04 -1.1401820E+00 -1.1404917E+00 
      1121 SSD  1.1827984E+03 -6.6893525E-01 -1.2962627E+00  3.2794579E-02 -4.4147666E+01 -4.4147766E+01 

