      NODE            V1             V2             V3             VR1            VR2            VR3
      1001     -2.0201500E+00 -6.4295281E-02  2.8956985E-03  3.8677191E-02  1.0530765E-01 -9.4322618E-02 
      1001 SSD -1.6369031E+02 -1.9446950E+00  9.3415916E-01  1.0152128E+00  2.7596177E+00 -2.6258941E+00 
      1002     -1.9930032E+00 -9.2105038E-02 -8.0135195E-04  1.1040164E-01 -1.1906284E-02  3.1211601E-01 
      1002 SSD -1.6294317E+02 -2.4975597E+00  8.5046750E-01  3.0576321E+00  1.0286310E-01  8.5046929E+00 
      1003     -1.9590859E+00 -5.4266694E-02  5.9206431E-03  3.2151726E-02 -1.7212768E-03  9.6135130E-01 
      1003 SSD -1.6211948E+02 -1.4645575E+00  1.0050153E+00  1.0203892E+00  1.6040488E-01  2.6144969E+01 
      1004     -1.9534293E+00 -4.5124224E-02  5.3374723E-03  1.4776419E-02 -3.2314892E-02  1.5553655E+00 
      1004 SSD -1.6187036E+02 -1.1757209E+00  9.9395063E-01  6.5228188E-01 -6.5013160E-01  4.2597924E+01 
      1005     -1.9424983E+00 -2.9006667E-02  6.2956915E-03 -8.4082959E-03 -4.1070800E-02  1.9707759E+00 
      1005 SSD -1.6154348E+02 -7.2034542E-01  1.0254672E+00 -7.9393388E-03 -1.2474261E+00  5.4302244E+01 
      1006     -1.9392720E+00 -1.5878051E-02  6.6554316E-03 -3.0269161E-02 -4.3097775E-02  2.1011898E+00 
      1006 SSD -1.6140727E+02 -2.9273332E-01  1.0575436E+00 -7.3787587E-01 -1.4012487E+00  5.7914893E+01 
      1007     -1.9436773E+00 -5.7363037E-03  6.6603386E-03 -4.1160687E-02 -3.3261082E-02  1.9271708E+00 
      1007 SSD -1.6156989E+02  1.1715749E-01  1.0767261E+00 -1.2206673E+00 -1.0795928E+00  5.2690343E+01 
      1008     -1.9588361E+00 -2.2752090E-04  5.9193707E-03 -4.6222462E-02 -1.5455802E-02  1.4904372E+00 
      1008 SSD -1.6202029E+02  4.1115930E-01  1.0672486E+00 -1.4007671E+00 -5.9276748E-01  4.0335138E+01 
      1009     -1.9669580E+00  1.3129083E-02  8.7058467E-03 -2.6975077E-02 -1.3098914E-02  8.9836933E-01 
      1009 SSD -1.6234009E+02  8.8552708E-01  1.1265329E+00 -8.9213343E-01 -4.2202807E-01  2.4120151E+01 
      1010     -2.0082590E+00  7.7938625E-03  8.0303839E-03 -3.6650955E-02  4.8270547E-02  2.9051010E-01 
      1010 SSD -1.6331591E+02  9.0504551E-01  1.1100252E+00 -1.1417706E+00  1.2928127E+00  7.7581395E+00 
      1011     -2.0048950E+00  2.3587603E-02  1.5645128E-02  5.5144411E-02 -1.2516535E-02 -5.7104195E-02 
      1011 SSD -1.6339530E+02  1.4060417E+00  1.2624361E+00  1.4107201E+00 -4.0255108E-01 -1.4357558E+00 
      1012     -1.9842298E+00  2.6830143E-02 -9.2624948E-02  3.9329927E-02 -1.0875304E-01  8.7535744E-02 
      1012 SSD -1.6331380E+02  1.5501638E+00 -2.5646999E+00  1.0400635E+00 -2.8475748E+00  2.4477501E+00 
      1013     -1.9575198E+00  5.5802317E-02 -8.8471826E-02  9.3612635E-02  1.2023995E-02 -3.0758665E-01 
      1013 SSD -1.6256761E+02  2.1296609E+00 -2.4706364E+00  2.6310181E+00 -9.9496388E-02 -8.3959328E+00 
      1014     -1.9249335E+00  2.4099263E-02 -9.3472205E-02  3.7123359E-02  1.3793387E-03 -9.5548579E-01 
      1014 SSD -1.6176576E+02  1.2263026E+00 -2.5881137E+00  1.1379690E+00 -1.6618562E-01 -2.6004881E+01 
      1015     -1.9206599E+00  9.8590573E-03 -9.2778094E-02  1.3426356E-02  3.2216804E-02 -1.5489693E+00 
      1015 SSD -1.6154131E+02  8.2936233E-01 -2.5741378E+00  6.2692295E-01  6.4929309E-01 -4.2458494E+01 
      1016     -1.9106058E+00 -4.4410053E-03 -9.3087634E-02 -8.2999871E-03  4.1084406E-02 -1.9625563E+00 
      1016 SSD -1.6122638E+02  4.1169128E-01 -2.5926211E+00 -1.5549460E-02  1.2459436E+00 -5.4122520E+01 
      1017     -1.9083187E+00 -1.8058999E-02 -9.3159191E-02 -2.7397618E-02  4.3792888E-02 -2.0935906E+00 
      1017 SSD -1.6110214E+02 -2.0735390E-02 -2.6181911E+00 -6.7320385E-01  1.4225484E+00 -5.7748516E+01 
      1018     -1.9140603E+00 -3.0677009E-02 -9.3439224E-02 -3.8090200E-02  3.2905720E-02 -1.9220275E+00 
      1018 SSD -1.6128965E+02 -4.8824219E-01 -2.6431606E+00 -1.1292325E+00  1.0749158E+00 -5.2602208E+01 
      1019     -1.9305675E+00 -3.6145740E-02 -9.3044481E-02 -4.9310022E-02  1.3743746E-02 -1.4830088E+00 
      1019 SSD -1.6176505E+02 -7.8484706E-01 -2.6417713E+00 -1.4917160E+00  5.4930750E-01 -4.0191673E+01 
      1020     -1.9384441E+00 -4.5540553E-02 -9.5425183E-02 -2.9784365E-02  1.3983258E-02 -8.8905133E-01 
      1020 SSD -1.6207157E+02 -1.1690432E+00 -2.6915020E+00 -9.7465666E-01  4.4678899E-01 -2.3909541E+01 
      1021     -1.9815720E+00 -4.5206013E-02 -9.4644124E-02 -2.8349571E-02 -4.8410395E-02 -2.9025423E-01 
      1021 SSD -1.6308183E+02 -1.2983160E+00 -2.6710572E+00 -9.2519572E-01 -1.2965893E+00 -7.7619224E+00 
      1022     -1.9789004E+00 -5.6361288E-02 -1.0092382E-01  4.2239445E-02  5.3881097E-03  6.3965073E-02 
      1022 SSD -1.6316811E+02 -1.7013339E+00 -2.7948006E+00  1.0925866E+00  2.2412114E-01  1.5981761E+00 
      1023     -1.9612174E+00 -6.0635687E-02 -1.0355522E-01  6.1454355E-02 -2.5199688E-01 -1.8073493E-02 
      1023 SSD -1.6262144E+02 -1.8121726E+00 -2.7788882E+00  1.7530728E+00 -6.8698408E+00 -5.9078219E-01 
      1024     -1.9454917E+00 -6.3663614E-02 -8.3137041E-02  4.0699692E-02 -8.3699671E-01  7.2029359E-04 
      1024 SSD -1.6213688E+02 -1.8806547E+00 -2.1453516E+00  1.2464584E+00 -2.2809634E+01  9.5966357E-02 
      1025     -1.9360626E+00 -6.5081629E-02 -6.8894028E-02  1.9324543E-02 -1.4464389E+00  1.3444433E-02 
      1025 SSD -1.6177239E+02 -1.9196917E+00 -1.7302837E+00  7.7060132E-01 -3.9487734E+01  5.5289877E-01 
      1026     -1.9282482E+00 -6.5455668E-02 -5.4216588E-02 -2.2092412E-03 -1.9035037E+00  2.9447042E-02 
      1026 SSD -1.6144000E+02 -1.9434145E+00 -1.2996863E+00  1.6231095E-01 -5.2188578E+01  1.0270048E+00 
      1027     -1.9290713E+00 -6.5395461E-02 -4.2877951E-02 -2.0564315E-02 -2.1064449E+00  3.9409622E-02 
      1027 SSD -1.6136353E+02 -1.9655040E+00 -9.4007524E-01 -4.3854585E-01 -5.7893948E+01  1.3404718E+00 
      1028     -1.9348675E+00 -6.5411051E-02 -3.2246487E-02 -3.1682845E-02 -2.0122492E+00  3.4400088E-02 
      1028 SSD -1.6150554E+02 -1.9803781E+00 -5.3593897E-01 -9.4024302E-01 -5.4972792E+01  1.0807735E+00 
      1029     -1.9488139E+00 -6.5366833E-02 -2.5691549E-02 -4.3656659E-02 -1.6292444E+00  2.8311393E-02 
      1029 SSD -1.6186319E+02 -1.9857660E+00 -1.9911057E-01 -1.3726898E+00 -4.3898364E+01  5.8888684E-01 
      1030     -1.9614735E+00 -6.6156745E-02 -1.7619884E-02 -2.7574016E-02 -1.0626632E+00 -2.0227263E-03 
      1030 SSD -1.6223782E+02 -2.0003254E+00  1.5986650E-01 -9.4730713E-01 -2.8134445E+01 -2.8784542E-01 
      1031     -1.9988843E+00 -6.5990974E-02 -2.1190739E-02 -4.8912713E-02 -3.8904008E-01  1.6190291E-02 
      1031 SSD -1.6310266E+02 -2.0013858E+00  2.1313572E-01 -1.4800154E+00 -1.0038461E+01  1.1625306E-02 
      1032     -1.9818634E+00  2.6594794E-02  1.4716837E-02  5.9897105E-02  2.5262038E-01  1.9275793E-02 
      1032 SSD -1.6280580E+02  1.4911726E+00  1.1696778E+00  1.7150245E+00  6.8899785E+00  6.1422403E-01 
      1033     -1.9586934E+00  2.9270942E-02 -4.0596752E-03  4.1809059E-02  8.4127769E-01 -5.6162464E-04 
      1033 SSD -1.6223537E+02  1.5515891E+00  5.6920189E-01  1.2712219E+00  2.2913633E+01 -1.0198459E-01 
      1034     -1.9428764E+00  3.0460330E-02 -1.7986726E-02  1.9345280E-02  1.4534169E+00 -1.2814162E-02 
      1034 SSD -1.6180591E+02  1.5849418E+00  1.5951193E-01  7.6988730E-01  3.9659090E+01 -5.4261566E-01 
      1035     -1.9286481E+00  3.0785561E-02 -3.2071842E-02 -2.3028974E-03  1.9090671E+00 -2.9809597E-02 
      1035 SSD -1.6141101E+02  1.6063985E+00 -2.5920145E-01  1.5801048E-01  5.2332501E+01 -1.0471768E+00 
      1036     -1.9227936E+00  3.0785745E-02 -4.2930517E-02 -2.0808182E-02  2.1081239E+00 -3.7945658E-02 
      1036 SSD -1.6125783E+02  1.6304300E+00 -6.0486960E-01 -4.4314992E-01  5.7969186E+01 -1.3029388E+00 
      1037     -1.9223679E+00  3.0726915E-02 -5.3259234E-02 -3.1976264E-02  2.0083586E+00 -3.4794232E-02 
      1037 SSD -1.6135149E+02  1.6426871E+00 -1.0027868E+00 -9.5209825E-01  5.4912889E+01 -1.1271171E+00 
      1038     -1.9318150E+00  3.0523472E-02 -5.9699462E-02 -4.4181117E-02  1.6187759E+00 -3.0521069E-02 
      1038 SSD -1.6168087E+02  1.6473872E+00 -1.3322505E+00 -1.3830856E+00  4.3698003E+01 -6.2831179E-01 
      1039     -1.9387027E+00  3.1118574E-02 -6.8114996E-02 -2.7073573E-02  1.0522593E+00  4.2507055E-03 
      1039 SSD -1.6199409E+02  1.6589167E+00 -1.6999753E+00 -9.3348487E-01  2.7935379E+01  3.3374012E-01 
      1040     -1.9652950E+00  3.1624875E-02 -6.1761447E-02 -4.8881607E-02  3.8521826E-01 -1.1491236E-02 
      1040 SSD -1.6270231E+02  1.6741641E+00 -1.6908226E+00 -1.4828797E+00  9.9650516E+00  8.5883872E-02 
      1041      2.1273495E+01 -1.7090298E-02 -3.6227635E-03  1.3521575E-03 -7.2711233E-03  2.6198703E+00 
      1041 SSD  5.0835111E+02 -2.7573781E-01  6.7519957E-01  4.4723816E-02  1.3695827E-01  7.8463541E+01 
      1042      4.7211512E+01 -1.8229698E-02 -1.3654215E-02  1.0610325E-03  2.5286835E-02  2.6421197E+00 
      1042 SSD  1.3058749E+03 -2.6267363E-01  3.0884753E-01  3.8048561E-02  1.4732016E+00  8.3595063E+01 
      1043      7.0779344E+01 -1.8501951E-02 -2.3517533E-02  1.0404228E-03  4.3800330E-02  2.1379728E+00 
      1043 SSD  2.0728236E+03 -2.3772236E-01 -5.4149266E-02  3.7590471E-02  2.6116462E+00  7.2366670E+01 
      1044      8.7351957E+01 -1.8027015E-02 -3.3286170E-02  1.0242955E-03  4.3919360E-02  1.2218439E+00 
      1044 SSD  2.6539368E+03 -2.0253389E-01 -4.1496330E-01  3.7234801E-02  3.2680589E+00  4.5847767E+01 
      1045      9.3361303E+01 -1.7130451E-02 -4.3051638E-02  1.0206102E-03 -2.8726668E-03 -5.0065728E-03 
      1045 SSD  2.8808716E+03 -1.6179468E-01 -7.7520552E-01  3.7142022E-02 -6.7380072E-02 -1.0807650E-01 
      1046      8.7259369E+01 -1.6258547E-02 -5.2843077E-02  1.0265984E-03 -4.9518669E-02 -1.2303408E+00 
      1046 SSD  2.6519035E+03 -1.2161881E-01 -1.1359448E+00  3.7264721E-02 -3.3974446E+00 -4.6036874E+01 
      1047      7.0628529E+01 -1.5852896E-02 -6.2698247E-02  1.0470703E-03 -4.8887810E-02 -2.1408185E+00 
      1047 SSD  2.0694786E+03 -8.7975022E-02 -1.4984255E+00  3.7719129E-02 -2.7262190E+00 -7.2433384E+01 
      1048      4.7071139E+01 -1.6218669E-02 -7.2761450E-02  1.0790191E-03 -2.8549933E-02 -2.6370481E+00 
      1048 SSD  1.3026701E+03 -6.4928354E-02 -1.8655478E+00  3.8414717E-02 -1.5429462E+00 -8.3497317E+01 
      1049      2.1210922E+01 -1.7444395E-02 -8.3302460E-02  1.3593592E-03  6.8100039E-03 -2.6095394E+00 
      1049 SSD  5.0669744E+02 -5.3420471E-02 -2.2430004E+00  4.4588083E-02 -1.4510328E-01 -7.8256445E+01 
      1050      8.7353768E+01 -6.4673395E-03 -4.2169619E-02  1.0150312E-03  1.2195111E+00  4.1955487E-02 
      1050 SSD  2.6538489E+03  2.2054743E-01 -7.3414038E-01  3.6987575E-02  4.5827258E+01  3.2302185E+00 
      1051      7.0829287E+01  3.9307761E-03 -4.1695556E-02  1.0055374E-03  2.1318066E+00  4.4645311E-02 
      1051 SSD  2.0733933E+03  5.9600779E-01 -6.9840134E-01  3.6715697E-02  7.2273224E+01  2.6147002E+00 
      1052      4.7332134E+01  1.3909023E-02 -4.1869894E-02  1.0009315E-03  2.6355221E+00  3.3515415E-02 
      1052 SSD  1.3075478E+03  9.6153917E-01 -6.7072779E-01  3.6530013E-02  8.3496609E+01  1.6080223E+00 
      1053      2.1397438E+01  2.3535772E-02 -4.2675281E-02  1.2022122E-03  2.6257440E+00  7.5594919E-03 
      1053 SSD  5.1005906E+02  1.3199464E+00 -6.4973849E-01  4.2131799E-02  7.8558242E+01  3.8674038E-01 
      1054      6.5619103E+01  2.3599263E-03 -3.1369479E-02  1.0187134E-03  1.9959201E+00  9.4804807E-01 
      1054 SSD  1.8867643E+03  5.4730064E-01 -3.3071845E-01  3.6881679E-02  6.6157809E+01  3.2607382E+01 
      1055      5.2607208E+01  1.2948846E-03 -2.0288859E-02  1.0144677E-03  1.6361474E+00  1.6369864E+00 
      1055 SSD  1.4582117E+03  5.0698072E-01  4.9222064E-02  3.7004716E-02  5.2409789E+01  5.2421545E+01 
      1056      3.4469014E+01  9.3929021E-04 -9.0147830E-03  9.8056853E-04  1.1218734E+00  2.0028375E+00 
      1056 SSD  8.9311687E+02  4.7942424E-01  4.3526122E-01  3.6673483E-02  3.4591238E+01  6.1020097E+01 
      1057      1.4940154E+01  1.2326873E-03  1.7705146E-03  1.2823224E-03  5.3597821E-01  1.9418172E+00 
      1057 SSD  3.1258040E+02  4.6578719E-01  8.2107352E-01  4.8219667E-02  1.5715207E+01  5.6378258E+01 
      1058      6.5595962E+01 -8.1173311E-03 -2.1789275E-02  1.0188994E-03  9.4504802E-01  1.9975569E+00 
      1058 SSD  1.8865091E+03  1.4381271E-01 -1.4526927E-03  3.7279949E-02  3.2575540E+01  6.6175977E+01 
      1059      8.1281844E+01 -7.5450322E-03 -3.2167103E-02  1.0191287E-03  1.1528246E+00  1.1542792E+00 
      1059 SSD  2.4236107E+03  1.7806772E-01 -3.7090199E-01  3.7098560E-02  4.1878057E+01  4.1885805E+01 
      1060      4.3521070E+01 -7.9078593E-03 -1.1271929E-02  9.9833069E-04  6.4583437E-01  2.4589985E+00 
      1060 SSD  1.1797832E+03  1.2270427E-01  3.7172478E-01  3.7301954E-02  2.1220601E+01  7.6753817E+01 
      1061      1.9429861E+01 -6.8513553E-03 -9.8240935E-04  1.3101832E-03  2.9875642E-01  2.4198294E+00 
      1061 SSD  4.4825467E+02  1.1810211E-01  7.4509778E-01  4.7833396E-02  9.3197623E+00  7.1618386E+01 
      1062      1.4884982E+01  1.8591747E-02 -1.8746108E-02  1.1094245E-03  1.9568836E+00  5.4150792E-01 
      1062 SSD  3.1163493E+02  1.1860664E+00  1.2360181E-01  3.4290169E-02  5.6673858E+01  1.5795947E+01 
      1063      3.4480171E+01  1.0167322E-02 -1.9231717E-02  1.0368151E-03  2.0019892E+00  1.1227196E+00 
      1063 SSD  8.9336332E+02  8.5641149E-01  9.2660498E-02  3.6755648E-02  6.0985247E+01  3.4591220E+01 
      1064      1.9442966E+01  2.1159514E-02 -3.1668337E-02  1.1833901E-03  2.4299880E+00  3.0975382E-01 
      1064 SSD  4.4824441E+02  1.2570100E+00 -2.7975776E-01  3.8132868E-02  7.1812395E+01  9.4723068E+00 
      1065      4.3569235E+01  1.1826619E-02 -3.1160777E-02  1.0352643E-03  2.4564350E+00  6.5105893E-01 
      1065 SSD  1.1804132E+03  9.0598458E-01 -2.9901262E-01  3.6755774E-02  7.6709012E+01  2.1272120E+01 
      1066      2.4395403E+00  1.2728410E-02  8.7394494E-03  7.6271399E-04  6.2536190E-01  5.9174250E-01 
      1066 SSD -4.2409366E+01  1.0279596E+00  1.0074228E+00  3.2077922E-02  1.7034476E+01  1.6292891E+01 
      1067      8.7199814E+00  1.5889334E-02 -5.2669618E-03  8.9145752E-04  1.3112988E+00  6.5334800E-01 
      1067 SSD  1.3355541E+02  1.1124663E+00  5.4300101E-01  3.0417323E-02  3.7001405E+01  1.8478967E+01 
      1068      8.8303041E+00  9.7173949E-03  4.5846713E-03  1.2271064E-03  6.4528436E-01  1.2849048E+00 
      1068 SSD  1.3574600E+02  8.1867298E-01  8.9758801E-01  4.6125841E-02  1.8260815E+01  3.6436126E+01 
      1069      2.1991229E+01  9.3040960E-03 -6.9865880E-03  1.0022831E-03  1.3577310E+00  1.3577952E+00 
      1069 SSD  5.1678885E+02  8.2252875E-01  4.9415844E-01  3.6341132E-02  4.0124802E+01  4.0153208E+01 
      1070      1.5864680E+01  8.7303492E-03 -7.6998500E-02  1.0932572E-03  5.6277568E-01 -2.0440310E+00 
      1070 SSD  3.4928326E+02  7.7724015E-01 -2.0834057E+00  3.4187347E-02  1.6448628E+01 -6.0183673E+01 
      1071      3.6232305E+01  8.8371206E-03 -6.8020731E-02  1.0358169E-03  1.1137439E+00 -2.0787166E+00 
      1071 SSD  9.6377066E+02  7.5731063E-01 -1.7379849E+00  3.6990556E-02  3.4800459E+01 -6.3785345E+01 
      1072      5.4539167E+01  7.5192186E-03 -5.9688274E-02  9.9136950E-04  1.6358198E+00 -1.6521543E+00 
      1072 SSD  1.5416667E+03  7.0738945E-01 -1.3995887E+00  3.6473227E-02  5.3168196E+01 -5.3461794E+01 
      1073      6.6916463E+01  5.7709695E-03 -5.1167811E-02  9.8686748E-04  2.0054671E+00 -8.9650430E-01 
      1073 SSD  1.9495520E+03  6.5115172E-01 -1.0565547E+00  3.6469284E-02  6.7552348E+01 -3.0131481E+01 
      1074      4.4533471E+01 -4.1036737E-03 -7.0331016E-02  1.0922059E-03  6.1550611E-01 -2.5012435E+00 
      1074 SSD  1.2262230E+03  3.4283026E-01 -1.8019914E+00  3.8289093E-02  1.9661704E+01 -7.8795467E+01 
      1075      1.9976771E+01 -4.7334771E-03 -8.0394728E-02  1.2333879E-03  3.1695439E-01 -2.4824308E+00 
      1075 SSD  4.7195151E+02  3.6378846E-01 -2.1682302E+00  3.8375673E-02  9.4777925E+00 -7.4258762E+01 
      1076      6.6781072E+01 -4.3447875E-03 -6.0964720E-02  1.0367276E-03  8.8575746E-01 -2.0211174E+00 
      1076 SSD  1.9470546E+03  3.0924165E-01 -1.4454769E+00  3.7379037E-02  2.9924334E+01 -6.7826260E+01 
      1077      8.2176771E+01 -5.2552538E-03 -5.1751003E-02  1.0153702E-03  1.1095813E+00 -1.1209764E+00 
      1077 SSD  2.4770592E+03  2.6639649E-01 -1.0923028E+00  3.7007991E-02  3.9924146E+01 -4.0147971E+01 
      1078      1.0247822E+01  3.3936018E-02 -6.7254914E-02  7.4241316E-04  1.3831591E+00 -6.7350737E-01 
      1078 SSD  1.8007837E+02  1.5899631E+00 -1.6908738E+00  3.4668539E-02  3.9767278E+01 -1.9263628E+01 
      1079      2.3984551E+01  2.1819420E-02 -6.6480029E-02  9.3714505E-04  1.3886488E+00 -1.4231927E+00 
      1079 SSD  5.8660955E+02  1.1727432E+00 -1.6867479E+00  3.5539726E-02  4.1708332E+01 -4.2352945E+01 
      1080      3.3908866E+00  3.9846646E-02 -7.0192316E-02  1.5413696E-04  6.1938903E-01 -6.7636110E-01 
      1080 SSD -1.4315490E+01  1.7372021E+00 -1.9064853E+00  1.6015664E-02  1.7338551E+01 -1.8486026E+01 
      1081      9.9069629E+00  2.3741460E-02 -7.2166689E-02  6.2307125E-04  6.5174576E-01 -1.4105345E+00 
      1081 SSD  1.7336964E+02  1.2242940E+00 -1.9593343E+00  2.3937892E-02  1.8862584E+01 -4.0344745E+01 
      1082      1.6258477E+01  2.9019567E-02 -5.9966947E-02  1.0013117E-03  2.0465081E+00 -5.5277614E-01 
      1082 SSD  3.5660853E+02  1.4643743E+00 -1.3633006E+00  4.1660254E-02  6.0225676E+01 -1.6201341E+01 
      1083      3.6469098E+01  1.8942070E-02 -5.9252299E-02  9.2107890E-04  2.0484095E+00 -1.1289379E+00 
      1083 SSD  9.6810318E+02  1.0953950E+00 -1.3685070E+00  3.5480270E-02  6.3225356E+01 -3.5064461E+01 
      1084      2.0280838E+01  2.6129542E-02 -5.2494622E-02  1.1516688E-03  2.4922734E+00 -3.0388142E-01 
      1084 SSD  4.7738460E+02  1.3878011E+00 -1.0252800E+00  4.4280322E-02  7.4437309E+01 -9.2302417E+00 
      1085      4.4826167E+01  1.6339618E-02 -5.1397118E-02  9.4884927E-04  2.4881355E+00 -6.1504152E-01 
      1085 SSD  1.2315089E+03  1.0251306E+00 -1.0336343E+00  3.5999597E-02  7.8566753E+01 -1.9666028E+01 
      1086      2.1361586E+01 -5.7661312E-02 -4.3310335E-02  1.1682605E-03 -2.6215273E+00 -1.2179414E-02 
      1086 SSD  5.0909164E+02 -1.6413304E+00 -8.9908510E-01  4.2287851E-02 -7.8457137E+01 -4.8265936E-01 
      1087      4.7256754E+01 -4.8038003E-02 -4.4235893E-02  9.9817550E-04 -2.6315396E+00 -4.1060921E-02 
      1087 SSD  1.3056710E+03 -1.2828543E+00 -8.8030113E-01  3.6725670E-02 -8.3413238E+01 -1.7686394E+00 
      1088      7.0744385E+01 -3.8136428E-02 -4.4432988E-02  1.0097607E-03 -2.1333489E+00 -5.4084630E-02 
      1088 SSD  2.0713731E+03 -9.1874272E-01 -8.5280383E-01  3.6841347E-02 -7.2315898E+01 -2.8191012E+00 
      1089      8.7301334E+01 -2.7780090E-02 -4.3946122E-02  1.0142193E-03 -1.2242088E+00 -5.1738690E-02 
      1089 SSD  2.6526173E+03 -5.4397278E-01 -8.1659616E-01  3.7011536E-02 -4.5938977E+01 -3.4414793E+00 
      1090      4.4820542E+01 -5.0447400E-02 -3.4561344E-02  9.4434909E-04 -2.4869604E+00  6.0836810E-01 
      1090 SSD  1.2312427E+03 -1.3458950E+00 -5.1330139E-01  3.6070144E-02 -7.8547029E+01  1.9497660E+01 
      1091      3.6522415E+01 -5.2957565E-02 -2.6589013E-02  9.5324658E-04 -2.0501265E+00  1.1233148E+00 
      1091 SSD  9.6929104E+02 -1.4145295E+00 -1.7468763E-01  3.6226852E-02 -6.3261368E+01  3.4928233E+01 
      1092      2.4055291E+01 -5.5623743E-02 -1.9375014E-02  9.9190047E-04 -1.3892949E+00  1.4254048E+00 
      1092 SSD  5.8835894E+02 -1.4877839E+00  1.4354339E-01  3.6713014E-02 -4.1719389E+01  4.2379276E+01 
      1093      9.9341895E+00 -5.7350542E-02 -1.3810213E-02  9.4690212E-04 -6.5327167E-01  1.4170771E+00 
      1093 SSD  1.7434103E+02 -1.5359828E+00  4.1391294E-01  3.1448323E-02 -1.8897023E+01  4.0473059E+01 
      1094      1.6296066E+01 -6.3504297E-02 -2.5729882E-02  9.7814787E-04 -2.0475322E+00  5.5105253E-01 
      1094 SSD  3.5744812E+02 -1.7938716E+00 -1.7592530E-01  4.0791188E-02 -6.0245854E+01  1.6152520E+01 
      1095      2.0286789E+01 -6.0370355E-02 -3.3275568E-02  1.0761852E-03 -2.4913561E+00  3.0013728E-01 
      1095 SSD  4.7741689E+02 -1.7116040E+00 -5.1766524E-01  4.3090747E-02 -7.4397786E+01  9.1318722E+00 
      1096      1.0290362E+01 -6.8255875E-02 -1.8204535E-02  6.7390769E-04 -1.3883195E+00  6.7482692E-01 
      1096 SSD  1.8118203E+02 -1.9160723E+00  1.5660682E-01  3.2676861E-02 -3.9889828E+01  1.9267332E+01 
      1097      3.3965102E+00 -7.4904060E-02 -1.4316663E-02  5.6330576E-05 -6.2338466E-01  6.8279359E-01 
      1097 SSD -1.3846556E+01 -2.0793710E+00  3.9346746E-01  1.3069201E-02 -1.7433499E+01  1.8617016E+01 
      1098      6.6885120E+01 -2.9839003E-02 -2.5146837E-02  1.0357566E-03 -8.9022912E-01  2.0171522E+00 
      1098 SSD  1.9493506E+03 -6.3137709E-01 -1.0454472E-01  3.7361661E-02 -3.0023823E+01  6.7731931E+01 
      1099      5.4610436E+01 -4.1684609E-02 -2.6263310E-02  9.8726202E-04 -1.6378572E+00  1.6474966E+00 
      1099 SSD  1.5432393E+03 -1.0293940E+00 -1.4658336E-01  3.6424198E-02 -5.3212363E+01  5.3347766E+01 
      1100      8.2216899E+01 -2.8943730E-02 -3.4326828E-02  1.0124664E-03 -1.1145489E+00  1.1122966E+00 
      1100 SSD  2.4778810E+03 -5.8874496E-01 -4.5735301E-01  3.6983547E-02 -4.0039160E+01  3.9950688E+01 
      1101      6.6919992E+01 -3.9932959E-02 -3.4846940E-02  9.8917766E-04 -2.0079920E+00  8.8789066E-01 
      1101 SSD  1.9495277E+03 -9.7287563E-01 -4.9164923E-01  3.6560867E-02 -6.7610193E+01  2.9931346E+01 
      1102      2.0026578E+01 -2.9452893E-02 -6.2895509E-03  1.2353822E-03 -3.1884713E-01  2.4904482E+00 
      1102 SSD  4.7333874E+02 -6.8607130E-01  6.0673824E-01  3.8322065E-02 -9.5175564E+00  7.4418575E+01 
      1103      4.4641397E+01 -3.0065934E-02 -1.5942904E-02  1.0939218E-03 -6.1856317E-01  2.5045150E+00 
      1103 SSD  1.2287272E+03 -6.6480203E-01  2.4869460E-01  3.8267883E-02 -1.9727339E+01  7.8849944E+01 
      1104      1.5901617E+01 -4.3255628E-02 -8.9501362E-03  1.0601934E-03 -5.6324383E-01  2.0515155E+00 
      1104 SSD  3.5042901E+02 -1.1076839E+00  5.3762677E-01  3.3546958E-02 -1.6450573E+01  6.0335051E+01 
      1105      3.6316334E+01 -4.3093108E-02 -1.7973901E-02  1.0186836E-03 -1.1154277E+00  2.0805395E+00 
      1105 SSD  9.6578260E+02 -1.0815707E+00  1.9112780E-01  3.6655158E-02 -3.4832517E+01  6.3804584E+01 
      1106      8.7774685E+00 -4.3910633E-02 -9.1742409E-02  1.1970305E-03 -6.4378887E-01 -1.2767369E+00 
      1106 SSD  1.3428380E+02 -1.1429665E+00 -2.4713391E+00  4.5750215E-02 -1.8238714E+01 -3.6268248E+01 
      1107      2.1856875E+01 -4.3582756E-02 -7.9901770E-02  9.9450775E-04 -1.3511061E+00 -1.3495408E+00 
      1107 SSD  5.1361993E+02 -1.1485437E+00 -2.0625928E+00  3.6450598E-02 -3.9988399E+01 -3.9977939E+01 
      1108      3.4298342E+01 -4.4401249E-02 -6.7406010E-02  1.0473717E-03 -1.9942509E+00 -1.1221040E+00 
      1108 SSD  8.8919206E+02 -1.1809903E+00 -1.6560974E+00  3.7089654E-02 -6.0824155E+01 -3.4580009E+01 
      1109      4.3419851E+01 -4.5993115E-02 -5.5183496E-02  1.0327126E-03 -2.4506634E+00 -6.5879126E-01 
      1109 SSD  1.1769544E+03 -1.2284797E+00 -1.2580013E+00  3.6828691E-02 -7.6582646E+01 -2.1437941E+01 
      1110      8.6641606E+00 -5.0453567E-02 -8.1754132E-02  8.9791852E-04 -1.3016438E+00 -6.4966209E-01 
      1110 SSD  1.3206981E+02 -1.4458749E+00 -2.1150201E+00  3.0041908E-02 -3.6788298E+01 -1.8403870E+01 
      1111      2.4295562E+00 -4.8181788E-02 -9.6253900E-02  9.3340753E-04 -6.1909004E-01 -5.8597489E-01 
      1111 SSD -4.2945480E+01 -1.3808515E+00 -2.5892850E+00  3.5950948E-02 -1.6893098E+01 -1.6168910E+01 
      1112      1.4799669E+01 -5.2797207E-02 -6.7973293E-02  1.0990315E-03 -1.9445105E+00 -5.4029674E-01 
      1112 SSD  3.0954365E+02 -1.5108869E+00 -1.6899665E+00  3.4837145E-02 -5.6401536E+01 -1.5771325E+01 
      1113      1.9367462E+01 -5.5250996E-02 -5.4643040E-02  1.1489281E-03 -2.4201053E+00 -3.1360189E-01 
      1113 SSD  4.4641427E+02 -1.5782409E+00 -1.2776861E+00  3.7909952E-02 -7.1593855E+01 -9.5625680E+00 
      1114      4.3354892E+01 -2.6924984E-02 -7.5267679E-02  1.0233951E-03 -6.4784400E-01 -2.4510707E+00 
      1114 SSD  1.1760217E+03 -4.5958054E-01 -1.9314118E+00  3.7705811E-02 -2.1263320E+01 -7.6589399E+01 
      1115      3.4298222E+01 -3.5641828E-02 -7.7713204E-02  9.5853796E-04 -1.1211783E+00 -1.9929604E+00 
      1115 SSD  8.8923048E+02 -8.1427351E-01 -1.9995633E+00  3.6383155E-02 -3.4584279E+01 -6.0809767E+01 
      1116      1.9366957E+01 -2.8372817E-02 -8.5796757E-02  1.3208277E-03 -2.9801462E-01 -2.4070012E+00 
      1116 SSD  4.4664868E+02 -4.6385685E-01 -2.3100928E+00  4.7597507E-02 -9.2941358E+00 -7.1348576E+01 
      1117      1.4878174E+01 -3.6197347E-02 -8.8456030E-02  1.2002371E-03 -5.3655697E-01 -1.9297632E+00 
      1117 SSD  3.1100224E+02 -8.0671599E-01 -2.3837633E+00  4.6733383E-02 -1.5733623E+01 -5.6122744E+01 
      1118      8.1138085E+01 -2.6805207E-02 -5.4040870E-02  1.0223097E-03 -1.1575816E+00 -1.1628345E+00 
      1118 SSD  2.4203912E+03 -5.0388860E-01 -1.1819498E+00  3.7171791E-02 -4.1988619E+01 -4.2072610E+01 
      1119      6.5399955E+01 -2.6418557E-02 -6.4559299E-02  1.0301162E-03 -9.4931122E-01 -1.9991373E+00 
      1119 SSD  1.8821418E+03 -4.7393727E-01 -1.5543135E+00  3.7473114E-02 -3.2672781E+01 -6.6210795E+01 
      1120      6.5446810E+01 -3.6656067E-02 -5.4929577E-02  1.0241195E-03 -1.9968050E+00 -9.5651395E-01 
      1120 SSD  1.8828484E+03 -8.7228613E-01 -1.2245782E+00  3.7025280E-02 -6.6185440E+01 -3.2791680E+01 
      1121      5.2389780E+01 -3.5753627E-02 -6.6228770E-02  1.0159533E-03 -1.6365412E+00 -1.6373687E+00 
      1121 SSD  1.4533264E+03 -8.3598484E-01 -1.6092378E+00  3.7035879E-02 -5.2424833E+01 -5.2426689E+01 

