      NODE            V1             V2             V3             VR1            VR2            VR3
      1001     -2.4179278E+00 -8.7239576E-02 -3.2047193E-02  6.6835599E-02  1.7571283E-01 -1.5692902E-01 
      1001 SSD -1.7370995E+02 -2.3379400E+00  7.4541881E-01  1.3440626E+00  3.5868089E+00 -3.3847833E+00 
      1002     -2.3715830E+00 -1.3623656E-01 -3.7110442E-02  1.8570018E-01 -2.5110131E-02  5.1626444E-01 
      1002 SSD -1.7273406E+02 -3.1058245E+00  6.4649405E-01  3.9689051E+00 -1.1057834E-02  1.0968395E+01 
      1003     -2.3153200E+00 -7.8977496E-02 -2.5779854E-02  5.1481407E-02 -6.5241412E-03  1.6020786E+00 
      1003 SSD -1.7166032E+02 -1.8215327E+00  8.5247533E-01  1.2663578E+00  1.1976270E-01  3.3822122E+01 
      1004     -2.3057319E+00 -6.7160985E-02 -2.6437521E-02  2.1220224E-02 -5.6496049E-02  2.5931685E+00 
      1004 SSD -1.7135551E+02 -1.4792789E+00  8.4100568E-01  7.5705352E-01 -9.1966685E-01  5.5024650E+01 
      1005     -2.2877287E+00 -4.4131136E-02 -2.4834683E-02 -1.7892613E-02 -6.7089387E-02  3.2861491E+00 
      1005 SSD -1.7094566E+02 -9.2111465E-01  8.8071796E-01 -9.7960472E-02 -1.5638993E+00  7.0041083E+01 
      1006     -2.2827306E+00 -2.7257330E-02 -2.4531702E-02 -5.2491342E-02 -6.9634556E-02  3.5097982E+00 
      1006 SSD -1.7078861E+02 -4.2379137E-01  9.1419508E-01 -9.8936779E-01 -1.7338503E+00  7.4747212E+01 
      1007     -2.2887272E+00 -1.6002626E-02 -2.4686050E-02 -6.8666573E-02 -5.3624889E-02  3.2306397E+00 
      1007 SSD -1.7097823E+02  3.0635087E-02  9.3337573E-01 -1.5519850E+00 -1.3405549E+00  6.8226691E+01 
      1008     -2.3122147E+00 -1.2325259E-02 -2.5846489E-02 -7.6425971E-02 -2.3359270E-02  2.5084990E+00 
      1008 SSD -1.7153450E+02  3.3603054E-01  9.2015144E-01 -1.7728079E+00 -7.0707787E-01  5.2438180E+01 
      1009     -2.3246295E+00  3.5933561E-03 -2.1130963E-02 -4.4068841E-02 -2.0772624E-02  1.5179447E+00 
      1009 SSD -1.7192291E+02  8.7068206E-01  1.0000861E+00 -1.1134774E+00 -5.2168447E-01  3.1472862E+01 
      1010     -2.3931446E+00 -1.0115608E-02 -2.1996051E-02 -5.9513315E-02  8.3466503E-02  4.9276834E-01 
      1010 SSD -1.7320682E+02  8.2728140E-01  9.8150891E-01 -1.4325357E+00  1.7112770E+00  1.0155987E+01 
      1011     -2.3876661E+00  1.0863543E-02 -9.0276523E-03  9.3970083E-02 -2.2485602E-02 -9.7616859E-02 
      1011 SSD -1.7329120E+02  1.4148327E+00  1.1894968E+00  1.8629112E+00 -5.3019154E-01 -1.9020442E+00 
      1012     -2.3461115E+00  1.8224359E-02 -1.3880449E-01  6.7383749E-02 -1.8159865E-01  1.4560117E-01 
      1012 SSD -1.7299656E+02  1.6123618E+00 -3.1672908E+00  1.3697331E+00 -3.7025903E+00  3.1540686E+00 
      1013     -2.3014669E+00  6.9263853E-02 -1.3302423E-01  1.5769235E-01  2.5250999E-02 -5.0888043E-01 
      1013 SSD -1.7202798E+02  2.4164690E+00 -3.0550808E+00  3.4115894E+00  1.5587824E-02 -1.0826172E+01 
      1014     -2.2483670E+00  2.1689443E-02 -1.4159848E-01  5.9847554E-02  5.8434149E-03 -1.5927737E+00 
      1014 SSD -1.7098893E+02  1.2995249E+00 -3.2128484E+00  1.4228049E+00 -1.2830193E-01 -3.3642068E+01 
      1015     -2.2419643E+00  1.7153262E-03 -1.4075307E-01  1.8816160E-02  5.6232528E-02 -2.5828863E+00 
      1015 SSD -1.7072143E+02  8.1648803E-01 -3.1975821E+00  7.2014170E-01  9.1802520E-01 -5.4840799E+01 
      1016     -2.2263409E+00 -1.8384542E-02 -1.4128532E-01 -1.7522048E-02  6.7040169E-02 -3.2727976E+00 
      1016 SSD -1.7033277E+02  3.0768821E-01 -3.2198567E+00 -1.0349996E-01  1.5624105E+00 -6.9801835E+01 
      1017     -2.2238635E+00 -3.6199783E-02 -1.4112978E-01 -4.7607742E-02  7.0627930E-02 -3.4973257E+00 
      1017 SSD -1.7019766E+02 -1.9874501E-01 -3.2449982E+00 -9.0273463E-01  1.7597200E+00 -7.4521979E+01 
      1018     -2.2329327E+00 -5.1298423E-02 -1.4140934E-01 -6.3793854E-02  5.2925344E-02 -3.2217124E+00 
      1018 SSD -1.7042431E+02 -7.2571622E-01 -3.2716150E+00 -1.4387486E+00  1.3330282E+00 -6.8092195E+01 
      1019     -2.2595143E+00 -5.4790151E-02 -1.4077972E-01 -8.1362074E-02  2.0422321E-02 -2.4957534E+00 
      1019 SSD -1.7101791E+02 -1.0327053E+00 -3.2684775E+00 -1.8860816E+00  6.4982151E-01 -5.2231131E+01 
      1020     -2.2725006E+00 -6.4504384E-02 -1.4487504E-01 -4.8540491E-02  2.2118840E-02 -1.5023709E+00 
      1020 SSD -1.7139465E+02 -1.4526611E+00 -3.3364343E+00 -1.2166732E+00  5.5247928E-01 -3.1187318E+01 
      1021     -2.3448902E+00 -5.8790813E-02 -1.4388266E-01 -4.5935233E-02 -8.3729204E-02 -4.9222126E-01 
      1021 SSD -1.7272796E+02 -1.5511900E+00 -3.3134242E+00 -1.1537621E+00 -1.7156403E+00 -1.0155098E+01 
      1022     -2.3414901E+00 -7.2179368E-02 -1.5468813E-01  7.2508437E-02  1.0510680E-02  1.0916389E-01 
      1022 SSD -1.7282676E+02 -2.0095257E+00 -3.4839006E+00  1.4470086E+00  2.9664588E-01  2.1174508E+00 
      1023     -2.3117800E+00 -7.9741681E-02 -1.6420573E-01  1.0579590E-01 -4.2604914E-01 -3.1042602E-02 
      1023 SSD -1.7212799E+02 -2.1589632E+00 -3.5247640E+00  2.2945100E+00 -8.9485575E+00 -7.5817873E-01 
      1024     -2.2866832E+00 -8.4813049E-02 -1.3396288E-01  6.5455797E-02 -1.4123132E+00 -7.0067850E-04 
      1024 SSD -1.7152552E+02 -2.2502038E+00 -2.7479012E+00  1.5587056E+00 -2.9671266E+01  8.9118843E-02 
      1025     -2.2721984E+00 -8.7291293E-02 -1.1451675E-01  2.8469060E-02 -2.4330460E+00  1.9610794E-02 
      1025 SSD -1.7108867E+02 -2.3018895E+00 -2.2506206E+00  9.0898788E-01 -5.1241431E+01  6.4962621E-01 
      1026     -2.2611925E+00 -8.7816767E-02 -9.3848891E-02 -8.4753063E-03 -3.1927782E+00  4.6493200E-02 
      1026 SSD -1.7070649E+02 -2.3286106E+00 -1.7275118E+00  1.1359327E-01 -6.7543218E+01  1.2564504E+00 
      1027     -2.2639743E+00 -8.7493277E-02 -7.9129933E-02 -3.8096020E-02 -3.5245030E+00  6.2946279E-02 
      1027 SSD -1.7064344E+02 -2.3498182E+00 -1.3041417E+00 -6.3068561E-01 -7.4777599E+01  1.6436806E+00 
      1028     -2.2739989E+00 -8.7406268E-02 -6.6769470E-02 -5.4328465E-02 -3.3641622E+00  5.5998271E-02 
      1028 SSD -1.7083285E+02 -2.3651184E+00 -8.5044025E-01 -1.2108580E+00 -7.1041756E+01  1.3487204E+00 
      1029     -2.2974541E+00 -8.7402219E-02 -6.1848544E-02 -7.1861974E-02 -2.7267683E+00  4.9380621E-02 
      1029 SSD -1.7130159E+02 -2.3718076E+00 -4.9868925E-01 -1.7225060E+00 -5.6901477E+01  8.2705800E-01 
      1030     -2.3186933E+00 -8.8991878E-02 -5.4707926E-02 -4.4338834E-02 -1.7805321E+00  4.4805105E-04 
      1030 SSD -1.7178465E+02 -2.3947701E+00 -1.1687750E-01 -1.1691677E+00 -3.6599256E+01 -2.7813802E-01 
      1031     -2.3817429E+00 -8.9033422E-02 -6.5453970E-02 -7.8952522E-02 -6.5140290E-01  3.2922058E-02 
      1031 SSD -1.7293792E+02 -2.3987874E+00 -1.1402361E-01 -1.8587305E+00 -1.3105464E+01  1.6817764E-01 
      1032     -2.3475042E+00  1.6290915E-02 -5.3137111E-03  1.0322798E-01  4.2689100E-01  3.3190969E-02 
      1032 SSD -1.7249722E+02  1.5295545E+00  1.1295667E+00  2.2454244E+00  8.9746730E+00  7.9241809E-01 
      1033     -2.3085506E+00  2.0823386E-02 -3.2748942E-02  6.7314809E-02  1.4189978E+00  1.0757940E-03 
      1033 SSD -1.7174274E+02  1.6107091E+00  3.9794956E-01  1.5919879E+00  2.9810147E+01 -9.3328556E-02 
      1034     -2.2819116E+00  2.2955823E-02 -5.1651656E-02  2.8555225E-02  2.4438696E+00 -1.8531038E-02 
      1034 SSD -1.7118155E+02  1.6554297E+00 -9.1614203E-02  9.0886851E-01  5.1468440E+01 -6.3470912E-01 
      1035     -2.2587140E+00  2.3439327E-02 -7.1331745E-02 -8.5986203E-03  3.2008197E+00 -4.6944762E-02 
      1035 SSD -1.7067792E+02  1.6798953E+00 -5.9867088E-01  1.0835860E-01  6.7729125E+01 -1.2788503E+00 
      1036     -2.2490502E+00  2.3208665E-02 -8.5349600E-02 -3.8485822E-02  3.5254847E+00 -6.0539909E-02 
      1036 SSD -1.7047881E+02  1.7034593E+00 -1.0054804E+00 -6.3732703E-01  7.4859422E+01 -1.5952129E+00 
      1037     -2.2470071E+00  2.3028603E-02 -9.7224959E-02 -5.4717659E-02  3.3559550E+00 -5.6126521E-02 
      1037 SSD -1.7056112E+02  1.7158762E+00 -1.4510003E+00 -1.2243872E+00  7.0945376E+01 -1.3947566E+00 
      1038     -2.2613871E+00  2.2710860E-02 -1.0210317E-01 -7.2697123E-02  2.7077486E+00 -5.3145140E-02 
      1038 SSD -1.7095516E+02  1.7204593E+00 -1.7956700E+00 -1.7365459E+00  5.6615579E+01 -8.8340543E-01 
      1039     -2.2717763E+00  2.3942192E-02 -1.0979544E-01 -4.3595763E-02  1.7617824E+00  3.2421339E-03 
      1039 SSD -1.7132412E+02  1.7388075E+00 -2.1885192E+00 -1.1522173E+00  3.6314597E+01  3.4030229E-01 
      1040     -2.3155222E+00  2.5035365E-02 -9.4692489E-02 -7.8736246E-02  6.4447269E-01 -2.4699860E-02 
      1040 SSD -1.7223282E+02  1.7611507E+00 -2.1115237E+00 -1.8602117E+00  1.2999874E+01 -3.2348509E-02 
      1041      3.6105122E+01 -3.0040693E-02 -3.6473875E-02  1.7676108E-03 -2.3145577E-02  4.2945233E+00 
      1041 SSD  6.8344140E+02 -4.2031963E-01  4.8282059E-01  5.2307251E-02 -1.1159328E-02  9.9116196E+01 
      1042      7.8370062E+01 -3.2617002E-02 -4.8271481E-02  1.2718695E-03  2.0798650E-02  4.2770167E+00 
      1042 SSD  1.6839314E+03 -4.1984116E-01  6.7349528E-02  4.3331214E-02  1.4880952E+00  1.0409475E+02 
      1043      1.1632555E+02 -3.3591272E-02 -5.9779359E-02  1.2378815E-03  4.5467980E-02  3.4177966E+00 
      1043 SSD  2.6324906E+03 -3.9997480E-01 -3.4341903E-01  4.2728126E-02  2.7220213E+00  8.8678998E+01 
      1044      1.4266272E+02 -3.3163219E-02 -7.1141565E-02  1.2114005E-03  4.5905658E-02  1.9192848E+00 
      1044 SSD  3.3390411E+03 -3.6315820E-01 -7.5136204E-01  4.2257875E-02  3.3954156E+00  5.4956312E+01 
      1045      1.5209854E+02 -3.1935842E-02 -8.2513614E-02  1.2055084E-03 -4.7308142E-03 -8.4523364E-03 
      1045 SSD  3.6107798E+03 -3.1692587E-01 -1.1587816E+00  4.2139060E-02 -9.2641672E-02 -1.4930480E-01 
      1046      1.4250767E+02 -3.0748044E-02 -9.3931389E-02  1.2154873E-03 -5.5232371E-02 -1.9333974E+00 
      1046 SSD  3.3362576E+03 -2.7142170E-01 -1.5669089E+00  4.2305481E-02 -3.5751096E+00 -5.5212919E+01 
      1047      1.1607483E+02 -3.0432188E-02 -1.0544424E-01  1.2489801E-03 -5.4107198E-02 -3.4222953E+00 
      1047 SSD  2.6279449E+03 -2.3662038E-01 -1.9772047E+00  4.2904256E-02 -2.8836794E+00 -8.8765554E+01 
      1048      7.8139860E+01 -3.1562994E-02 -1.1728646E-01  1.3012056E-03 -2.6491408E-02 -4.2681492E+00 
      1048 SSD  1.6796374E+03 -2.1933335E-01 -2.3935565E+00  4.3820395E-02 -1.5897264E+00 -1.0395306E+02 
      1049      3.6007902E+01 -3.4290138E-02 -1.2990565E-01  1.7848227E-03  2.2133140E-02 -4.2770373E+00 
      1049 SSD  6.8133748E+02 -2.2108623E-01 -2.8235286E+00  5.2262319E-02 -4.8882435E-03 -9.8826459E+01 
      1050      1.4267110E+02 -1.9154890E-02 -8.1359702E-02  1.1972893E-03  1.9142277E+00  4.2539203E-02 
      1050 SSD  3.3389844E+03  1.1843729E-01 -1.1124432E+00  4.1952489E-02  5.4915384E+01  3.3434991E+00 
      1051      1.1642900E+02 -6.7891944E-03 -8.0978167E-02  1.1834976E-03  3.4058310E+00  4.7149972E-02 
      1051 SSD  2.6334823E+03  5.4521443E-01 -1.0751839E+00  4.1625129E-02  8.8535853E+01  2.7314381E+00 
      1052      7.8605147E+01  4.8975019E-03 -8.1835270E-02  1.1792289E-03  4.2650701E+00  3.5500760E-02 
      1052 SSD  1.6865620E+03  9.5914094E-01 -1.0520444E+00  4.1428234E-02  1.0394976E+02  1.6846817E+00 
      1053      3.6346238E+01  1.6019460E-02 -8.3914843E-02  1.5408979E-03  4.3050955E+00  3.4320371E-03 
      1053 SSD  6.8613583E+02  1.3635565E+00 -1.0416392E+00  4.8914117E-02  9.9251226E+01  3.5265965E-01 
      1054      1.0830722E+02 -9.3093192E-03 -6.8538267E-02  1.2085098E-03  3.1995507E+00  1.5004148E+00 
      1054 SSD  2.4090144E+03  4.8465173E-01 -6.5520035E-01  4.1911612E-02  8.1443893E+01  3.9686785E+01 
      1055      8.7461782E+01 -1.0911727E-02 -5.4719084E-02  1.1952817E-03  2.6385351E+00  2.6409237E+00 
      1055 SSD  1.8812306E+03  4.3675796E-01 -2.1637293E-01  4.1952839E-02  6.5028117E+01  6.5049825E+01 
      1056      5.7995308E+01 -1.1240314E-02 -4.0636761E-02  1.1261940E-03  1.8235119E+00  3.2713719E+00 
      1056 SSD  1.1746953E+03  4.0757186E-01  2.2949825E-01  4.1266064E-02  4.3321189E+01  7.6767498E+01 
      1057      2.5881065E+01 -1.0434572E-02 -2.7631020E-02  1.5994222E-03  8.8118248E-01  3.2132728E+00 
      1057 SSD  4.3922366E+02  3.9755928E-01  6.6956641E-01  5.5190496E-02  1.9932586E+01  7.1911384E+01 
      1058      1.0825654E+02 -2.1389631E-02 -5.7028162E-02  1.1987611E-03  1.4942022E+00  3.2034996E+00 
      1058 SSD  2.4085518E+03  3.1583031E-02 -2.7778535E-01  4.2233077E-02  3.9629805E+01  8.1478400E+01 
      1059      1.3324078E+02 -2.0733967E-02 -6.9533312E-02  1.2037888E-03  1.8118815E+00  1.8153476E+00 
      1059 SSD  3.0645650E+03  6.8727639E-02 -6.9983130E-01  4.2090781E-02  5.0445199E+01  5.0466848E+01 
      1060      7.2595405E+01 -2.0624111E-02 -4.4321490E-02  1.1526811E-03  1.0280532E+00  3.9936355E+00 
      1060 SSD  1.5309446E+03  1.4262590E-02  1.4877068E-01  4.2007200E-02  2.6070755E+01  9.5935148E+01 
      1061      3.3197219E+01 -1.8371973E-02 -3.2141850E-02  1.6521597E-03  4.8028554E-01  3.9825417E+00 
      1061 SSD  6.0978331E+02  2.0249886E-02  5.7263757E-01  5.4943474E-02  1.1584660E+01  9.0821995E+01 
      1062      2.5787156E+01  7.8715170E-03 -5.2683851E-02  1.4447793E-03  3.2392308E+00  8.9195200E-01 
      1062 SSD  4.3782669E+02  1.1917528E+00 -1.3256678E-01  4.0518193E-02  7.2319772E+01  2.0060109E+01 
      1063      5.8018016E+01 -1.3056278E-03 -5.3216384E-02  1.2536109E-03  3.2702866E+00  1.8260775E+00 
      1063 SSD  1.1750161E+03  8.2442611E-01 -1.6604053E-01  4.2043736E-02  7.6732313E+01  4.3331320E+01 
      1064      3.3234610E+01  1.2081743E-02 -7.0040182E-02  1.5569884E-03  4.0002618E+00  5.0100097E-01 
      1064 SSD  6.0988644E+02  1.2821848E+00 -6.1215344E-01  4.5013921E-02  9.1090263E+01  1.1825810E+01 
      1065      7.2695226E+01  1.4110763E-03 -6.8643884E-02  1.2497398E-03  3.9892511E+00  1.0386059E+00 
      1065 SSD  1.5319668E+03  8.8701326E-01 -6.2438955E-01  4.2014906E-02  9.5876244E+01  2.6165457E+01 
      1066      5.1045236E+00 -1.9150821E-03 -1.5825481E-02  7.6445669E-04  1.0512511E+00  9.9311055E-01 
      1066 SSD -1.5919746E+01  9.8751641E-01  9.1320619E-01  3.5141721E-02  2.2115889E+01  2.1103147E+01 
      1067      1.5591205E+01  3.3970331E-03 -3.4613231E-02  1.0388458E-03  2.1852628E+00  1.0867250E+00 
      1067 SSD  2.1073930E+02  1.0972712E+00  3.6487338E-01  3.4616809E-02  4.7568483E+01  2.3713771E+01 
      1068      1.5783024E+01 -1.9506269E-03 -2.2886623E-02  1.5238554E-03  1.0732727E+00  2.1399913E+00 
      1068 SSD  2.1381383E+02  7.8161297E-01  7.6905040E-01  5.2848121E-02  2.3435006E+01  4.6797907E+01 
      1069      3.7574791E+01 -2.6642404E-03 -3.7357976E-02  1.1827673E-03  2.2348501E+00  2.2344907E+00 
      1069 SSD  7.0016427E+02  7.8355808E-01  3.0362402E-01  4.1254407E-02  5.0906833E+01  5.0929567E+01 
      1070      2.7108211E+01  2.9952501E-04 -1.1949518E-01  1.3804739E-03  9.2934209E-01 -3.3515970E+00 
      1070 SSD  4.8089619E+02  7.5847169E-01 -2.6163699E+00  3.9911942E-02  2.0907935E+01 -7.6255688E+01 
      1071      6.0346701E+01  8.1715628E-04 -1.0947304E-01  1.2434491E-03  1.8132319E+00 -3.3795964E+00 
      1071 SSD  1.2545631E+03  7.4103060E-01 -2.2292483E+00  4.2221850E-02  4.3519282E+01 -7.9945581E+01 
      1072      8.9995948E+01 -1.0894616E-03 -1.0078739E-01  1.1560934E-03  2.6369942E+00 -2.6663252E+00 
      1072 SSD  1.9742565E+03  6.8280143E-01 -1.8564422E+00  4.1256648E-02  6.5796650E+01 -6.6216729E+01 
      1073      1.0996780E+02 -3.8245404E-03 -9.1760721E-02  1.1477982E-03  3.2085386E+00 -1.4481808E+00 
      1073 SSD  2.4779394E+03  6.1412090E-01 -1.4775018E+00  4.1208619E-02  8.2875052E+01 -3.7112472E+01 
      1074      7.3876138E+01 -1.6241115E-02 -1.1324603E-01  1.3354932E-03  1.0056475E+00 -4.0495975E+00 
      1074 SSD  1.5821751E+03  2.5275975E-01 -2.3109372E+00  4.3910402E-02  2.4517182E+01 -9.8181251E+01 
      1075      3.3896840E+01 -1.7948068E-02 -1.2510443E-01  1.6159423E-03  5.2530991E-01 -4.0638026E+00 
      1075 SSD  6.3620823E+02  2.6470882E-01 -2.7266013E+00  4.5281270E-02  1.2006346E+01 -9.3766188E+01 
      1076      1.0972662E+02 -1.6161815E-02 -1.0269406E-01  1.2347771E-03  1.4292482E+00 -3.2365049E+00 
      1076 SSD  2.4743823E+03  2.2035647E-01 -1.9113036E+00  4.2519680E-02  3.6819435E+01 -8.3266831E+01 
      1077      1.3431671E+02 -1.7358521E-02 -9.2377028E-02  1.1972688E-03  1.7629921E+00 -1.7831604E+00 
      1077 SSD  3.1218037E+03  1.7241811E-01 -1.5160357E+00  4.1972964E-02  4.8361140E+01 -4.8678057E+01 
      1078      1.7890684E+01  3.3224962E-02 -1.0841195E-01  7.0970390E-04  2.2751291E+00 -1.1143403E+00 
      1078 SSD  2.6708043E+02  1.7132043E+00 -2.1751959E+00  3.7712528E-02  5.0667057E+01 -2.4604528E+01 
      1079      4.0386082E+01  1.7937983E-02 -1.0704215E-01  1.0618881E-03  2.2696421E+00 -2.3300249E+00 
      1079 SSD  7.8151018E+02  1.2303461E+00 -2.1661321E+00  3.9939198E-02  5.2607642E+01 -5.3507904E+01 
      1080      6.5516261E+00  4.3121935E-02 -1.0826444E-01 -2.9182504E-04  1.0240691E+00 -1.1235460E+00 
      1080 SSD  1.8474900E+01  1.9064148E+00 -2.3877244E+00  1.3861351E-02  2.2250010E+01 -2.3838114E+01 
      1081      1.7295650E+01  2.1070429E-02 -1.1156070E-01  5.5112003E-04  1.0765227E+00 -2.3228390E+00 
      1081 SSD  2.5778501E+02  1.2959149E+00 -2.4561020E+00  2.5655320E-02  2.4047603E+01 -5.1458790E+01 
      1082      2.7802679E+01  2.5135493E-02 -1.0198694E-01  1.1203457E-03  3.3549051E+00 -9.1343669E-01 
      1082 SSD  4.9118139E+02  1.5507116E+00 -1.8255636E+00  4.6431508E-02  7.6304891E+01 -2.0587928E+01 
      1083      6.0763466E+01  1.3260243E-02 -1.0039333E-01  1.0235057E-03  3.3268599E+00 -1.8403696E+00 
      1083 SSD  1.2606559E+03  1.1319544E+00 -1.8234080E+00  3.9625020E-02  7.9165595E+01 -4.3897275E+01 
      1084      3.4441738E+01  2.0325030E-02 -9.5112476E-02  1.4031772E-03  4.0806831E+00 -5.0271984E-01 
      1084 SSD  6.4394548E+02  1.4515445E+00 -1.4624954E+00  5.0389523E-02  9.4014952E+01 -1.1661123E+01 
      1085      7.4396647E+01  8.9630372E-03 -9.2641937E-02  1.0762783E-03  4.0262976E+00 -1.0052829E+00 
      1085 SSD  1.5896789E+03  1.0418054E+00 -1.4589137E+00  4.0393787E-02  9.7858683E+01 -2.4525563E+01 
      1086      3.6291865E+01 -7.9630248E-02 -8.0866148E-02  1.4610239E-03 -4.2983099E+00 -1.1303264E-02 
      1086 SSD  6.8488049E+02 -1.9938576E+00 -1.2731377E+00  4.8627210E-02 -9.9111867E+01 -4.8653035E-01 
      1087      7.8485209E+01 -6.8528482E-02 -8.3163445E-02  1.1671856E-03 -4.2582062E+00 -4.8485297E-02 
      1087 SSD  1.6840443E+03 -1.5895695E+00 -1.2659016E+00  4.1541507E-02 -1.0383146E+02 -1.9101791E+00 
      1088      1.1629068E+02 -5.6977940E-02 -8.4075292E-02  1.1892003E-03 -3.4080940E+00 -6.3212739E-02 
      1088 SSD  2.6307282E+03 -1.1776996E+00 -1.2432242E+00  4.1769409E-02 -8.8590145E+01 -3.0153799E+00 
      1089      1.4258485E+02 -4.4689981E-02 -8.3684094E-02  1.1944739E-03 -1.9219046E+00 -5.9109126E-02 
      1089 SSD  3.3372930E+03 -7.5199012E-01 -1.2054985E+00  4.1957963E-02 -5.5067950E+01 -3.6361444E+00 
      1090      7.4392966E+01 -7.2567990E-02 -7.2145445E-02  1.0625837E-03 -4.0240869E+00  9.9457179E-01 
      1090 SSD  1.5893417E+03 -1.6715810E+00 -8.5416107E-01  4.0380186E-02 -9.7826841E+01  2.4305694E+01 
      1091      6.0853440E+01 -7.6713066E-02 -6.4248919E-02  1.0731402E-03 -3.3294651E+00  1.8315653E+00 
      1091 SSD  1.2622130E+03 -1.7594633E+00 -4.8549850E-01  4.0573218E-02 -7.9210993E+01  4.3721117E+01 
      1092      4.0499451E+01 -8.1044340E-02 -5.7642192E-02  1.1549280E-03 -2.2705155E+00  2.3343010E+00 
      1092 SSD  7.8374195E+02 -1.8523485E+00 -1.4305459E-01  4.1538681E-02 -5.2621054E+01  5.3552389E+01 
      1093      1.7331074E+01 -8.3855684E-02 -5.3347224E-02  1.0773562E-03 -1.0789313E+00  2.3342011E+00 
      1093 SSD  2.5889117E+02 -1.9133431E+00  1.4362134E-01  3.5446147E-02 -2.4091593E+01  5.1638004E+01 
      1094      2.7866822E+01 -8.9314334E-02 -6.2439365E-02  1.0780266E-03 -3.3568731E+00  9.1095605E-01 
      1094 SSD  4.9229579E+02 -2.1912912E+00 -4.7854349E-01  4.5328155E-02 -7.6331816E+01  2.0527373E+01 
      1095      3.4456260E+01 -8.4129669E-02 -6.9359364E-02  1.2602302E-03 -4.0797002E+00  4.9682047E-01 
      1095 SSD  6.4401985E+02 -2.0850426E+00 -8.4527181E-01  4.8507892E-02 -9.3966962E+01  1.1535333E+01 
      1096      1.7958661E+01 -9.7129482E-02 -5.5659147E-02  6.0751421E-04 -2.2836493E+00  1.1171285E+00 
      1096 SSD  2.6848099E+02 -2.3492183E+00 -1.2265823E-01  3.5322490E-02 -5.0825996E+01  2.4620137E+01 
      1097      6.5523178E+00 -1.0815214E-01 -5.4322855E-02 -4.3615066E-04 -1.0305761E+00  1.1348870E+00 
      1097 SSD  1.8935886E+01 -2.5626980E+00  1.1698622E-01  1.0294230E-02 -2.2372579E+01  2.4021473E+01 
      1098      1.0989866E+02 -4.7585388E-02 -6.2367935E-02  1.2328216E-03 -1.4367030E+00  3.2302662E+00 
      1098 SSD  2.4774566E+03 -8.5225169E-01 -4.0612093E-01  4.2491867E-02 -3.6958180E+01  8.3143954E+01 
      1099      9.0113925E+01 -6.2617568E-02 -6.4023724E-02  1.1477868E-03 -2.6402887E+00  2.6590143E+00 
      1099 SSD  1.9763246E+03 -1.3143171E+00 -4.5612117E-01  4.1163801E-02 -6.5858047E+01  6.6068456E+01 
      1100      1.3438491E+02 -4.6412244E-02 -7.2614519E-02  1.1911056E-03 -1.7711593E+00  1.7688789E+00 
      1100 SSD  3.1229134E+03 -8.0460660E-01 -8.0065000E-01  4.1916203E-02 -4.8519074E+01  4.8412591E+01 
      1101      1.0997673E+02 -5.9878569E-02 -7.3125914E-02  1.1499664E-03 -3.2124851E+00  1.4341467E+00 
      1101 SSD  2.4778967E+03 -1.2453452E+00 -8.3728495E-01  4.1301232E-02 -8.2952069E+01  3.6845789E+01 
      1102      3.3971047E+01 -4.5809329E-02 -4.0920401E-02  1.6214350E-03 -5.2857647E-01  4.0773977E+00 
      1102 SSD  6.3791588E+02 -8.9686960E-01  3.9352979E-01  4.5260157E-02 -1.2062453E+01  9.3988632E+01 
      1103      7.4050579E+01 -4.7484182E-02 -5.2092663E-02  1.3397969E-03 -1.0108450E+00  4.0554938E+00 
      1103 SSD  1.5854654E+03 -8.8443137E-01 -1.0996897E-02  4.3911494E-02 -2.4610496E+01  9.8263482E+01 
      1104      2.7159837E+01 -6.4571425E-02 -4.5352334E-02  1.3266049E-03 -9.3024292E-01  3.3643144E+00 
      1104 SSD  4.8224766E+02 -1.4007065E+00  3.0373753E-01  3.9050790E-02 -2.0914461E+01  7.6463904E+01 
      1105      6.0480960E+01 -6.4665169E-02 -5.5426729E-02  1.2140589E-03 -1.8159882E+00  3.3831929E+00 
      1105 SSD  1.2571517E+03 -1.3753723E+00 -8.4486917E-02  4.1754004E-02 -4.3565016E+01  7.9980788E+01 
      1106      1.5697687E+01 -6.1735655E-02 -1.4384212E-01  1.4622685E-03 -1.0705503E+00 -2.1260350E+00 
      1106 SSD  2.1193110E+02 -1.4152313E+00 -3.1170500E+00  5.2145741E-02 -2.3397090E+01 -4.6558681E+01 
      1107      3.7350859E+01 -6.1161335E-02 -1.2891067E-01  1.1637050E-03 -2.2234720E+00 -2.2205247E+00 
      1107 SSD  6.9586974E+02 -1.4194280E+00 -2.6442762E+00  4.1268933E-02 -5.0712738E+01 -5.0683420E+01 
      1108      5.7714413E+01 -6.2461051E-02 -1.1262866E-01  1.2674320E-03 -3.2569572E+00 -1.8251753E+00 
      1108 SSD  1.1693112E+03 -1.4586231E+00 -2.1677702E+00  4.2419655E-02 -7.6503433E+01 -4.3314312E+01 
      1109      7.2448157E+01 -6.5087955E-02 -9.6722373E-02  1.2410714E-03 -3.9793060E+00 -1.0519073E+00 
      1109 SSD  1.5272423E+03 -1.5187896E+00 -1.7009954E+00  4.2029334E-02 -9.5698359E+01 -2.6395815E+01 
      1110      1.5500400E+01 -6.7641470E-02 -1.3184344E-01  1.0531899E-03 -2.1690471E+00 -1.0804839E+00 
      1110 SSD  2.0880287E+02 -1.7420944E+00 -2.7097905E+00  3.4273759E-02 -4.7273893E+01 -2.3606030E+01 
      1111      5.0910052E+00 -6.3743396E-02 -1.5148508E-01  1.0560486E-03 -1.0409233E+00 -9.8351251E-01 
      1111 SSD -1.6518141E+01 -1.6575165E+00 -3.2717852E+00  4.0372651E-02 -2.1925194E+01 -2.0932656E+01 
      1112      2.5647096E+01 -7.1559590E-02 -1.1325458E-01  1.4157994E-03 -3.2184601E+00 -8.9008338E-01 
      1112 SSD  4.3503250E+02 -1.8257239E+00 -2.2044225E+00  4.0927979E-02 -7.1942529E+01 -2.0026136E+01 
      1113      3.3112206E+01 -7.5619048E-02 -9.5233686E-02  1.4840170E-03 -3.9837804E+00 -5.0760978E-01 
      1113 SSD  6.0743727E+02 -1.9120200E+00 -1.7131540E+00  4.4395024E-02 -9.0786865E+01 -1.1948326E+01 
      1114      7.2319150E+01 -4.4139151E-02 -1.2142723E-01  1.1959221E-03 -1.0317926E+00 -3.9800622E+00 
      1114 SSD  1.5258251E+03 -6.6494965E-01 -2.4787133E+00  4.2602932E-02 -2.6136648E+01 -9.5702959E+01 
      1115      5.7709118E+01 -5.3281557E-02 -1.2539779E-01  1.0846483E-03 -1.8224095E+00 -3.2546191E+00 
      1115 SSD  1.1693721E+03 -1.0551581E+00 -2.5651534E+00  4.0782765E-02 -4.3310202E+01 -7.6473239E+01 
      1116      3.3096172E+01 -4.7012269E-02 -1.3399818E-01  1.6740855E-03 -4.7949229E-01 -3.9608933E+00 
      1116 SSD  6.0767693E+02 -6.8232397E-01 -2.9095937E+00  5.4805133E-02 -1.1558879E+01 -9.0447344E+01 
      1117      2.5779507E+01 -5.4494301E-02 -1.3836473E-01  1.4534779E-03 -8.8219650E-01 -3.1927647E+00 
      1117 SSD  4.3713055E+02 -1.0528566E+00 -3.0036311E+00  5.3044339E-02 -1.9955235E+01 -7.1553133E+01 
      1118      1.3300042E+02 -4.3269878E-02 -9.5658587E-02  1.2083516E-03 -1.8198183E+00 -1.8297498E+00 
      1118 SSD  3.0601351E+03 -7.0530806E-01 -1.6208405E+00  4.2180074E-02 -5.0598573E+01 -5.0723054E+01 
      1119      1.0792862E+02 -4.2904512E-02 -1.0839961E-01  1.2177918E-03 -1.5015591E+00 -3.2060748E+00 
      1119 SSD  2.4025588E+03 -6.7363022E-01 -2.0468281E+00  4.2509523E-02 -3.9768075E+01 -8.1523970E+01 
      1120      1.0801989E+02 -5.4592005E-02 -9.6782707E-02  1.2164662E-03 -3.2008769E+00 -1.5148972E+00 
      1120 SSD  2.4036307E+03 -1.1199132E+00 -1.6683784E+00  4.2085649E-02 -8.1479445E+01 -3.9942075E+01 
      1121      8.7096889E+01 -5.3235370E-02 -1.1096093E-01  1.1974029E-03 -2.6391884E+00 -2.6416814E+00 
      1121 SSD  1.8745058E+03 -1.0770068E+00 -2.1134437E+00  4.1993481E-02 -6.5047843E+01 -6.5057077E+01 

