      NODE            V1             V2             V3             VR1            VR2            VR3
      1001     -2.9209954E+00 -1.3435695E-01 -1.4971343E-01  1.4358222E-01  3.6420189E-01 -3.2437913E-01 
      1001 SSD -1.8612965E+02 -2.9166508E+00  1.1474982E-01  1.9676642E+00  5.1278552E+00 -4.7860384E+00 
      1002     -2.8224968E+00 -2.4197746E-01 -1.5782105E-01  3.8810046E-01 -6.2325499E-02  1.0593125E+00 
      1002 SSD -1.8472299E+02 -4.1143123E+00 -8.4889091E-03  5.6604880E+00 -2.6298835E-01  1.5507448E+01 
      1003     -2.7066492E+00 -1.3669827E-01 -1.3413262E-01  1.0220834E-01 -2.0800090E-02  3.3141200E+00 
      1003 SSD -1.8317874E+02 -2.3993759E+00  2.9495157E-01  1.7053206E+00  2.1805731E-02  4.8042449E+01 
      1004     -2.6862399E+00 -1.2033219E-01 -1.3482842E-01  3.6942910E-02 -1.2221199E-01  5.3684365E+00 
      1004 SSD -1.8277317E+02 -1.9847612E+00  2.8366819E-01  9.2330822E-01 -1.4399130E+00  7.8056231E+01 
      1005     -2.6492257E+00 -8.1776762E-02 -1.3150663E-01 -4.4968832E-02 -1.3674565E-01  6.8057364E+00 
      1005 SSD -1.8220850E+02 -1.2646401E+00  3.3819056E-01 -2.9197121E-01 -2.1467446E+00  9.9225037E+01 
      1006     -2.6392934E+00 -5.8071915E-02 -1.3143706E-01 -1.1308238E-01 -1.3998942E-01  7.2817064E+00 
      1006 SSD -1.8201172E+02 -6.7161333E-01  3.7233132E-01 -1.4718753E+00 -2.3352035E+00  1.0598981E+02 
      1007     -2.6490142E+00 -4.7231352E-02 -1.3208411E-01 -1.4267673E-01 -1.0718695E-01  6.7245965E+00 
      1007 SSD -1.8224276E+02 -1.7348638E-01  3.8985759E-01 -2.1665900E+00 -1.8067857E+00  9.7116318E+01 
      1008     -2.6939199E+00 -5.1897270E-02 -1.3433966E-01 -1.5701428E-01 -4.3392891E-02  5.2409522E+00 
      1008 SSD -1.8298489E+02  1.1265110E-01  3.6917987E-01 -2.4536146E+00 -8.9846740E-01  7.4991865E+01 
      1009     -2.7173332E+00 -3.3088497E-02 -1.2447328E-01 -8.9504958E-02 -4.0694561E-02  3.1833361E+00 
      1009 SSD -1.8348746E+02  7.1663626E-01  4.8857393E-01 -1.5112707E+00 -6.9657881E-01  4.5202310E+01 
      1010     -2.8578209E+00 -7.2134975E-02 -1.2566245E-01 -1.1973930E-01  1.7863857E-01  1.0375977E+00 
      1010 SSD -1.8534540E+02  5.1798771E-01  4.6739086E-01 -1.9541010E+00  2.4986167E+00  1.4643343E+01 
      1011     -2.8474051E+00 -4.0671951E-02 -9.8399585E-02  1.9825306E-01 -5.0088193E-02 -2.0663957E-01 
      1011 SSD -1.8542857E+02  1.2305355E+00  7.8253314E-01  2.7128259E+00 -7.6982620E-01 -2.7826263E+00 
      1012     -2.7453566E+00 -2.1287500E-02 -2.5259335E-01  1.4352046E-01 -3.7668059E-01  3.0092070E-01 
      1012 SSD -1.8468949E+02  1.5324707E+00 -4.1991569E+00  1.9915397E+00 -5.2964252E+00  4.4571131E+00 
      1013     -2.6526010E+00  9.0753634E-02 -2.4309331E-01  3.3011826E-01  6.2473672E-02 -1.0444398E+00 
      1013 SSD -1.8331156E+02  2.7847449E+00 -4.0572899E+00  4.8592748E+00  2.6881362E-01 -1.5303782E+01 
      1014     -2.5454478E+00  4.2980290E-03 -2.6133084E-01  1.1965324E-01  1.9146485E-02 -3.2959980E+00 
      1014 SSD -1.8183539E+02  1.3067926E+00 -4.2917791E+00  1.9348840E+00 -3.6636500E-02 -4.7790239E+01 
      1015     -2.5336427E+00 -2.8175757E-02 -2.6023636E-01  3.1675013E-02  1.2143150E-01 -5.3482359E+00 
      1015 SSD -1.8149978E+02  6.9058062E-01 -4.2750064E+00  8.6397328E-01  1.4356138E+00 -7.7791715E+01 
      1016     -2.5036486E+00 -6.0897187E-02 -2.6137276E-01 -4.3832057E-02  1.3646413E-01 -6.7792212E+00 
      1016 SSD -1.8098273E+02  4.1736325E-02 -4.3037030E+00 -2.9250675E-01  2.1443980E+00 -9.8877405E+01 
      1017     -2.5010948E+00 -8.6768478E-02 -2.6053465E-01 -1.0277317E-01  1.4168622E-01 -7.2567569E+00 
      1017 SSD -1.8083587E+02 -5.6908849E-01 -4.3260687E+00 -1.3430941E+00  2.3682760E+00 -1.0565819E+02 
      1018     -2.5191124E+00 -1.0496780E-01 -2.6072885E-01 -1.3307489E-01  1.0550150E-01 -6.7059022E+00 
      1018 SSD -1.8113539E+02 -1.1670274E+00 -4.3540804E+00 -2.0139105E+00  1.7927960E+00 -9.6896964E+01 
      1019     -2.5723501E+00 -9.9677506E-02 -2.5947502E-01 -1.6681363E-01  3.7136409E-02 -5.2142756E+00 
      1019 SSD -1.8194653E+02 -1.4521677E+00 -4.3471198E+00 -2.6073925E+00  8.1483243E-01 -7.4667209E+01 
      1020     -2.5991866E+00 -1.0650982E-01 -2.6817811E-01 -9.8297337E-02  4.3187172E-02 -3.1513248E+00 
      1020 SSD -1.8244977E+02 -1.8965525E+00 -4.4501948E+00 -1.6513801E+00  7.3758647E-01 -4.4778908E+01 
      1021     -2.7496018E+00 -8.3212713E-02 -2.6682416E-01 -9.2266664E-02 -1.7925942E-01 -1.0362619E+00 
      1021 SSD -1.8439415E+02 -1.8994230E+00 -4.4239329E+00 -1.5611688E+00 -2.5046865E+00 -1.4633992E+01 
      1022     -2.7456002E+00 -9.9348279E-02 -2.8976549E-01  1.5409795E-01  2.5174470E-02  2.3072743E-01 
      1022 SSD -1.8451519E+02 -2.4239625E+00 -4.6850410E+00  2.1145507E+00  4.3269053E-01  3.0978139E+00 
      1023     -2.6836778E+00 -1.1591225E-01 -3.2098389E-01  2.2626368E-01 -8.9525709E-01 -6.6545577E-02 
      1023 SSD -1.8353704E+02 -2.6470980E+00 -4.8665991E+00  3.3076034E+00 -1.2828994E+01 -1.0672711E+00 
      1024     -2.6341689E+00 -1.2643575E-01 -2.6706602E-01  1.3026146E-01 -2.9617596E+00 -5.7322096E-03 
      1024 SSD -1.8272364E+02 -2.7814216E+00 -3.8535555E+00  2.1174470E+00 -4.2472117E+01  6.1362732E-02 
      1025     -2.6068636E+00 -1.3179991E-01 -2.3665630E-01  5.1039803E-02 -5.0867816E+00  3.4706295E-02 
      1025 SSD -1.8216388E+02 -2.8569822E+00 -3.2328474E+00  1.1348005E+00 -7.3145519E+01  8.0519294E-01 
      1026     -2.5882221E+00 -1.3270791E-01 -2.0272334E-01 -2.7606731E-02 -6.6574971E+00  9.0853302E-02 
      1026 SSD -1.8170243E+02 -2.8883314E+00 -2.5660738E+00 -9.5428564E-03 -9.6130248E+01  1.6574102E+00 
      1027     -2.5968847E+00 -1.3162750E-01 -1.8199327E-01 -8.6846746E-02 -7.3327995E+00  1.2520019E-01 
      1027 SSD -1.8167412E+02 -2.9060914E+00 -2.0557550E+00 -1.0101250E+00 -1.0618949E+02  2.1861840E+00 
      1028     -2.6187463E+00 -1.3120512E-01 -1.6836939E-01 -1.1599559E-01 -6.9931772E+00  1.1395623E-01 
      1028 SSD -1.8195587E+02 -2.9207370E+00 -1.5474718E+00 -1.7190788E+00 -1.0094102E+02  1.8398499E+00 
      1029     -2.6679235E+00 -1.3131244E-01 -1.7137572E-01 -1.4734976E-01 -5.6721690E+00  1.0686699E-01 
      1029 SSD -1.8263305E+02 -2.9294051E+00 -1.2098355E+00 -2.3619896E+00 -8.1118378E+01  1.2857783E+00 
      1030     -2.7124106E+00 -1.3515531E-01 -1.7067042E-01 -8.8629206E-02 -3.7062211E+00  8.7591312E-03 
      1030 SSD -1.8331546E+02 -2.9694427E+00 -8.2996055E-01 -1.5634423E+00 -5.2382990E+01 -2.3469043E-01 
      1031     -2.8442260E+00 -1.3593615E-01 -2.0376114E-01 -1.5794858E-01 -1.3540523E+00  8.0034928E-02 
      1031 SSD -1.8501350E+02 -2.9801731E+00 -9.5901184E-01 -2.5388181E+00 -1.8831042E+01  5.0180870E-01 
      1032     -2.7603938E+00 -2.8549114E-02 -7.8871286E-02  2.2101352E-01  8.9647645E-01  7.1304233E-02 
      1032 SSD -1.8424712E+02  1.4016794E+00  8.1832958E-01  3.2377391E+00  1.2863275E+01  1.1223302E+00 
      1033     -2.6789828E+00 -1.9040039E-02 -1.2686200E-01  1.3410911E-01  2.9742585E+00  6.7521243E-03 
      1033 SSD -1.8314784E+02  1.5222621E+00 -1.2597887E-01  2.1666960E+00  4.2669157E+01 -6.1405293E-02 
      1034     -2.6231398E+00 -1.4319874E-02 -1.5612145E-01  5.1334374E-02  5.1068372E+00 -3.2384137E-02 
      1034 SSD -1.8234244E+02  1.5885483E+00 -7.3445794E-01  1.1361160E+00  7.3464885E+01 -7.8114362E-01 
      1035     -2.5759168E+00 -1.3426916E-02 -1.8802243E-01 -2.7782409E-02  6.6707609E+00 -9.1460563E-02 
      1035 SSD -1.8163896E+02  1.6177799E+00 -1.3772695E+00 -1.6074348E-02  9.6379381E+01 -1.6828457E+00 
      1036     -2.5557906E+00 -1.4331334E-02 -2.0749024E-01 -8.7587467E-02  7.3302994E+00 -1.2021605E-01 
      1036 SSD -1.8135374E+02  1.6386211E+00 -1.8664332E+00 -1.0202020E+00  1.0626555E+02 -2.1170509E+00 
      1037     -2.5489621E+00 -1.4889075E-02 -2.2014737E-01 -1.1658837E-01  6.9719339E+00 -1.1320041E-01 
      1037 SSD -1.8140725E+02  1.6499793E+00 -2.3628345E+00 -1.7350460E+00  1.0075952E+02 -1.8823526E+00 
      1038     -2.5758003E+00 -1.5514081E-02 -2.1733871E-01 -1.4896812E-01  5.6291111E+00 -1.1473008E-01 
      1038 SSD -1.8191264E+02  1.6536344E+00 -2.6945864E+00 -2.3825413E+00  8.0657390E+01 -1.3742376E+00 
      1039     -2.5949543E+00 -1.2470570E-02 -2.1915212E-01 -8.7284276E-02  3.6642853E+00 -1.1531697E-03 
      1039 SSD -1.8237337E+02  1.6859056E+00 -3.0898348E+00 -1.5411370E+00  5.1926214E+01  3.2759222E-01 
      1040     -2.6840051E+00 -9.6690674E-03 -1.7768350E-01 -1.5714702E-01  1.3384877E+00 -6.2182733E-02 
      1040 SSD -1.8365206E+02  1.7225036E+00 -2.8492818E+00 -2.5367195E+00  1.8660766E+01 -2.9156555E-01 
      1041      7.6236643E+01 -6.5326845E-02 -1.4454697E-01  2.5642028E-03 -6.9208149E-02  8.7482376E+00 
      1041 SSD  1.0115085E+03 -6.9859105E-01 -1.1337786E-01  6.2983997E-02 -3.3771851E-01  1.3680777E+02 
      1042      1.6184424E+02 -7.1967030E-02 -1.5784006E-01  1.5125258E-03  3.0230091E-03  8.6084483E+00 
      1042 SSD  2.3807471E+03 -7.2609748E-01 -5.8444618E-01  4.9592533E-02  1.4267571E+00  1.4115522E+02 
      1043      2.3787847E+02 -7.4979237E-02 -1.7051589E-01  1.4423108E-03  4.4086255E-02  6.7996861E+00 
      1043 SSD  3.6564618E+03 -7.1911928E-01 -1.0482420E+00  4.8710332E-02  2.8162882E+00  1.1791078E+02 
      1044      2.8999787E+02 -7.4775636E-02 -1.8291793E-01  1.3881415E-03  4.6895178E-02  3.7575091E+00 
      1044 SSD  4.5869075E+03 -6.8163236E-01 -1.5080936E+00  4.8022939E-02  3.5168532E+00  7.1079613E+01 
      1045      3.0846586E+02 -7.2726003E-02 -1.9536970E-01  1.3762869E-03 -9.4329847E-03 -1.7456074E-02 
      1045 SSD  4.9379174E+03 -6.2690648E-01 -1.9676017E+00  4.7855218E-02 -1.3684915E-01 -2.2513878E-01 
      1046      2.8968014E+02 -7.0755265E-02 -2.0792053E-01  1.3968686E-03 -6.5725721E-02 -3.7862010E+00 
      1046 SSD  4.5827494E+03 -5.7321610E-01 -2.4282257E+00  4.8104465E-02 -3.7852221E+00 -7.1459506E+01 
      1047      2.3736883E+02 -7.0777148E-02 -2.2064565E-01  1.4649114E-03 -6.1910994E-02 -6.8082748E+00 
      1047 SSD  3.6497253E+03 -5.3862558E-01 -2.8917530E+00  4.8974846E-02 -3.0621377E+00 -1.1803226E+02 
      1048      1.6138399E+02 -7.4113699E-02 -2.3401212E-01  1.5709733E-03 -1.5081521E-02 -8.5893632E+00 
      1048 SSD  2.3744876E+03 -5.3551065E-01 -3.3638906E+00  5.0307906E-02 -1.5862158E+00 -1.4093028E+02 
      1049      7.6055806E+01 -8.1078548E-02 -2.4894122E-01  2.6071370E-03  6.6683791E-02 -8.7119055E+00 
      1049 SSD  1.0086355E+03 -5.6655762E-01 -3.8557849E+00  6.3118486E-02  3.0688159E-01 -1.3636405E+02 
      1050      2.9003362E+02 -5.7532298E-02 -1.9366816E-01  1.3614590E-03  3.7431959E+00  3.9767671E-02 
      1050 SSD  4.5869678E+03 -1.2874972E-01 -1.9138359E+00  4.7612592E-02  7.0987477E+01  3.4373462E+00 
      1051      2.3815979E+02 -4.3147799E-02 -1.9374550E-01  1.3370403E-03  6.7692500E+00  4.8139067E-02 
      1051 SSD  3.6584736E+03  3.5768672E-01 -1.8767191E+00  4.7190710E-02  1.1765466E+02  2.8401676E+00 
      1052      1.6244445E+02 -3.0123838E-02 -1.9669536E-01  1.3352658E-03  8.5804069E+00  3.5465367E-02 
      1052 SSD  2.3855758E+03  8.2585286E-01 -1.8659850E+00  4.6992247E-02  1.4090911E+02  1.7485957E+00 
      1053      7.6851066E+01 -1.8216404E-02 -2.0250351E-01  2.1403349E-03  8.7730502E+00 -1.0489363E-02 
      1053 SSD  1.0164627E+03  1.2801169E+00 -1.8802682E+00  5.8093358E-02  1.3703033E+02  2.5603960E-01 
      1054      2.2239045E+02 -4.8198968E-02 -1.7881628E-01  1.3955310E-03  6.3783130E+00  2.9568139E+00 
      1054 SSD  3.3670623E+03  2.7574755E-01 -1.3942256E+00  4.7723644E-02  1.0887956E+02  5.2319269E+01 
      1055      1.8083804E+02 -5.1203186E-02 -1.6077684E-01  1.3564233E-03  5.2891245E+00  5.2984112E+00 
      1055 SSD  2.6609859E+03  2.1498568E-01 -8.7972165E-01  4.7580538E-02  8.7777451E+01  8.7830991E+01 
      1056      1.2132989E+02 -5.1382583E-02 -1.4229912E-01  1.1886260E-03  3.6829403E+00  6.6399398E+00 
      1056 SSD  1.6981504E+03  1.8471641E-01 -3.5660532E-01  4.6157795E-02  5.9157421E+01  1.0540034E+02 
      1057      5.5717225E+01 -4.9094957E-02 -1.2656258E-01  2.1103803E-03  1.7996429E+00  6.6043954E+00 
      1057 SSD  6.7955231E+02  1.8391328E-01  1.4875536E-01  6.4213371E-02  2.7657492E+01  1.0042506E+02 
      1058      2.2224222E+02 -6.1201887E-02 -1.6512938E-01  1.3555985E-03  2.9400382E+00  6.3912494E+00 
      1058 SSD  3.3660686E+03 -2.3098001E-01 -9.5964114E-01  4.7849750E-02  5.2201670E+01  1.0895975E+02 
      1059      2.7177778E+02 -6.0404609E-02 -1.8015684E-01  1.3747086E-03  3.5460951E+00  3.5568618E+00 
      1059 SSD  4.2347445E+03 -1.9048384E-01 -1.4446566E+00  4.7802798E-02  6.5631388E+01  6.5690805E+01 
      1060      1.5060482E+02 -5.8813475E-02 -1.4974356E-01  1.2375944E-03  2.0356825E+00  8.0622085E+00 
      1060 SSD  2.1800448E+03 -2.3831371E-01 -4.6877291E-01  4.7098584E-02  3.4765944E+01  1.3067677E+02 
      1061      7.0534032E+01 -5.3179618E-02 -1.3573606E-01  2.2367674E-03  9.6025033E-01  8.1430942E+00 
      1061 SSD  9.1363885E+02 -2.0890755E-01  1.3219266E-02  6.4371402E-02  1.5680143E+01  1.2594738E+02 
      1062      5.5547802E+01 -3.4920358E-02 -1.5773553E-01  2.0619041E-03  6.6598065E+00  1.8266362E+00 
      1062 SSD  6.7738044E+02  1.0381533E+00 -7.8266335E-01  4.9177518E-02  1.0105281E+02  2.7888582E+01 
      1063      1.2140563E+02 -4.2950490E-02 -1.5823164E-01  1.5202453E-03  6.6365203E+00  3.6928192E+00 
      1063 SSD  1.6987037E+03  6.3643713E-01 -8.1854886E-01  4.8424848E-02  1.0536013E+02  5.9200959E+01 
      1064      7.0683715E+01 -2.6325375E-02 -1.8403388E-01  2.2675797E-03  8.1822718E+00  1.0088160E+00 
      1064 SSD  9.1419453E+02  1.1645840E+00 -1.3731919E+00  5.4705754E-02  1.2636507E+02  1.6108964E+01 
      1065      1.5088884E+02 -3.7392391E-02 -1.7999150E-01  1.5085402E-03  8.0513851E+00  2.0626053E+00 
      1065 SSD  2.1820626E+03  7.2285316E-01 -1.3683581E+00  4.8332903E-02  1.3058405E+02  3.4960111E+01 
      1066      1.2837036E+01 -5.5232460E-02 -1.0177210E-01  4.4778984E-04  2.1933670E+00  2.0703425E+00 
      1066 SSD  3.9723698E+01  7.4799295E-01  4.9944438E-01  3.7119255E-02  3.1565253E+01  3.0036428E+01 
      1067      3.4590220E+01 -4.4134551E-02 -1.3036185E-01  1.1373966E-03  4.5217178E+00  2.2460338E+00 
      1067 SSD  3.6017851E+02  9.0493258E-01 -1.7141550E-01  3.9259030E-02  6.7074246E+01  3.3378336E+01 
      1068      3.4989334E+01 -4.4169987E-02 -1.1664725E-01  1.9874555E-03  2.2165046E+00  4.4265219E+00 
      1068 SSD  3.6492437E+02  5.8571911E-01  2.9101150E-01  6.1472723E-02  3.2981383E+01  6.5912555E+01 
      1069      7.9813725E+01 -4.5641936E-02 -1.3575197E-01  1.3479381E-03  4.5686232E+00  4.5689999E+00 
      1069 SSD  1.0447243E+03  5.8334615E-01 -2.5491434E-01  4.6868848E-02  7.0620568E+01  7.0636391E+01 
      1070      5.7643099E+01 -3.0171007E-02 -2.2767386E-01  1.8404635E-03  1.9075057E+00 -6.8294381E+00 
      1070 SSD  7.2878344E+02  6.2470874E-01 -3.5605140E+00  4.7412410E-02  2.9106137E+01 -1.0562703E+02 
      1071      1.2507149E+02 -2.8454135E-02 -2.1811224E-01  1.4775397E-03  3.6707155E+00 -6.8316007E+00 
      1071 SSD  1.7923139E+03  6.1429496E-01 -3.1322212E+00  4.8429036E-02  5.9350775E+01 -1.0929360E+02 
      1072      1.8480078E+02 -3.1849270E-02 -2.1183421E-01  1.2712315E-03  5.2872564E+00 -5.3542108E+00 
      1072 SSD  2.7687379E+03  5.4235945E-01 -2.7331876E+00  4.6556901E-02  8.8563591E+01 -8.9243543E+01 
      1073      2.2490705E+02 -3.7185645E-02 -2.0477699E-01  1.2535119E-03  6.3868422E+00 -2.9114043E+00 
      1073 SSD  3.4451902E+03  4.5157301E-01 -2.3249191E+00  4.6426083E-02  1.1034888E+02 -4.9690439E+01 
      1074      1.5249406E+02 -5.3421571E-02 -2.2572035E-01  1.6648517E-03  2.0436252E+00 -8.1528196E+00 
      1074 SSD  2.2382709E+03  2.1650113E-02 -3.2461111E+00  5.0852438E-02  3.3345194E+01 -1.3325204E+02 
      1075      7.1577532E+01 -5.8208860E-02 -2.3913504E-01  2.3344700E-03  1.0828192E+00 -8.2681016E+00 
      1075 SSD  9.4406048E+02  1.2802511E-02 -3.7179186E+00  5.4964476E-02  1.6665776E+01 -1.2935506E+02 
      1076      2.2436134E+02 -5.2343067E-02 -2.1528675E-01  1.4407608E-03  2.8691130E+00 -6.4504542E+00 
      1076 SSD  3.4394859E+03 -5.5985785E-03 -2.8029671E+00  4.8514824E-02  4.9227078E+01 -1.1098362E+02 
      1077      2.7326023E+02 -5.4222019E-02 -2.0529022E-01  1.3598940E-03  3.4877028E+00 -3.5329072E+00 
      1077 SSD  4.2971867E+03 -6.1044526E-02 -2.3659633E+00  4.7628442E-02  6.3391726E+01 -6.3893147E+01 
      1078      3.8851805E+01  1.7131035E-02 -2.1638750E-01  2.8336697E-04  4.6491997E+00 -2.2922315E+00 
      1078 SSD  4.3355350E+02  1.7775647E+00 -3.0678820E+00  3.9355100E-02  7.0642549E+01 -3.4442800E+01 
      1079      8.4629305E+01 -3.3714166E-03 -2.1338840E-01  1.0672028E-03  4.6101986E+00 -4.7424278E+00 
      1079 SSD  1.1449551E+03  1.2082626E+00 -3.0483105E+00  4.4468879E-02  7.2467056E+01 -7.3878085E+01 
      1080      1.5546991E+01  3.7686811E-02 -2.0472737E-01 -1.8409162E-03  2.1026764E+00 -2.3183051E+00 
      1080 SSD  8.5092646E+01  2.0568021E+00 -3.2362163E+00  5.9078941E-03  3.1287954E+01 -3.3739122E+01 
      1081      3.7555572E+01  2.9791671E-03 -2.1154209E-01  2.9826947E-05  2.2093193E+00 -4.7525953E+00 
      1081 SSD  4.1914514E+02  1.2996576E+00 -3.3334012E+00  2.5414043E-02  3.3571300E+01 -7.1852872E+01 
      1082      5.9182350E+01  6.1500149E-04 -2.1588550E-01  1.0938518E-03  6.8348564E+00 -1.8777786E+00 
      1082 SSD  7.4503517E+02  1.5466660E+00 -2.7181705E+00  5.1251583E-02  1.0568798E+02 -2.8659743E+01 
      1083      1.2599630E+02 -1.2826213E-02 -2.1173242E-01  9.6558378E-04  6.7164481E+00 -3.7324665E+00 
      1083 SSD  1.8019647E+03  1.0711557E+00 -2.6991341E+00  4.3633675E-02  1.0807296E+02 -5.9964276E+01 
      1084      7.2818515E+01 -9.3411781E-03 -2.1407674E-01  1.7494101E-03  8.3048966E+00 -1.0353630E+00 
      1084 SSD  9.5655321E+02  1.4054453E+00 -2.3484029E+00  5.7953272E-02  1.2974350E+02 -1.6131870E+01 
      1085      1.5366976E+02 -2.1662059E-02 -2.0764374E-01  1.0894907E-03  8.1001901E+00 -2.0448176E+00 
      1085 SSD  2.2503066E+03  9.4412159E-01 -2.3180332E+00  4.4916610E-02  1.3273406E+02 -3.3363928E+01 
      1086      7.6755030E+01 -1.2661777E-01 -1.8761847E-01  1.9291520E-03 -8.7599867E+00 -5.9572963E-03 
      1086 SSD  1.0147482E+03 -2.5276336E+00 -2.0495669E+00  5.6856853E-02 -1.3682672E+02 -4.6061054E-01 
      1087      1.6221617E+02 -1.1478553E-01 -1.9391384E-01  1.2952510E-03 -8.5658412E+00 -6.2820890E-02 
      1087 SSD  2.3819771E+03 -2.0739459E+00 -2.0689641E+00  4.6912466E-02 -1.4072573E+02 -2.0945331E+00 
      1088      2.3788774E+02 -1.0206179E-01 -1.9701333E-01  1.3461154E-03 -6.7730928E+00 -8.1620745E-02 
      1088 SSD  3.6544477E+03 -1.6090959E+00 -2.0593361E+00  4.7364257E-02 -1.1772701E+02 -3.2709777E+00 
      1089      2.8986196E+02 -8.7855340E-02 -1.9709621E-01  1.3526169E-03 -3.7583517E+00 -7.4105431E-02 
      1089 SSD  4.5844728E+03 -1.1244866E+00 -2.0218236E+00  4.7575755E-02 -7.1210977E+01 -3.8798385E+00 
      1090      1.5367874E+02 -1.2321633E-01 -1.8259413E-01  1.0484728E-03 -8.0951038E+00  2.0238096E+00 
      1090 SSD  2.2499258E+03 -2.1914456E+00 -1.6107014E+00  4.4713094E-02 -1.3267878E+02  3.3052776E+01 
      1091      1.2618626E+02 -1.3174841E-01 -1.7830529E-01  1.0590370E-03 -6.7211946E+00  3.7157912E+00 
      1091 SSD  1.8042509E+03 -2.3150464E+00 -1.2248420E+00  4.4939915E-02 -1.0813497E+02  5.9718835E+01 
      1092      8.4853202E+01 -1.4050653E-01 -1.7677902E-01  1.2622793E-03 -4.6114541E+00  4.7526927E+00 
      1092 SSD  1.1480716E+03 -2.4440045E+00 -8.7657046E-01  4.6877052E-02 -7.2483770E+01  7.3962506E+01 
      1093      3.7605761E+01 -1.4620961E-01 -1.7913364E-01  1.0876976E-03 -2.2139385E+00  4.7770918E+00 
      1093 SSD  4.2043435E+02 -2.5284940E+00 -5.9693673E-01  3.9438149E-02 -3.3632651E+01  7.2131683E+01 
      1094      5.9319498E+01 -1.4656799E-01 -1.7374816E-01  9.9559277E-04 -6.8396144E+00  1.8737021E+00 
      1094 SSD  7.4669071E+02 -2.8085572E+00 -1.1994886E+00  4.9687320E-02 -1.0573135E+02  2.8581385E+01 
      1095      7.2861603E+01 -1.3589991E-01 -1.7550050E-01  1.4189897E-03 -8.3042473E+00  1.0240608E+00 
      1095 SSD  9.5676710E+02 -2.6576924E+00 -1.5724554E+00  5.4674734E-02 -1.2968670E+02  1.5958190E+01 
      1096      3.8985737E+01 -1.6252362E-01 -1.7260666E-01  9.5732273E-05 -4.6666784E+00  2.2993788E+00 
      1096 SSD  4.3549294E+02 -3.0326865E+00 -8.4129193E-01  3.6273470E-02 -7.0870690E+01  3.4486163E+01 
      1097      1.5528548E+01 -1.8518494E-01 -1.8142767E-01 -2.1024327E-03 -2.1157863E+00  2.3431482E+00 
      1097 SSD  8.5471835E+01 -3.3397823E+00 -6.3521947E-01  1.2817305E-03 -3.1462251E+01  3.4025409E+01 
      1098      2.2471046E+02 -9.2864774E-02 -1.7556430E-01  1.4361221E-03 -2.8841518E+00  6.4386267E+00 
      1098 SSD  3.4439998E+03 -1.2453394E+00 -1.1326498E+00  4.8466824E-02 -4.9435325E+01  1.1081123E+02 
      1099      1.8504266E+02 -1.1325809E-01 -1.7852786E-01  1.2511647E-03 -5.2935703E+00  5.3403886E+00 
      1099 SSD  2.7717507E+03 -1.7924277E+00 -1.1956981E+00  4.6374942E-02 -8.8654282E+01  8.9036347E+01 
      1100      2.7340387E+02 -9.1028116E-02 -1.8538752E-01  1.3445271E-03 -3.5039374E+00  3.5041730E+00 
      1100 SSD  4.2988582E+03 -1.1903215E+00 -1.5681505E+00  4.7504548E-02 -6.3624793E+01  6.3504172E+01 
      1101      2.2493518E+02 -1.0791271E-01 -1.8568169E-01  1.2546234E-03 -6.3941795E+00  2.8834476E+00 
      1101 SSD  3.4451800E+03 -1.7013107E+00 -1.6064277E+00  4.6513582E-02 -1.1045817E+02  4.9304006E+01 
      1102      7.1708122E+01 -8.7035623E-02 -1.5371405E-01  2.3510214E-03 -1.0896995E+00  8.2964793E+00 
      1102 SSD  9.4629614E+02 -1.2642537E+00 -2.4128957E-01  5.5022823E-02 -1.6752330E+01  1.2969551E+02 
      1103      1.5283801E+02 -9.1747298E-02 -1.6571329E-01  1.6769496E-03 -2.0543191E+00  8.1659680E+00 
      1103 SSD  2.2429798E+03 -1.2722611E+00 -6.9637684E-01  5.0906676E-02 -3.3488181E+01  1.3338933E+02 
      1104      5.7725797E+01 -1.1603722E-01 -1.6285146E-01  1.7322144E-03 -1.9094993E+00  6.8561815E+00 
      1104 SSD  7.3044905E+02 -1.8897113E+00 -3.6947339E-01  4.6136527E-02 -2.9121492E+01  1.0594405E+02 
      1105      1.2533413E+02 -1.1692788E-01 -1.7246852E-01  1.4152633E-03 -3.6760740E+00  6.8403509E+00 
      1105 SSD  1.7959482E+03 -1.8682503E+00 -7.9883302E-01  4.7706919E-02 -5.9420313E+01  1.0936377E+02 
      1106      3.4822740E+01 -1.0074786E-01 -2.7748187E-01  1.8350421E-03 -2.2105887E+00 -4.3973568E+00 
      1106 SSD  3.6230149E+02 -1.8370719E+00 -4.2698126E+00  6.0084013E-02 -3.2914636E+01 -6.5542516E+01 
      1107      7.9358653E+01 -9.9555971E-02 -2.5740990E-01  1.2958038E-03 -4.5447167E+00 -4.5400450E+00 
      1107 SSD  1.0383995E+03 -1.8379660E+00 -3.7126620E+00  4.6661661E-02 -7.0320016E+01 -7.0260895E+01 
      1108      1.2078712E+02 -1.0215790E-01 -2.3404670E-01  1.5409672E-03 -6.6084043E+00 -3.6913457E+00 
      1108 SSD  1.6902327E+03 -1.8890314E+00 -3.1386734E+00  4.8862056E-02 -1.0500587E+02 -5.9175574E+01 
      1109      1.5039224E+02 -1.0757656E-01 -2.1131942E-01  1.4812069E-03 -8.0303601E+00 -2.0908098E+00 
      1109 SSD  2.1750891E+03 -1.9725114E+00 -2.5766761E+00  4.8213185E-02 -1.3031104E+02 -3.5312161E+01 
      1110      3.4411222E+01 -1.0180460E-01 -2.6311987E-01  1.1727195E-03 -4.4883781E+00 -2.2331442E+00 
      1110 SSD  3.5744435E+02 -2.1711617E+00 -3.8015512E+00  3.9011912E-02 -6.6631493E+01 -3.3211728E+01 
      1111      1.2817534E+01 -9.3472855E-02 -2.9353043E-01  1.0639820E-03 -2.1725198E+00 -2.0507554E+00 
      1111 SSD  3.9035213E+01 -2.0498690E+00 -4.4934278E+00  4.4932450E-02 -3.1285106E+01 -2.9781197E+01 
      1112      5.5268406E+01 -1.0996055E-01 -2.3464945E-01  1.9764660E-03 -6.6171347E+00 -1.8231970E+00 
      1112 SSD  6.7333649E+02 -2.2894739E+00 -3.1780069E+00  4.9230983E-02 -1.0048518E+02 -2.7839183E+01 
      1113      7.0444043E+01 -1.1832404E-01 -2.0701155E-01  2.0848761E-03 -8.1487661E+00 -1.0228633E+00 
      1113 SSD  9.1066460E+02 -2.4109387E+00 -2.5706149E+00  5.3262016E-02 -1.2590981E+02 -1.6292469E+01 
      1114      1.5004487E+02 -8.8351193E-02 -2.4247011E-01  1.3289913E-03 -2.0440877E+00 -8.0336561E+00 
      1114 SSD  2.1724694E+03 -1.0387902E+00 -3.4846482E+00  4.8062640E-02 -3.4874584E+01 -1.3031887E+02 
      1115      1.2074498E+02 -9.5232935E-02 -2.5044707E-01  1.0928417E-03 -3.6808643E+00 -6.6050653E+00 
      1115 SSD  1.6902243E+03 -1.4565259E+00 -3.6044853E+00  4.5278060E-02 -5.9139176E+01 -1.0495187E+02 
      1116      7.0339026E+01 -9.5202088E-02 -2.5726551E-01  2.2887330E-03 -9.5950036E-01 -8.0982587E+00 
      1116 SSD  9.1066300E+02 -1.0842099E+00 -3.9768096E+00  6.4438918E-02 -1.5655511E+01 -1.2537911E+02 
      1117      5.5516533E+01 -9.8298842E-02 -2.6616453E-01  1.7896463E-03 -1.8019362E+00 -6.5616342E+00 
      1117 SSD  6.7655144E+02 -1.4663868E+00 -4.1083937E+00  6.0757379E-02 -2.7689077E+01 -9.9877754E+01 
      1118      2.7128757E+02 -8.5285020E-02 -2.1090223E-01  1.3823647E-03 -3.5621669E+00 -3.5866018E+00 
      1118 SSD  4.2281281E+03 -1.0669183E+00 -2.4948767E+00  4.7917909E-02 -6.5860343E+01 -6.6075177E+01 
      1119      2.2157215E+02 -8.5047619E-02 -2.2641886E-01  1.3951078E-03 -2.9555058E+00 -6.3963565E+00 
      1119 SSD  3.3571228E+03 -1.0340104E+00 -2.9857844E+00  4.8283951E-02 -5.2413916E+01 -1.0902520E+02 
      1120      2.2180673E+02 -9.7252257E-02 -2.1246252E-01  1.4097534E-03 -6.3806216E+00 -2.9872729E+00 
      1120 SSD  3.3590454E+03 -1.5308384E+00 -2.5489832E+00  4.7949779E-02 -1.0892736E+02 -5.2707081E+01 
      1121      1.8009031E+02 -9.4703506E-02 -2.3123201E-01  1.3600154E-03 -5.2904451E+00 -5.3002447E+00 
      1121 SSD  2.6509266E+03 -1.4767775E+00 -3.0725845E+00  4.7636199E-02 -8.7804936E+01 -8.7843899E+01 

