      NODE            V1             V2             V3             VR1            VR2            VR3
      1001     -3.2321398E+00 -2.3217615E+00 -3.7887353E+00  2.7217134E+00  7.3062887E+00 -6.8786368E+00 
      1001 SSD -2.4219988E+02  7.9546894E-01  1.8467561E+01 -7.6152314E+00 -1.8402079E+01  1.6437424E+01 
      1002     -1.0899123E+00 -4.4326265E+00 -3.9197227E+00  8.3409494E+00 -1.5338227E+00  2.4135292E+01 
      1002 SSD -2.4756029E+02  7.1356704E+00  1.8633749E+01 -2.0194483E+01  4.8219272E+00 -5.4506656E+01 
      1003      1.1817810E+00 -2.3543481E+00 -3.4618370E+00  1.8331887E+00 -8.4018388E-01  7.4218169E+01 
      1003 SSD -2.5338711E+02  3.3534245E+00  1.7408667E+01 -4.3023257E+00  2.3293841E+00 -1.7224507E+02 
      1004      1.6924867E+00 -2.0823320E+00 -3.4700910E+00  5.0646366E-01 -2.8755126E+00  1.1998417E+02 
      1004 SSD -2.5446922E+02  3.5829558E+00  1.7381290E+01 -6.5237391E-01  7.2514579E+00 -2.7907687E+02 
      1005      2.4689474E+00 -1.3693050E+00 -3.4001702E+00 -1.3242713E+00 -3.0350679E+00  1.5201565E+02 
      1005 SSD -2.5633123E+02  2.7950287E+00  1.7220545E+01  3.6521781E+00  6.8531203E+00 -3.5387308E+02 
      1006      2.6878949E+00 -1.0731490E+00 -3.4073376E+00 -2.6677835E+00 -2.9573802E+00  1.6294307E+02 
      1006 SSD -2.5681518E+02  3.0753383E+00  1.7297688E+01  6.5819238E+00  6.5202051E+00 -3.8007898E+02 
      1007      2.5456210E+00 -1.0841663E+00 -3.4214377E+00 -3.1863576E+00 -2.1860867E+00  1.5100073E+02 
      1007 SSD -2.5668256E+02  4.2267729E+00  1.7385559E+01  7.4179641E+00  4.7916788E+00 -3.5379869E+02 
      1008      1.6742871E+00 -1.4677043E+00 -3.4644954E+00 -3.4079007E+00 -6.2500595E-01  1.1814899E+02 
      1008 SSD -2.5487403E+02  6.2264215E+00  1.7498804E+01  7.7966107E+00  1.2472599E+00 -2.7831037E+02 
      1009      1.2716090E+00 -1.4116113E+00 -3.2539487E+00 -1.8402261E+00 -6.1671602E-01  7.1931717E+01 
      1009 SSD -2.5412109E+02  7.2282105E+00  1.6967615E+01  4.1562987E+00  1.5254533E+00 -1.7048374E+02 
      1010     -1.7776411E+00 -2.5691271E+00 -3.3028285E+00 -2.4604073E+00  4.8826176E+00  2.3141063E+01 
      1010 SSD -2.4692247E+02  1.0877189E+01  1.6987209E+01  5.4792473E+00 -1.0619379E+01 -5.5768801E+01 
      1011     -1.3389166E+00 -2.3590349E+00 -2.7211596E+00  4.9454046E+00 -1.2242391E+00 -5.1408613E+00 
      1011 SSD -2.4771750E+02  1.1063618E+01  1.5501206E+01 -1.1174934E+01  2.9719989E+00  1.1748655E+01 
      1012      1.1229610E+00 -1.6748340E+00 -3.8632851E+00  2.7638533E+00 -7.5664997E+00  6.4283606E+00 
      1012 SSD -2.5550155E+02  9.5061759E+00  7.8265820E+00 -7.5186307E+00  1.9071696E+01 -1.5276503E+01 
      1013      3.0929611E+00  5.2658846E-01 -3.7063205E+00  7.1264133E+00  1.5340164E+00 -2.3811713E+01 
      1013 SSD -2.6024389E+02  2.9230523E+00  7.5983997E+00 -1.7214259E+01 -4.8062623E+00  5.3774007E+01 
      1014      5.1262064E+00 -1.2154571E+00 -4.0624528E+00  2.2201597E+00  8.0367640E-01 -7.3861434E+01 
      1014 SSD -2.6530428E+02  5.8787801E+00  8.5707659E+00 -5.2382905E+00 -2.2115769E+00  1.7146041E+02 
      1015      5.4090877E+00 -1.7878153E+00 -4.0464569E+00  3.7764879E-01  2.8538167E+00 -1.1957668E+02 
      1015 SSD -2.6564778E+02  6.3931345E+00  8.5766895E+00 -3.2961271E-01 -7.1758146E+00  2.7818348E+02 
      1016      5.9856679E+00 -2.3879480E+00 -4.0726746E+00 -1.2869199E+00  3.0280318E+00 -1.5146586E+02 
      1016 SSD -2.6683963E+02  6.9020139E+00  8.6259589E+00  3.5374577E+00 -6.8162166E+00  3.5266428E+02 
      1017      5.9953999E+00 -2.7368523E+00 -4.0480934E+00 -2.4378947E+00  2.9865075E+00 -1.6241482E+02 
      1017 SSD -2.6662689E+02  6.7636099E+00  8.5054471E+00  6.0085797E+00 -6.5588941E+00  3.7893764E+02 
      1018      5.6317828E+00 -2.8606367E+00 -4.0494196E+00 -2.9964125E+00  2.1487201E+00 -1.5057346E+02 
      1018 SSD -2.6578065E+02  5.9249177E+00  8.4544439E+00  6.9915106E+00 -4.6704900E+00  3.5284300E+02 
      1019      4.5371391E+00 -2.4585041E+00 -4.0235276E+00 -3.6101150E+00  4.8494828E-01 -1.1755289E+02 
      1019 SSD -2.6325819E+02  3.8618969E+00  8.3813731E+00  8.2472410E+00 -8.9776488E-01  2.7691738E+02 
      1020      4.0090787E+00 -2.2900631E+00 -4.2130154E+00 -2.0213025E+00  6.6876552E-01 -7.1239495E+01 
      1020 SSD -2.6200845E+02  2.3368695E+00  8.8662532E+00  4.5442484E+00 -1.6169013E+00  1.6887052E+02 
      1021      7.0072699E-01 -1.4480085E+00 -4.1637088E+00 -1.8695024E+00 -4.9056535E+00 -2.3115488E+01 
      1021 SSD -2.5400528E+02 -5.7768297E-01  8.8512969E+00  4.1320365E+00  1.0673807E+01  5.5684754E+01 
      1022      9.5730328E-01 -1.3335991E+00 -4.6580705E+00  3.9357060E+00  6.3949436E-01  5.7078321E+00 
      1022 SSD -2.5416289E+02 -1.5357260E+00  1.0128610E+01 -8.8619617E+00 -1.6247377E+00 -1.3073552E+01 
      1023      2.4980684E+00 -1.7671631E+00 -5.7726825E+00  5.2595179E+00 -1.8500152E+01 -1.1222822E+00 
      1023 SSD -2.5747102E+02 -5.2363637E-01  1.3490503E+01 -1.2567892E+01  4.6582587E+01  3.2664220E+00 
      1024      3.4558410E+00 -2.0193399E+00 -4.8437963E+00  2.7126119E+00 -6.1019366E+01 -4.4627481E-02 
      1024 SSD -2.5959220E+02  5.8223850E-02  1.2011161E+01 -5.8735474E+00  1.5339035E+02  7.8240728E-01 
      1025      3.9876779E+00 -2.1585088E+00 -4.4532737E+00  9.9495904E-01 -1.0421804E+02  7.1151030E-01 
      1025 SSD -2.6052905E+02  3.7588418E-01  1.1821194E+01 -1.4325676E+00  2.6144789E+02 -9.2714603E-01 
      1026      4.2602224E+00 -2.1778635E+00 -3.9251586E+00 -7.3555512E-01 -1.3579930E+02  1.8001170E+00 
      1026 SSD -2.6083218E+02  3.9119608E-01  1.1314812E+01  2.8034070E+00  3.3992818E+02 -3.7096835E+00 
      1027      4.0112029E+00 -2.1467244E+00 -3.6779698E+00 -1.9201645E+00 -1.4905114E+02  2.4699613E+00 
      1027 SSD -2.5993110E+02  2.6626992E-01  1.1605589E+01  5.4252742E+00  3.7249375E+02 -5.4901890E+00 
      1028      3.5089475E+00 -2.1301894E+00 -3.6109504E+00 -2.4682330E+00 -1.4184628E+02  2.2765257E+00 
      1028 SSD -2.5860018E+02  1.9402417E-01  1.2542426E+01  6.2218590E+00  3.5477663E+02 -5.4480116E+00 
      1029      2.4539159E+00 -2.1371122E+00 -3.8707582E+00 -3.0131238E+00 -1.1496748E+02  2.2311834E+00 
      1029 SSD -2.5596322E+02  2.0050917E-01  1.4461816E+01  7.1163484E+00  2.8850206E+02 -6.1021082E+00 
      1030      1.4551253E+00 -2.2451569E+00 -4.0949851E+00 -1.8747862E+00 -7.4989354E+01  2.6099639E-01 
      1030 SSD -2.5360241E+02  4.7933829E-01  1.6327122E+01  3.9861051E+00  1.8898139E+02 -1.5358508E+00 
      1031     -1.2941869E+00 -2.3124211E+00 -4.8065645E+00 -3.1705016E+00 -2.7215361E+01  1.7054853E+00 
      1031 SSD -2.4661068E+02  6.2747520E-01  1.9411010E+01  7.1471751E+00  6.8915285E+01 -5.7043176E+00 
      1032      8.1048709E-01 -2.0215806E+00 -1.8409624E+00  5.1404971E+00  1.8528464E+01  1.2399889E+00 
      1032 SSD -2.5287071E+02  1.0290464E+01  1.2713752E+01 -1.2292320E+01 -4.6567684E+01 -3.5666283E+00 
      1033      2.5199005E+00 -1.7868966E+00 -2.6435531E+00  2.7983334E+00  6.1310540E+01  7.2346796E-02 
      1033 SSD -2.5717343E+02  9.7492624E+00  1.3868265E+01 -6.0772237E+00 -1.5386054E+02 -8.7811005E-01 
      1034      3.7333331E+00 -1.6595113E+00 -3.0157246E+00  1.0004602E+00  1.0469842E+02 -6.5582839E-01 
      1034 SSD -2.6013133E+02  9.4573766E+00  1.3999917E+01 -1.4610412E+00 -2.6219146E+02  7.8125542E-01 
      1035      4.6875418E+00 -1.6388284E+00 -3.5058982E+00 -7.4196682E-01  1.3615688E+02 -1.8039098E+00 
      1035 SSD -2.6245548E+02  9.4351450E+00  1.4404520E+01  2.8020465E+00 -3.4020650E+02  3.6863008E+00 
      1036      5.1156312E+00 -1.6672421E+00 -3.7351953E+00 -1.9412521E+00  1.4907779E+02 -2.3640773E+00 
      1036 SSD -2.6354967E+02  9.5539677E+00  1.4073152E+01  5.4581009E+00 -3.7182800E+02  5.2210901E+00 
      1037      5.3006859E+00 -1.6856044E+00 -3.7861421E+00 -2.4789375E+00  1.4149762E+02 -2.2384174E+00 
      1037 SSD -2.6428805E+02  9.6272291E+00  1.3091249E+01  6.2237896E+00 -3.5319644E+02  5.2601871E+00 
      1038      4.8156894E+00 -1.6939155E+00 -3.5331531E+00 -3.0509009E+00  1.1417535E+02 -2.3816256E+00 
      1038 SSD -2.6337640E+02  9.6677845E+00  1.1212990E+01  7.1917279E+00 -2.8587391E+02  6.5066436E+00 
      1039      4.4317562E+00 -1.6028003E+00 -3.3318659E+00 -1.8427330E+00  7.4194444E+01 -1.0358852E-01 
      1039 SSD -2.6282107E+02  9.4363160E+00  9.4032415E+00  3.9331167E+00 -1.8648160E+02  1.1325254E+00 
      1040      2.6209874E+00 -1.5009192E+00 -2.4587188E+00 -3.1765622E+00  2.6888731E+01 -1.3467436E+00 
      1040 SSD -2.5850990E+02  9.2034518E+00  5.9558504E+00  7.0878673E+00 -6.7955528E+01  4.6894704E+00 
      1041      1.7105197E+03 -1.3268752E+00 -3.4570104E+00  3.5559741E-02 -2.0705163E+00  1.8405027E+02 
      1041 SSD -4.2150347E+03  3.7281859E+00  1.6375578E+01  1.5498629E-02  6.2627275E+00 -4.2366169E+02 
      1042      3.4844400E+03 -1.5741565E+00 -3.5321134E+00  1.1312008E-02 -9.7769264E-01  1.7558652E+02 
      1042 SSD -8.2694386E+03  4.3294332E+00  1.5528914E+01  7.5592011E-02  4.8551536E+00 -3.9764235E+02 
      1043      5.0212095E+03 -1.7462022E+00 -3.5958969E+00  9.9641799E-03 -3.1088896E-01  1.3577846E+02 
      1043 SSD -1.1716139E+04  4.7045213E+00  1.4649416E+01  7.9270560E-02  4.2006454E+00 -2.9976459E+02 
      1044      6.0543802E+03 -1.8477919E+00 -3.6560566E+00  8.9358387E-03 -1.4050508E-01  7.3458561E+01 
      1044 SSD -1.3963551E+04  4.8727539E+00  1.3760412E+01  8.2007142E-02  4.3277757E+00 -1.5457065E+02 
      1045      6.4152118E+03 -1.9080156E+00 -3.7178686E+00  8.7084029E-03 -2.3879937E-01 -3.6917999E-01 
      1045 SSD -1.4721328E+04  4.9204115E+00  1.2877591E+01  8.2596601E-02  4.4916453E-01  8.7037486E-01 
      1046      6.0477018E+03 -1.9697175E+00 -3.7816401E+00  9.1320172E-03 -3.3685307E-01 -7.4055083E+01 
      1046 SSD -1.3948005E+04  4.9718343E+00  1.2000281E+01  8.1522455E-02 -3.4027112E+00  1.5594626E+02 
      1047      5.0106117E+03 -2.0755969E+00 -3.8482259E+00  1.0468183E-02 -1.3669338E-01 -1.3593995E+02 
      1047 SSD -1.1691790E+04  5.1510586E+00  1.1128992E+01  7.8125582E-02 -3.2803729E+00  3.0008941E+02 
      1048      3.4750255E+03 -2.2540563E+00 -3.9256027E+00  1.2499825E-02  6.7184340E-01 -1.7517132E+02 
      1048 SSD -8.2486524E+03  5.5431448E+00  1.0284753E+01  7.2851140E-02 -4.1948627E+00  3.9656485E+02 
      1049      1.7070668E+03 -2.5080111E+00 -4.0321041E+00  3.6762859E-02  1.9914910E+00 -1.8328303E+02 
      1049 SSD -4.2091214E+03  6.1628426E+00  9.5151392E+00  1.2463652E-02 -6.0812096E+00  4.2178401E+02 
      1050      6.0412534E+03 -1.7943765E+00 -3.6095570E+00  8.3149911E-03  7.5969026E+01 -2.4717205E-01 
      1050 SSD -1.3955761E+04  5.6809123E+00  1.2816341E+01  8.3227276E-02 -1.5576867E+02  4.6794155E+00 
      1051      4.9777377E+03 -1.6956112E+00 -3.5456243E+00  7.7563953E-03  1.3939094E+02 -1.8480116E-01 
      1051 SSD -1.1696676E+04  6.4771314E+00  1.2874613E+01  8.4121166E-02 -3.0112979E+02  3.8727924E+00 
      1052      3.4117420E+03 -1.6233042E+00 -3.5550764E+00  7.7593967E-03  1.7782296E+02 -2.6936660E-01 
      1052 SSD -8.2416321E+03  7.3382260E+00  1.3129422E+01  8.3431212E-02 -3.9816424E+02  2.8726512E+00 
      1053      1.6373655E+03 -1.5717677E+00 -3.6416619E+00  2.5770385E-02  1.8167587E+02 -7.2034154E-01 
      1053 SSD -4.1876131E+03  8.2506906E+00  1.3585555E+01  3.6033212E-02 -4.2284713E+02  2.6326643E+00 
      1054      4.6749324E+03 -1.7214854E+00 -3.4318029E+00  7.8274029E-03  1.3187429E+02  5.7816132E+01 
      1054 SSD -1.1055301E+04  6.6433759E+00  1.3597650E+01  8.1260309E-02 -2.8732949E+02 -1.2643992E+02 
      1055      3.8489994E+03 -1.7025083E+00 -3.2585197E+00  5.4726797E-03  1.1044679E+02  1.0619310E+02 
      1055 SSD -9.2065552E+03  6.6840276E+00  1.4132662E+01  8.5892270E-02 -2.4373395E+02 -2.4091985E+02 
      1056      2.6411380E+03 -1.6224140E+00 -3.0938542E+00  4.4657458E-05  7.8134151E+01  1.3597737E+02 
      1056 SSD -6.4359753E+03  6.5532670E+00  1.4670015E+01  9.9047268E-02 -1.7481015E+02 -3.1456473E+02 
      1057      1.2747627E+03 -1.4930940E+00 -3.0188161E+00  1.8092853E-02  3.9145368E+01  1.3956300E+02 
      1057 SSD -3.2508057E+03  6.2816004E+00  1.5436476E+01  6.2635871E-02 -8.9112439E+01 -3.2754207E+02 
      1058      4.7074508E+03 -1.6751760E+00 -3.4141722E+00  6.5463775E-03  6.0235696E+01  1.2781826E+02 
      1058 SSD -1.1072892E+04  5.5745241E+00  1.4355314E+01  8.5878216E-02 -1.2746356E+02 -2.8486325E+02 
      1059      5.6899458E+03 -1.7575648E+00 -3.5258460E+00  7.9014441E-03  7.2021606E+01  6.9431831E+01 
      1059 SSD -1.3230060E+04  5.6923646E+00  1.3630504E+01  8.3126215E-02 -1.4933404E+02 -1.4791385E+02 
      1060      3.2567055E+03 -1.5235143E+00 -3.3050939E+00  2.7179335E-03  4.2276713E+01  1.6478494E+02 
      1060 SSD -7.7945127E+03  5.2591078E+00  1.5075648E+01  9.5694926E-02 -9.1028298E+01 -3.7580824E+02 
      1061      1.5928993E+03 -1.3054912E+00 -3.2428741E+00  2.4076832E-02  2.0375145E+01  1.7180812E+02 
      1061 SSD -3.9653906E+03  4.7538059E+00  1.5914878E+01  4.9295205E-02 -4.4742051E+01 -3.9830887E+02 
      1062      1.2155408E+03 -1.8562312E+00 -3.0881341E+00  2.1864222E-02  1.4032773E+02  3.6761900E+01 
      1062 SSD -3.1974691E+03  9.0301554E+00  1.4042064E+01  2.3890752E-02 -3.3029465E+02 -8.8555069E+01 
      1063      2.6025440E+03 -1.7780379E+00 -3.1480849E+00  9.0279647E-03  1.3969970E+02  7.4131525E+01 
      1063 SSD -6.4090398E+03  7.8887213E+00  1.4027504E+01  7.2422066E-02 -3.1747220E+02 -1.7226398E+02 
      1064      1.5182451E+03 -1.7090668E+00 -3.4453814E+00  2.8129067E-02  1.7048941E+02  1.9834996E+01 
      1064 SSD -3.9154796E+03  8.6321769E+00  1.4054225E+01  1.7194406E-02 -3.9882550E+02 -4.6636842E+01 
      1065      3.1898601E+03 -1.7194742E+00 -3.4018031E+00  1.0175646E-02  1.6769392E+02  4.0374567E+01 
      1065 SSD -7.7563859E+03  7.6656117E+00  1.3733588E+01  7.2293830E-02 -3.7768661E+02 -9.0941427E+01 
      1066      3.3738923E+02 -2.2314258E+00 -2.4069231E+00 -2.5255913E-02  4.8617261E+01  4.3157591E+01 
      1066 SSD -1.0697520E+03  1.0027500E+01  1.4061572E+01  1.4604976E-01 -1.1520395E+02 -1.0610572E+02 
      1067      7.8888422E+02 -2.0209093E+00 -2.7440891E+00 -2.6747835E-03  9.7023853E+01  4.5937280E+01 
      1067 SSD -2.1691019E+03  9.4702948E+00  1.4039412E+01  8.5468607E-02 -2.2959146E+02 -1.1197410E+02 
      1068      8.2339074E+02 -1.6904290E+00 -2.7710928E+00  1.3249832E-02  4.8728387E+01  9.3347544E+01 
      1068 SSD -2.2122861E+03  7.8177522E+00  1.4889842E+01  6.7289079E-02 -1.1317173E+02 -2.2305765E+02 
      1069      1.7569761E+03 -1.7760064E+00 -2.9044901E+00  3.0550017E-03  9.7826683E+01  9.3605271E+01 
      1069 SSD -4.4286888E+03  7.9539017E+00  1.4321089E+01  8.6114519E-02 -2.2449993E+02 -2.2105103E+02 
      1070      1.3004188E+03 -1.7581485E+00 -3.5392785E+00  2.7001379E-02  4.1676373E+01 -1.4295164E+02 
      1070 SSD -3.2686837E+03  6.3182928E+00  8.4136750E+00  3.6513949E-02 -9.5743384E+01  3.3155741E+02 
      1071      2.6913237E+03 -1.6425878E+00 -3.4849788E+00  1.5319878E-02  7.8359375E+01 -1.3919460E+02 
      1071 SSD -6.4810242E+03  6.0768494E+00  9.4160532E+00  7.1032128E-02 -1.7528042E+02  3.2056621E+02 
      1072      3.8999640E+03 -1.6250053E+00 -3.5332481E+00  8.9052338E-03  1.1063993E+02 -1.0764138E+02 
      1072 SSD -9.2421513E+03  6.1061793E+00  1.0674495E+01  8.6396404E-02 -2.4355879E+02  2.4401260E+02 
      1073      4.7053836E+03 -1.6519782E+00 -3.5779811E+00  7.1357948E-03  1.3197713E+02 -5.8488258E+01 
      1073 SSD -1.1061639E+04  6.2653615E+00  1.1894890E+01  8.8604885E-02 -2.8604329E+02  1.3169215E+02 
      1074      3.2780117E+03 -2.0126983E+00 -3.6957383E+00  1.7063842E-02  4.3904316E+01 -1.6615381E+02 
      1074 SSD -7.7917996E+03  5.9735552E+00  9.8230658E+00  6.3351989E-02 -9.8147296E+01  3.7723288E+02 
      1075      1.6050724E+03 -2.2178205E+00 -3.7989273E+00  3.5145099E-02  2.3870934E+01 -1.7351138E+02 
      1075 SSD -3.9660105E+03  6.4630682E+00  9.0038278E+00  1.2983836E-02 -5.4836314E+01  3.9935170E+02 
      1076      4.7298854E+03 -1.8848219E+00 -3.6682051E+00  1.1371074E-02  6.0414013E+01 -1.2895528E+02 
      1076 SSD -1.1058687E+04  5.7145663E+00  1.0840604E+01  7.7669117E-02 -1.3157139E+02  2.8631487E+02 
      1077      5.7039396E+03 -1.8228927E+00 -3.6545753E+00  8.9361804E-03  7.1865196E+01 -7.0004747E+01 
      1077 SSD -1.3203051E+04  5.6483574E+00  1.1879709E+01  8.2917200E-02 -1.5149441E+02  1.5180713E+02 
      1078      8.6236863E+02 -9.3180653E-01 -3.3368045E+00 -5.9334299E-03  9.7869478E+01 -4.6570041E+01 
      1078 SSD -2.3205940E+03  6.5529052E+00  9.3093421E+00  1.4390640E-01 -2.2843596E+02  1.1291679E+02 
      1079      1.8305253E+03 -1.2517163E+00 -3.3328319E+00  8.5098673E-03  9.8054806E+01 -9.6652941E+01 
      1079 SSD -4.5435888E+03  6.1585108E+00  9.1722382E+00  9.4973689E-02 -2.2290470E+02  2.2710960E+02 
      1080      3.8676959E+02 -5.3095076E-01 -3.0204767E+00 -4.6198600E-02  4.5485255E+01 -4.7538341E+01 
      1080 SSD -1.1714574E+03  5.5142340E+00  7.2393908E+00  2.5011132E-01 -1.0584723E+02  1.1605103E+02 
      1081      8.6310334E+02 -1.1846702E+00 -3.1844042E+00 -9.8006243E-03  4.8308218E+01 -9.8885082E+01 
      1081 SSD -2.2693488E+03  5.9051108E+00  7.6023348E+00  1.3943858E-01 -1.1095943E+02  2.3334804E+02 
      1082      1.2749424E+03 -1.2384165E+00 -3.5190218E+00  5.3302112E-03  1.4211702E+02 -3.8117390E+01 
      1082 SSD -3.3118055E+03  7.3446819E+00  1.1001749E+01  1.1080592E-01 -3.3090793E+02  9.2065740E+01 
      1083      2.6691605E+03 -1.3793611E+00 -3.4753929E+00  2.9592429E-03  1.4059605E+02 -7.5407436E+01 
      1083 SSD -6.5012546E+03  6.5576626E+00  1.0714440E+01  1.0551882E-01 -3.1706281E+02  1.7554025E+02 
      1084      1.5520922E+03 -1.4190929E+00 -3.6789705E+00  1.7894223E-02  1.7184525E+02 -2.1105713E+01 
      1084 SSD -3.9765961E+03  7.8299320E+00  1.2591399E+01  6.9418586E-02 -3.9941464E+02  5.0738854E+01 
      1085      3.2285933E+03 -1.5035879E+00 -3.5832429E+00  3.8088078E-03  1.6814091E+02 -4.1435516E+01 
      1085 SSD -7.8013341E+03  6.9503944E+00  1.2127817E+01  9.8930566E-02 -3.7657368E+02  9.6244449E+01 
      1086      1.6343229E+03 -2.2273646E+00 -3.7829186E+00  2.1117202E-02 -1.8132879E+02  3.8426095E-01 
      1086 SSD -4.1843050E+03  1.5449749E+00  1.2126905E+01  5.2272970E-02  4.2228841E+02 -1.7893770E+00 
      1087      3.4055171E+03 -2.1793652E+00 -3.8784030E+00  6.9252555E-03 -1.7750726E+02 -3.1656935E-01 
      1087 SSD -8.2319356E+03  2.4669249E+00  1.2611608E+01  8.7162466E-02  3.9737484E+02 -1.4404253E+00 
      1088      4.9707388E+03 -2.1142612E+00 -3.8905546E+00  7.8103456E-03 -1.3950785E+02 -5.3106020E-01 
      1088 SSD -1.1684133E+04  3.3469677E+00  1.2877871E+01  8.4044854E-02  3.0124063E+02 -2.1592008E+00 
      1089      6.0368922E+03 -2.0199616E+00 -3.8266786E+00  8.1425828E-03 -7.6357538E+01 -4.8262508E-01 
      1089 SSD -1.3947625E+04  4.1552272E+00  1.2939138E+01  8.4004289E-02  1.5647327E+02 -2.9520667E+00 
      1090      3.2274152E+03 -2.2977932E+00 -3.8448414E+00  3.1743676E-03 -1.6803195E+02  4.0989745E+01 
      1090 SSD -7.8031526E+03  2.8553180E+00  1.3601878E+01  1.0221610E-01  3.7625321E+02 -9.5326077E+01 
      1091      2.6717891E+03 -2.4153535E+00 -3.9504794E+00  5.1651705E-03 -1.4068118E+02  7.5061916E+01 
      1091 SSD -6.5106198E+03  3.2334255E+00  1.5016222E+01  1.0139147E-01  3.1722447E+02 -1.7488758E+02 
      1092      1.8340633E+03 -2.5287431E+00 -4.0960286E+00  1.3446634E-02 -9.8075154E+01  9.6824497E+01 
      1092 SSD -4.5528709E+03  3.5985852E+00  1.6570067E+01  8.3806247E-02  2.2289510E+02 -2.2780490E+02 
      1093      8.6335199E+02 -2.5838469E+00 -4.2542395E+00  1.1605324E-02 -4.8388916E+01  9.9365969E+01 
      1093 SSD -2.2682181E+03  3.8208010E+00  1.8171154E+01  8.8021807E-02  1.1113796E+02 -2.3472590E+02 
      1094      1.2766813E+03 -2.5785749E+00 -3.9009094E+00  4.1782786E-03 -1.4218458E+02  3.8024912E+01 
      1094 SSD -3.3185996E+03  2.5008993E+00  1.4713253E+01  1.1611226E-01  3.3122371E+02 -9.1998355E+01 
      1095      1.5518827E+03 -2.3868137E+00 -3.7379027E+00  1.1460500E-02 -1.7178068E+02  2.0878924E+01 
      1095 SSD -3.9797797E+03  1.9867333E+00  1.3104190E+01  8.9980724E-02  3.9953753E+02 -5.0291931E+01 
      1096      8.6419715E+02 -2.8734345E+00 -4.0729833E+00 -6.1731736E-03 -9.8205642E+01  4.6684446E+01 
      1096 SSD -2.3257896E+03  3.2644105E+00  1.6384742E+01  1.4782967E-01  2.2930975E+02 -1.1344759E+02 
      1097      3.8571489E+02 -3.3086467E+00 -4.3331208E+00 -4.9539029E-02 -4.5741908E+01  4.8032560E+01 
      1097 SSD -1.1672632E+03  4.3845440E+00  1.8332110E+01  2.5791631E-01  1.0647543E+02 -1.1749085E+02 
      1098      4.7364566E+03 -1.9256042E+00 -3.7708521E+00  1.1344321E-02 -6.0789326E+01  1.2871257E+02 
      1098 SSD -1.1074979E+04  4.1146862E+00  1.4924925E+01  7.7889482E-02  1.3230410E+02 -2.8586291E+02 
      1099      3.9038041E+03 -2.1818721E+00 -3.8975030E+00  8.3849941E-03 -1.1081055E+02  1.0734653E+02 
      1099 SSD -9.2534470E+03  3.7148751E+00  1.5069601E+01  8.7833911E-02  2.4382443E+02 -2.4348220E+02 
      1100      5.7062266E+03 -1.9886372E+00 -3.7805412E+00  8.6521236E-03 -7.2273013E+01  6.9403746E+01 
      1100 SSD -1.3210215E+04  4.1823806E+00  1.3873827E+01  8.3957618E-02  1.5225817E+02 -1.5046367E+02 
      1101      4.7047414E+03 -2.1553744E+00 -3.8535624E+00  7.0240621E-03 -1.3216224E+02  5.7904930E+01 
      1101 SSD -1.1063651E+04  3.5552032E+00  1.3847462E+01  8.9004577E-02  2.8632667E+02 -1.3041592E+02 
      1102      1.6072381E+03 -1.5930873E+00 -3.6806097E+00  3.5582230E-02 -2.4033674E+01  1.7408770E+02 
      1102 SSD -3.9690091E+03  3.3699178E+00  1.6865989E+01  1.1332759E-02  5.5206570E+01 -4.0082646E+02 
      1103      3.2845091E+03 -1.7967285E+00 -3.7551616E+00  1.7473057E-02 -4.4172097E+01  1.6641770E+02 
      1103 SSD -7.8064476E+03  3.8543960E+00  1.5973683E+01  6.2174478E-02  9.8691772E+01 -3.7802773E+02 
      1104      1.3013844E+03 -2.0688194E+00 -3.8964773E+00  2.4945024E-02 -4.1735424E+01  1.4347508E+02 
      1104 SSD -3.2690543E+03  3.5524910E+00  1.7348857E+01  4.1775375E-02  9.5862993E+01 -3.3297379E+02 
      1105      2.6957671E+03 -2.1689240E+00 -3.9507937E+00  1.3980389E-02 -7.8495305E+01  1.3935146E+02 
      1105 SSD -6.4917048E+03  3.7565414E+00  1.6343407E+01  7.4497784E-02  1.7551228E+02 -3.2117668E+02 
      1106      8.1976601E+02 -2.1108068E+00 -4.7265127E+00  9.1000387E-03 -4.8586510E+01 -9.2675391E+01 
      1106 SSD -2.2054784E+03  1.9749154E+00  1.1021667E+01  7.9022832E-02  1.1284786E+02  2.2151380E+02 
      1107      1.7467245E+03 -2.0314848E+00 -4.5736362E+00  1.1183171E-03 -9.7303319E+01 -9.2939845E+01 
      1107 SSD -4.4067139E+03  1.8531608E+00  1.1539324E+01  9.1167319E-02  2.2324741E+02  2.1953630E+02 
      1108      2.5883929E+03 -2.0283077E+00 -4.3139113E+00  9.1640639E-03 -1.3908263E+02 -7.4062258E+01 
      1108 SSD -6.3786129E+03  1.9177670E+00  1.1788003E+01  7.2443955E-02  3.1598293E+02  1.7220976E+02 
      1109      3.1780213E+03 -2.0845397E+00 -4.0430256E+00  9.7343529E-03 -1.6722791E+02 -4.0954143E+01 
      1109 SSD -7.7325583E+03  2.1389396E+00  1.2035899E+01  7.4657722E-02  3.7656672E+02  9.2446190E+01 
      1110      7.8477020E+02 -1.7996139E+00 -4.7377978E+00 -1.2481967E-03 -9.6282113E+01 -4.5623320E+01 
      1110 SSD -2.1612454E+03  3.5978469E-01  1.1828181E+01  8.2059228E-02  2.2791549E+02  1.1129645E+02 
      1111      3.3700272E+02 -1.6431514E+00 -5.1122483E+00 -1.0347471E-02 -4.8172476E+01 -4.2711270E+01 
      1111 SSD -1.0702177E+03 -7.1944654E-02  1.1905536E+01  1.1105574E-01  1.1420497E+02  1.0511087E+02 
      1112      1.2089695E+03 -1.9436862E+00 -4.3742426E+00  2.0257470E-02 -1.3936919E+02 -3.6661758E+01 
      1112 SSD -3.1844356E+03  7.5575318E-01  1.1768573E+01  3.1750648E-02  3.2814443E+02  8.8406844E+01 
      1113      1.5122924E+03 -2.0869675E+00 -3.9933936E+00  2.4349798E-02 -1.6971374E+02 -2.0115347E+01 
      1113 SSD -3.9046560E+03  1.1509128E+00  1.1693192E+01  3.0205008E-02  3.9717606E+02  4.7381973E+01 
      1114      3.2446620E+03 -2.3241933E+00 -4.1584346E+00  4.7621408E-03 -4.2510298E+01 -1.6414786E+02 
      1114 SSD -7.7679642E+03  4.6551031E+00  1.0752192E+01  9.0576936E-02  9.1555963E+01  3.7427157E+02 
      1115      2.6281625E+03 -2.2132831E+00 -4.3783458E+00 -2.6296266E-03 -7.8118083E+01 -1.3519191E+02 
      1115 SSD -6.4074231E+03  3.3258132E+00  1.1177805E+01  1.0583764E-01  1.7475258E+02  3.1273023E+02 
      1116      1.5888430E+03 -2.5650104E+00 -4.2358092E+00  2.5284339E-02 -2.0394069E+01 -1.7083799E+02 
      1116 SSD -3.9579316E+03  5.2154690E+00  9.9503016E+00  4.5594053E-02  4.4820908E+01  3.9600453E+02 
      1117      1.2703820E+03 -2.3567278E+00 -4.4541258E+00  1.0526339E-02 -3.9203842E+01 -1.3860737E+02 
      1117 SSD -3.2423433E+03  3.6302335E+00  1.0416642E+01  8.2438701E-02  8.9274277E+01  3.2530590E+02 
      1118      5.6788852E+03 -2.0625333E+00 -3.9155966E+00  8.0983140E-03 -7.2431435E+01 -7.0047619E+01 
      1118 SSD -1.3205992E+04  4.1564318E+00  1.2138522E+01  8.2895006E-02  1.5013461E+02  1.4939679E+02 
      1119      4.6927822E+03 -2.1554031E+00 -4.0365015E+00  7.4645998E-03 -6.0632148E+01 -1.2789675E+02 
      1119 SSD -1.1040083E+04  4.2986579E+00  1.1438605E+01  8.3724791E-02  1.2830538E+02  2.8506740E+02 
      1120      4.6613520E+03 -2.0930624E+00 -4.0132084E+00  7.9931059E-03 -1.3196218E+02 -5.8450865E+01 
      1120 SSD -1.1026694E+04  3.1893053E+00  1.2177229E+01  8.0874603E-02  2.8741475E+02  1.2802918E+02 
      1121      3.8321723E+03 -2.1203619E+00 -4.1997763E+00  5.3069996E-03 -1.1050997E+02 -1.0619631E+02 
      1121 SSD -9.1694130E+03  3.1661792E+00  1.1677624E+01  8.6013174E-02  2.4382231E+02  2.4101606E+02 

