      NODE            V1             V2             V3             VR1            VR2            VR3
      1001     -5.8679125E+00 -5.5631349E-01 -9.2661155E-01  6.9351553E-01  1.7396083E+00 -1.6055924E+00 
      1001 SSD -2.5436092E+02 -1.7290002E+00  1.2422246E+01 -3.7140815E+00 -8.6063663E+00  7.5099918E+00 
      1002     -5.3637159E+00 -1.0547844E+00 -9.5091714E-01  1.9512557E+00 -3.3412999E-01  5.3548829E+00 
      1002 SSD -2.5692150E+02  1.6490279E+00  1.2442834E+01 -9.3611613E+00  2.8396229E+00 -2.4737884E+01 
      1003     -4.8322254E+00 -5.8515690E-01 -8.4121683E-01  4.6200531E-01 -1.6104058E-01  1.6687031E+01 
      1003 SSD -2.5969776E+02  4.0262152E-01  1.1846138E+01 -1.7378992E+00  1.4191156E+00 -7.9209136E+01 
      1004     -4.7122356E+00 -5.2015268E-01 -8.4061591E-01  1.4726160E-01 -6.3715403E-01  2.7010631E+01 
      1004 SSD -2.6014963E+02  8.8519134E-01  1.1818842E+01  1.0736694E-01  3.6592000E+00 -1.2839476E+02 
      1005     -4.5333784E+00 -3.5575979E-01 -8.2426940E-01 -2.7194378E-01 -6.8360612E-01  3.4227081E+01 
      1005 SSD -2.6100339E+02  9.1802195E-01  1.1749635E+01  2.0859874E+00  3.0553931E+00 -1.6283413E+02 
      1006     -4.4840033E+00 -2.7715725E-01 -8.2535011E-01 -5.8854149E-01 -6.8077758E-01  3.6673396E+01 
      1006 SSD -2.6121336E+02  1.5250785E+00  1.1815638E+01  3.2566062E+00  2.7457316E+00 -1.7528715E+02 
      1007     -4.5217266E+00 -2.6483029E-01 -8.2862462E-01 -7.1981465E-01 -5.1403380E-01  3.3967406E+01 
      1007 SSD -2.6126882E+02  2.6152120E+00  1.1880848E+01  3.3957310E+00  1.9529500E+00 -1.6400729E+02 
      1008     -4.7229360E+00 -3.3124515E-01 -8.3770769E-01 -7.7979911E-01 -1.7841949E-01  2.6572392E+01 
      1008 SSD -2.6057861E+02  4.1099221E+00  1.1939394E+01  3.4541771E+00  2.8626703E-01 -1.2978457E+02 
      1009     -4.8364941E+00 -3.0070075E-01 -7.9156776E-01 -4.4011791E-01 -1.7026576E-01  1.6198474E+01 
      1009 SSD -2.6039748E+02  5.1734462E+00  1.1678046E+01  1.7384141E+00  5.7355117E-01 -7.9938825E+01 
      1010     -5.5032186E+00 -5.2727918E-01 -7.9611495E-01 -5.7627610E-01  1.0039903E+00  5.2715937E+00 
      1010 SSD -2.5702618E+02  7.3961379E+00  1.1668371E+01  2.2853660E+00 -5.0422316E+00 -2.6309988E+01 
      1011     -5.4750407E+00 -4.3896122E-01 -6.7048930E-01  1.0469450E+00 -2.8763470E-01 -1.0865721E+00 
      1011 SSD -2.5750797E+02  7.9802898E+00  1.0927209E+01 -5.2986627E+00  1.4159301E+00  5.6235562E+00 
      1012     -4.9097631E+00 -2.9655857E-01 -1.0454936E+00  6.9395207E-01 -1.8005311E+00  1.4963714E+00 
      1012 SSD -2.6201886E+02  7.1914028E+00  2.3288469E+00 -3.6225844E+00  8.9304930E+00 -6.9678459E+00 
      1013     -4.4417934E+00  2.2276954E-01 -1.0152446E+00  1.6707326E+00  3.3454531E-01 -5.2833693E+00 
      1013 SSD -2.6418577E+02  3.6925042E+00  2.2803956E+00 -7.9620243E+00 -2.8238670E+00  2.4407082E+01 
      1014     -3.9606063E+00 -1.7101901E-01 -1.1018948E+00  5.4848443E-01  1.5279816E-01 -1.6606458E+01 
      1014 SSD -2.6650042E+02  4.5616373E+00  2.7593381E+00 -2.1858079E+00 -1.3513854E+00  7.8879583E+01 
      1015     -3.8891119E+00 -3.0346049E-01 -1.1005616E+00  1.1947003E-01  6.3267099E-01 -2.6919435E+01 
      1015 SSD -2.6650864E+02  4.4257356E+00  2.7760326E+00  2.7210942E-01 -3.6116972E+00  1.2801552E+02 
      1016     -3.7521210E+00 -4.4307928E-01 -1.1072761E+00 -2.6438561E-01  6.8179232E-01 -3.4103285E+01 
      1016 SSD -2.6694877E+02  4.2606496E+00  2.7906726E+00  2.0156479E+00 -3.0302899E+00  1.6231603E+02 
      1017     -3.7465172E+00 -5.3237391E-01 -1.1022734E+00 -5.3795874E-01  6.8761521E-01 -3.6551823E+01 
      1017 SSD -2.6673029E+02  3.7302121E+00  2.7041454E+00  2.9736315E+00 -2.7482199E+00  1.7480853E+02 
      1018     -3.8312265E+00 -5.7461626E-01 -1.1023315E+00 -6.7586290E-01  5.0554384E-01 -3.3867943E+01 
      1018 SSD -2.6635749E+02  2.7770671E+00  2.6556688E+00  3.2160900E+00 -1.8827556E+00  1.6358309E+02 
      1019     -4.0796362E+00 -5.0456107E-01 -1.0971392E+00 -8.2554442E-01  1.4693232E-01 -2.6434856E+01 
      1019 SSD -2.6523994E+02  1.2428472E+00  2.6143233E+00  3.6473245E+00 -1.1531937E-01  1.2914288E+02 
      1020     -4.2188685E+00 -4.8540342E-01 -1.1385628E+00 -4.8120077E-01  1.8126299E-01 -1.6039407E+01 
      1020 SSD -2.6472501E+02 -5.3107447E-02  2.8565552E+00  1.8972353E+00 -6.0345185E-01  7.9204613E+01 
      1021     -4.9395771E+00 -3.2639377E-01 -1.1336158E+00 -4.4503833E-01 -1.0072009E+00 -5.2623467E+00 
      1021 SSD -2.6087878E+02 -1.9397018E+00  2.8720596E+00  1.6800261E+00  5.0742931E+00  2.6267739E+01 
      1022     -4.9496149E+00 -3.4632854E-01 -1.2403978E+00  8.3004336E-01  1.6274917E-01  1.2069851E+00 
      1022 SSD -2.6096061E+02 -2.8911064E+00  3.5155524E+00 -4.2200186E+00 -7.7894210E-01 -6.2601665E+00 
      1023     -4.6102911E+00 -4.3920303E-01 -1.4583711E+00  1.2048746E+00 -4.4221598E+00 -3.2485663E-01 
      1023 SSD -2.6242990E+02 -2.3948522E+00  5.5648695E+00 -5.9271193E+00  2.1890246E+01  1.5001544E+00 
      1024     -4.3803375E+00 -4.9220300E-01 -1.2191364E+00  6.2246942E-01 -1.4569675E+01 -3.6360020E-02 
      1024 SSD -2.6328283E+02 -2.1145189E+00  5.2985056E+00 -2.4188963E+00  7.1950683E+01  5.7221614E-01 
      1025     -4.2507809E+00 -5.2194501E-01 -1.1108239E+00  2.3115171E-01 -2.4876668E+01  1.5982564E-01 
      1025 SSD -2.6353658E+02 -1.9620676E+00  5.6185563E+00 -2.1326098E-01  1.2224538E+02 -8.8566965E-02 
      1026     -4.1769473E+00 -5.2654239E-01 -9.7439210E-01 -1.7325986E-01 -3.2412626E+01  4.3136624E-01 
      1026 SSD -2.6346289E+02 -1.9695845E+00  5.7731314E+00  1.7761177E+00  1.5843907E+02 -1.3616182E+00 
      1027     -4.2277411E+00 -5.2061303E-01 -9.0572224E-01 -4.5323032E-01 -3.5575547E+01  5.9552075E-01 
      1027 SSD -2.6288149E+02 -2.0553630E+00  6.3426997E+00  2.8425630E+00  1.7321246E+02 -2.2159411E+00 
      1028     -4.3406195E+00 -5.1788429E-01 -8.7893619E-01 -5.8469320E-01 -3.3847263E+01  5.5192949E-01 
      1028 SSD -2.6219565E+02 -2.1087321E+00  7.3095103E+00  2.9449225E+00  1.6505698E+02 -2.3999144E+00 
      1029     -4.5825678E+00 -5.1968205E-01 -9.3084414E-01 -7.1624974E-01 -2.7417582E+01  5.3627195E-01 
      1029 SSD -2.6092821E+02 -2.1105537E+00  8.7972292E+00  3.1297014E+00  1.3466895E+02 -3.0892906E+00 
      1030     -4.8144327E+00 -5.4214463E-01 -9.7455158E-01 -4.3870820E-01 -1.7867945E+01  7.1886521E-02 
      1030 SSD -2.5984174E+02 -1.9608700E+00  1.0285772E+01  1.5900601E+00  8.8568038E+01 -1.1056855E+00 
      1031     -5.4430281E+00 -5.5466350E-01 -1.1460293E+00 -7.4862861E-01 -6.4715493E+00  4.1006393E-01 
      1031 SSD -2.5644754E+02 -1.8766188E+00  1.2255592E+01  2.9943104E+00  3.2420594E+01 -3.2979287E+00 
      1032     -4.9984834E+00 -3.6642984E-01 -5.0372195E-01  1.1800064E+00  4.4293641E+00  3.5049784E-01 
      1032 SSD -2.6002683E+02  7.6020859E+00  9.1505798E+00 -5.7962731E+00 -2.1848833E+01 -1.6549849E+00 
      1033     -4.6014598E+00 -3.1732656E-01 -7.1544678E-01  6.4133525E-01  1.4633241E+01  4.2106873E-02 
      1033 SSD -2.6208847E+02  7.3392184E+00  9.2545782E+00 -2.5156605E+00 -7.2090633E+01 -6.3253968E-01 
      1034     -4.3192811E+00 -2.9012896E-01 -8.1904556E-01  2.3290748E-01  2.4978616E+01 -1.4831723E-01 
      1034 SSD -2.6347648E+02  7.1975668E+00  8.9045865E+00 -2.3151833E-01 -1.2245793E+02  1.0674279E-02 
      1035     -4.0936875E+00 -2.8527450E-01 -9.4670693E-01 -1.7468032E-01  3.2480163E+01 -4.3350632E-01 
      1035 SSD -2.6453844E+02  7.1999030E+00  8.7000977E+00  1.7695689E+00 -1.5838483E+02  1.3314527E+00 
      1036     -3.9929546E+00 -2.9048118E-01 -1.0107637E+00 -4.5734400E-01  3.5562484E+01 -5.7112937E-01 
      1036 SSD -2.6507079E+02  7.2835908E+00  8.1161835E+00  2.8538065E+00 -1.7266806E+02  2.0845809E+00 
      1037     -3.9529622E+00 -2.9362142E-01 -1.0335532E+00 -5.8698102E-01  3.3745062E+01 -5.4477071E-01 
      1037 SSD -2.6555840E+02  7.3358669E+00  7.1275627E+00  2.9356045E+00 -1.6409528E+02  2.2612518E+00 
      1038     -4.0688512E+00 -2.9520161E-01 -9.8332417E-01 -7.2392917E-01  2.7214522E+01 -5.7215798E-01 
      1038 SSD -2.6528355E+02  7.3638853E+00  5.6691617E+00  3.1619002E+00 -1.3323040E+02  3.2879223E+00 
      1039     -4.1638503E+00 -2.7639936E-01 -9.4474115E-01 -4.3235209E-01  1.7669086E+01 -3.6164777E-02 
      1039 SSD -2.6521081E+02  7.2391574E+00  4.2068038E+00  1.5717878E+00 -8.7227293E+01  9.0710905E-01 
      1040     -4.5813169E+00 -2.5583806E-01 -7.3804344E-01 -7.4623462E-01  6.3939213E+00 -3.2426795E-01 
      1040 SSD -2.6326248E+02  7.1172415E+00  2.0782217E+00  2.9523082E+00 -3.1908607E+01  2.7772190E+00 
      1041      3.8651458E+02 -3.2421201E-01 -8.5192364E-01  9.2132311E-03 -4.3904277E-01  4.2759825E+01 
      1041 SSD -2.0420315E+03  1.9038232E+00  1.0871718E+01  5.5173991E-02  3.6721482E+00 -1.8609951E+02 
      1042      8.0147500E+02 -3.6855538E-01 -8.8181369E-01  3.8206855E-03 -1.7056465E-01  4.1352697E+01 
      1042 SSD -3.7936931E+03  2.2480444E+00  9.9796239E+00  8.4932906E-02  3.6923458E+00 -1.6843666E+02 
      1043      1.1646700E+03 -3.9499944E-01 -9.0887110E-01  3.4993434E-03 -1.0002105E-02  3.2225482E+01 
      1043 SSD -5.2290029E+03  2.4700172E+00  9.0709790E+00  8.6765195E-02  3.9084357E+00 -1.2151308E+02 
      1044      1.4104078E+03 -4.0503538E-01 -9.3485650E-01  3.2531111E-03  2.0827167E-02  1.7537156E+01 
      1044 SSD -6.1184470E+03  2.5799656E+00  8.1586671E+00  8.8096491E-02  4.2343313E+00 -5.7852547E+01 
      1045      1.4965759E+03 -4.0552853E-01 -9.6112112E-01  3.1965770E-03 -5.1677953E-02 -8.6384643E-02 
      1045 SSD -6.4010038E+03  2.6244590E+00  7.2504361E+00  8.8376028E-02  1.7680227E-01  3.9433078E-01 
      1046      1.4088466E+03 -4.0636420E-01 -9.8784933E-01  3.2924719E-03 -1.2485305E-01 -1.7676685E+01 
      1046 SSD -6.1114951E+03  2.6707337E+00  6.3450139E+00  8.7852879E-02 -3.8585641E+00  5.8460262E+01 
      1047      1.1621945E+03 -4.1738647E-01 -1.0153394E+00  3.6019486E-03 -8.9161819E-02 -3.2262967E+01 
      1047 SSD -5.2182832E+03  2.7859409E+00  5.4416509E+00  8.6228881E-02 -3.5143853E+00  1.2163076E+02 
      1048      7.9927737E+02 -4.4528689E-01 -1.0455134E+00  4.0736328E-03  1.0175634E-01 -4.1255643E+01 
      1048 SSD -3.7849608E+03  3.0163695E+00  4.5501295E+00  8.3684671E-02 -3.3966695E+00  1.6790214E+02 
      1049      3.8569847E+02 -4.9113498E-01 -1.0824686E+00  9.4279711E-03  4.2023663E-01 -4.2582830E+01 
      1049 SSD -2.0404386E+03  3.3701403E+00  3.6938455E+00  5.3520254E-02 -3.5841415E+00  1.8521334E+02 
      1050      1.4093266E+03 -3.6730009E-01 -9.4752732E-01  3.1242447E-03  1.7723235E+01 -8.4196471E-03 
      1050 SSD -6.1161006E+03  3.4784183E+00  7.2584622E+00  8.8607152E-02 -5.8139751E+01  4.4128253E+00 
      1051      1.1615444E+03 -3.3254178E-01 -9.4355340E-01  3.0120366E-03  3.2464606E+01  1.1278161E-02 
      1051 SSD -5.2247300E+03  4.3481940E+00  7.3307618E+00  8.8893762E-02 -1.2173711E+02  3.7178992E+00 
      1052      7.9659503E+02 -3.0387789E-01 -9.5534158E-01  3.0194897E-03  4.1480077E+01 -1.8632585E-02 
      1052 SSD -3.7891119E+03  5.2479447E+00  7.5091613E+00  8.8308898E-02 -1.6839542E+02  2.6295653E+00 
      1053      3.8165324E+02 -2.8005906E-01 -9.8326719E-01  7.2892217E-03  4.2607221E+01 -1.5511607E-01 
      1053 SSD -2.0377720E+03  6.1713603E+00  7.7965144E+00  6.4776387E-02 -1.8597814E+02  1.7446491E+00 
      1054      1.0888902E+03 -3.4944185E-01 -9.0488598E-01  3.2042560E-03  3.0669419E+01  1.3824421E+01 
      1054 SSD -4.9835379E+03  4.4183938E+00  8.1515567E+00  8.7191343E-02 -1.1773851E+02 -5.0070784E+01 
      1055      8.9225522E+02 -3.5610764E-01 -8.5103625E-01  2.8436728E-03  2.5585234E+01  2.5230882E+01 
      1055 SSD -4.2232369E+03  4.4222578E+00  8.8712910E+00  8.9780233E-02 -1.0207955E+02 -1.0109282E+02 
      1056      6.0655074E+02 -3.4862071E-01 -7.9691412E-01  1.7937736E-03  1.7976659E+01  3.2065819E+01 
      1056 SSD -3.0377019E+03  4.3360765E+00  9.5946465E+00  9.6947077E-02 -7.5096184E+01 -1.3651337E+02 
      1057      2.8667734E+02 -3.2914100E-01 -7.6011959E-01  6.2017913E-03  8.9025178E+00  3.2463660E+01 
      1057 SSD -1.6310167E+03  4.1773970E+00  1.0447071E+01  8.4330562E-02 -3.9569954E+01 -1.4681808E+02 
      1058      1.0913923E+03 -3.6533016E-01 -8.7710506E-01  2.9230131E-03  1.3995711E+01  3.0342900E+01 
      1058 SSD -4.9886167E+03  3.3845469E+00  8.9516710E+00  9.0128199E-02 -5.0269906E+01 -1.1693584E+02 
      1059      1.3251480E+03 -3.7155667E-01 -9.1595337E-01  3.1245714E-03  1.6791392E+01  1.6588672E+01 
      1059 SSD -5.8535908E+03  3.4658704E+00  8.1289348E+00  8.8527860E-02 -5.6820929E+01 -5.6413224E+01 
      1060      7.4850918E+02 -3.4300584E-01 -8.3760349E-01  2.1734216E-03  9.7662169E+00  3.8815612E+01 
      1060 SSD -3.6101114E+03  3.1982393E+00  9.7735827E+00  9.5641372E-02 -3.7091411E+01 -1.6054984E+02 
      1061      3.5936567E+02 -3.0481095E-01 -8.0715585E-01  7.1213536E-03  4.6612386E+00  3.9912604E+01 
      1061 SSD -1.9419511E+03  2.9129453E+00  1.0662505E+01  7.6360448E-02 -1.8930167E+01 -1.7638490E+02 
      1062      2.8085878E+02 -3.5450692E-01 -8.2918705E-01  6.8622157E-03  3.2684270E+01  8.7664474E+00 
      1062 SSD -1.6088225E+03  6.5301001E+00  8.8937671E+00  5.1420123E-02 -1.4824237E+02 -3.9630663E+01 
      1063      6.0327953E+02 -3.5607937E-01 -8.3477499E-01  3.7725071E-03  3.2395820E+01  1.7646196E+01 
      1063 SSD -3.0277149E+03  5.5032713E+00  8.8528282E+00  8.1696783E-02 -1.3768874E+02 -7.4242954E+01 
      1064      3.5307133E+02 -3.1622357E-01 -9.2597578E-01  8.0419348E-03  3.9897780E+01  4.7492474E+00 
      1064 SSD -1.9244704E+03  6.3483758E+00  8.4732323E+00  5.0897903E-02 -1.7684494E+02 -2.0173420E+01 
      1065      7.4328622E+02 -3.3419290E-01 -9.0762653E-01  3.8168509E-03  3.9051811E+01  9.6696815E+00 
      1065 SSD -3.5982855E+03  5.4031533E+00  8.2643118E+00  8.1829749E-02 -1.6122342E+02 -3.7388849E+01 
      1066      7.2969615E+01 -4.4846389E-01 -6.2919567E-01 -2.5057468E-03  1.1036448E+01  1.0182362E+01 
      1066 SSD -6.4135095E+02  6.9962877E+00  9.8030475E+00  1.1938011E-01 -5.3507339E+01 -4.9199293E+01 
      1067      1.7950875E+02 -3.9632130E-01 -7.3192118E-01  1.6900140E-03  2.2400242E+01  1.0908479E+01 
      1067 SSD -1.1458063E+03  6.7335932E+00  9.3272242E+00  8.3604463E-02 -1.0462098E+02 -5.1054285E+01 
      1068      1.8376806E+02 -3.5372261E-01 -7.0761636E-01  5.5545802E-03  1.1074172E+01  2.1797415E+01 
      1068 SSD -1.1654649E+03  5.4521138E+00  1.0193291E+01  8.5260502E-02 -5.1430567E+01 -1.0150566E+02 
      1069      4.0289798E+02 -3.6430978E-01 -7.6113670E-01  2.6584193E-03  2.2518742E+01  2.2135662E+01 
      1069 SSD -2.1613117E+03  5.5242771E+00  9.4450906E+00  8.9042408E-02 -9.9325582E+01 -9.7901693E+01 
      1070      2.9348119E+02 -3.0424891E-01 -9.7740348E-01  6.3032939E-03  9.4806280E+00 -3.3307607E+01 
      1070 SSD -1.6147430E+03  4.3491345E+00  3.1873783E+00  6.0712647E-02 -4.2935472E+01  1.4646577E+02 
      1071      6.1973570E+02 -2.8759490E-01 -9.5943420E-01  4.1807396E-03  1.8018060E+01 -3.2831821E+01 
      1071 SSD -3.0150476E+03  4.2045086E+00  4.1619270E+00  8.2222580E-02 -7.5401499E+01  1.3827175E+02 
      1072      9.0571182E+02 -2.9440416E-01 -9.6223105E-01  2.9193938E-03  2.5626619E+01 -2.5544633E+01 
      1072 SSD -4.1896157E+03  4.1950629E+00  5.2758338E+00  9.0447955E-02 -1.0172916E+02  1.0240489E+02 
      1073      1.0970580E+03 -3.1157159E-01 -9.6241791E-01  2.6984879E-03  3.0698353E+01 -1.3906000E+01 
      1073 SSD -4.9484510E+03  4.2562093E+00  6.3680482E+00  9.1481578E-02 -1.1636709E+02  5.4600439E+01 
      1074      7.5446974E+02 -3.7953935E-01 -1.0004830E+00  4.8417630E-03  1.0062493E+01 -3.9148367E+01 
      1074 SSD -3.5783639E+03  3.6996043E+00  4.3403516E+00  7.8470141E-02 -4.2252826E+01  1.6019798E+02 
      1075      3.6277346E+02 -4.1481411E-01 -1.0332312E+00  8.5800483E-03  5.4085434E+00 -4.0348617E+01 
      1075 SSD -1.9260690E+03  3.9848653E+00  3.4601558E+00  4.9858922E-02 -2.4657277E+01  1.7523913E+02 
      1076      1.0977153E+03 -3.6266028E-01 -9.8384195E-01  3.6393855E-03  1.3957178E+01 -3.0600849E+01 
      1076 SSD -4.9435984E+03  3.5381349E+00  5.3262235E+00  8.5916411E-02 -5.4312678E+01  1.1694358E+02 
      1077      1.3292158E+03 -3.6113217E-01 -9.6960972E-01  3.1754072E-03  1.6704841E+01 -1.6670826E+01 
      1077 SSD -5.8073041E+03  3.4810270E+00  6.3205321E+00  8.8546473E-02 -5.9268941E+01  5.9656795E+01 
      1078      1.9724939E+02 -1.1949199E-01 -9.3955213E-01 -1.0982657E-03  2.2743830E+01 -1.1075834E+01 
      1078 SSD -1.1987615E+03  5.3821758E+00  4.1519671E+00  1.2331229E-01 -1.0195653E+02  5.1098685E+01 
      1079      4.2141130E+02 -1.9349472E-01 -9.3169412E-01  2.3477989E-03  2.2622768E+01 -2.2854738E+01 
      1079 SSD -2.1771788E+03  4.6994670E+00  4.0682013E+00  9.5301513E-02 -9.7413788E+01  9.9969469E+01 
      1080      8.4621657E+01 -2.3184505E-02 -8.6463913E-01 -1.1544266E-02  1.0426356E+01 -1.1216701E+01 
      1080 SSD -6.7846946E+02  4.8898171E+00  2.6498628E+00  1.7184052E-01 -4.7861386E+01  5.3277108E+01 
      1081      1.9371846E+02 -1.6997693E-01 -8.9938055E-01 -2.6176272E-03  1.1010161E+01 -2.3131603E+01 
      1081 SSD -1.1700111E+03  4.5832208E+00  2.8169965E+00  1.1294926E-01 -4.9758064E+01  1.0454776E+02 
      1082      2.9542222E+02 -1.9452151E-01 -9.7511417E-01  2.0677213E-03  3.3236457E+01 -9.0783840E+00 
      1082 SSD -1.6427179E+03  5.7485325E+00  5.5130286E+00  1.0856825E-01 -1.4616897E+02  4.1429222E+01 
      1083      6.2026267E+02 -2.3140621E-01 -9.5765555E-01  1.4250917E-03  3.2648937E+01 -1.7922096E+01 
      1083 SSD -3.0295171E+03  4.8807777E+00  5.3331162E+00  1.0089299E-01 -1.3610766E+02  7.5965230E+01 
      1084      3.6143215E+02 -2.4030503E-01 -1.0028691E+00  5.2662427E-03  4.0295500E+01 -5.0303000E+00 
      1084 SSD -1.9396405E+03  5.9755530E+00  6.8143361E+00  8.5825061E-02 -1.7546750E+02  2.2707028E+01 
      1085      7.5327212E+02 -2.6819840E-01 -9.7303325E-01  1.8838751E-03  3.9188013E+01 -9.8519697E+00 
      1085 SSD -3.5904973E+03  5.0636038E+00  6.5308258E+00  9.7103294E-02 -1.5952379E+02  4.1483397E+01 
      1086      3.8109925E+02 -5.2735020E-01 -9.3599462E-01  6.1315330E-03 -4.2533405E+01  7.5198937E-02 
      1086 SSD -2.0372603E+03 -9.4707902E-01  6.6795907E+00  7.4273539E-02  1.8579675E+02 -1.3472626E+00 
      1087      7.9532567E+02 -5.0427248E-01 -9.6611861E-01  2.7836195E-03 -4.1405001E+01 -1.1920741E-01 
      1087 SSD -3.7859899E+03 -1.8049378E-02  6.9823374E+00  9.0651514E-02  1.6801809E+02 -1.9592152E+00 
      1088      1.1600576E+03 -4.7718749E-01 -9.7866119E-01  3.0327041E-03 -3.2485795E+01 -1.7930768E-01 
      1088 SSD -5.2200080E+03  8.9164768E-01  7.1676255E+00  8.8938233E-02  1.2174192E+02 -2.9293950E+00 
      1089      1.4083871E+03 -4.4339678E-01 -9.7479315E-01  3.0739274E-03 -1.7806104E+01 -1.6253826E-01 
      1089 SSD -6.1129188E+03  1.7679090E+00  7.2422533E+00  8.9088368E-02  5.8408002E+01 -3.6267519E+00 
      1090      7.5317822E+02 -5.3980853E-01 -9.4706889E-01  1.6752293E-03 -3.9161113E+01  9.7496441E+00 
      1090 SSD -3.5924476E+03  1.6752064E-01  7.9569334E+00  9.9133688E-02  1.5935451E+02 -4.1118488E+01 
      1091      6.2102583E+02 -5.7526911E-01 -9.6195890E-01  1.8552199E-03 -3.2667025E+01  1.7846349E+01 
      1091 SSD -3.0343475E+03  3.4366893E-01  9.1580597E+00  9.9207495E-02  1.3616431E+02 -7.5729630E+01 
      1092      4.2233191E+02 -6.1018013E-01 -9.8872243E-01  3.3637248E-03 -2.2625979E+01  2.2901179E+01 
      1092 SSD -2.1812012E+03  5.0892249E-01  1.0430011E+01  8.9889067E-02  9.7387142E+01 -1.0038073E+02 
      1093      1.9382445E+02 -6.3113851E-01 -1.0235373E+00  2.2150917E-03 -1.1028903E+01  2.3246860E+01 
      1093 SSD -1.1684013E+03  6.0988193E-01  1.1698038E+01  8.9134861E-02  4.9828941E+01 -1.0525846E+02 
      1094      2.9597141E+02 -6.1726381E-01 -9.4289690E-01  1.6045325E-03 -3.3255982E+01  9.0603859E+00 
      1094 SSD -1.6462653E+03 -5.0044262E-01  8.9714617E+00  1.1132941E-01  1.4635946E+02 -4.1453420E+01 
      1095      3.6154504E+02 -5.6878065E-01 -9.1440483E-01  3.6588454E-03 -4.0286300E+01  4.9783743E+00 
      1095 SSD -1.9419431E+03 -7.4041796E-01  7.6559964E+00  9.6997416E-02  1.7561060E+02 -2.2543837E+01 
      1096      1.9777866E+02 -6.8977473E-01 -9.7624460E-01 -1.5428022E-03 -2.2822840E+01  1.1108391E+01 
      1096 SSD -1.2009475E+03 -1.4751698E-01  1.0324895E+01  1.2448757E-01  1.0237541E+02 -5.1426780E+01 
      1097      8.4429696E+01 -7.9405492E-01 -1.0392505E+00 -1.2547247E-02 -1.0485253E+01  1.1336174E+01 
      1097 SSD -6.7550664E+02  3.7943039E-01  1.1774018E+01  1.7424087E-01  4.8151737E+01 -5.4027317E+01 
      1098      1.0993073E+03 -4.4731882E-01 -9.3912273E-01  3.6241137E-03 -1.4038736E+01  3.0546791E+01 
      1098 SSD -4.9509509E+03  1.7056412E+00  9.1807194E+00  8.6035854E-02  5.4611741E+01 -1.1678634E+02 
      1099      9.0672222E+02 -5.1489476E-01 -9.5871006E-01  2.8059005E-03 -2.5661307E+01  2.5479959E+01 
      1099 SSD -4.1950458E+03  1.0443188E+00  9.2213380E+00  9.1233385E-02  1.0181449E+02 -1.0222473E+02 
      1100      1.3298256E+03 -4.4900328E-01 -9.5243579E-01  3.0999665E-03 -1.6792553E+01  1.6531415E+01 
      1100 SSD -5.8109057E+03  1.7631989E+00  8.1798009E+00  8.9138608E-02  5.9568017E+01 -5.9078075E+01 
      1101      1.0970510E+03 -4.9770122E-01 -9.5867869E-01  2.6795223E-03 -3.0735521E+01  1.3771462E+01 
      1101 SSD -4.9501612E+03  9.8271238E-01  8.1265936E+00  9.1773834E-02  1.1645336E+02 -5.4061750E+01 
      1102      3.6329614E+02 -3.9544388E-01 -8.9882662E-01  8.6978165E-03 -5.4450448E+00  4.0483609E+01 
      1102 SSD -1.9263027E+03  1.2613312E+00  1.1097933E+01  4.8827631E-02  2.4828297E+01 -1.7594963E+02 
      1103      7.5601831E+02 -4.3031674E-01 -9.2519396E-01  4.9257277E-03 -1.0121363E+01  3.9212644E+01 
      1103 SSD -3.5844104E+03  1.5437818E+00  1.0182073E+01  7.7765476E-02  4.2484014E+01 -1.6062234E+02 
      1104      2.9374195E+02 -5.0973998E-01 -9.4490135E-01  5.8399937E-03 -9.4924580E+00  3.3431961E+01 
      1104 SSD -1.6137710E+03  9.1304038E-01  1.1320926E+01  6.3246786E-02  4.2991003E+01 -1.4716836E+02 
      1105      6.2084187E+02 -5.2287148E-01 -9.6272321E-01  3.8814736E-03 -1.8046221E+01  3.2873280E+01 
      1105 SSD -3.0194787E+03  1.0406130E+00  1.0343684E+01  8.3959917E-02  7.5484208E+01 -1.3863210E+02 
      1106      1.8293520E+02 -4.5424002E-01 -1.2289948E+00  4.6292778E-03 -1.1040558E+01 -2.1644946E+01 
      1106 SSD -1.1630683E+03 -2.3229669E-01  4.3799919E+00  9.1828379E-02  5.1283725E+01  1.0079514E+02 
      1107      4.0056467E+02 -4.4488646E-01 -1.1710650E+00  2.3009664E-03 -2.2396205E+01 -2.1985485E+01 
      1107 SSD -2.1519573E+03 -2.9753065E-01  5.1029808E+00  9.2018563E-02  9.8744519E+01  9.7208998E+01 
      1108      6.0008818E+02 -4.5280709E-01 -1.0935717E+00  3.8115312E-03 -3.2251336E+01 -1.7635634E+01 
      1108 SSD -3.0145845E+03 -2.7562968E-01  5.6730238E+00  8.1961251E-02  1.3699256E+02  7.4240332E+01 
      1109      7.4068131E+02 -4.7418160E-01 -1.0166210E+00  3.6628076E-03 -3.8941903E+01 -9.8089563E+00 
      1109 SSD -3.5884498E+03 -1.7484390E-01  6.2395334E+00  8.3312022E-02  1.6070221E+02  3.8116237E+01 
      1110      1.7859375E+02 -4.1564192E-01 -1.2012846E+00  1.8836290E-03 -2.2229968E+01 -1.0839433E+01 
      1110 SSD -1.1428354E+03 -1.4998778E+00  5.2222935E+00  8.1505274E-02  1.0387351E+02  5.0750748E+01 
      1111      7.2880935E+01 -3.7520004E-01 -1.3124564E+00  6.7330563E-04 -1.0934748E+01 -1.0083927E+01 
      1111 SSD -6.4216677E+02 -1.7059570E+00  4.7963909E+00  1.0236843E-01  5.3069243E+01  4.8749817E+01 
      1112      2.7941316E+02 -4.5296457E-01 -1.0992674E+00  6.3926239E-03 -3.2465278E+01 -8.7480196E+00 
      1112 SSD -1.6035621E+03 -1.3147390E+00  5.6269579E+00  5.6531995E-02  1.4728493E+02  3.9581002E+01 
      1113      3.5181217E+02 -4.9041689E-01 -9.9685093E-01  7.0594669E-03 -3.9723191E+01 -4.8186212E+00 
      1113 SSD -1.9203684E+03 -1.1315860E+00  6.0173279E+00  5.8305355E-02  1.7613715E+02  2.0533232E+01 
      1114      7.4572124E+02 -4.7511814E-01 -1.0911172E+00  2.6130346E-03 -9.8185402E+00 -3.8669608E+01 
      1114 SSD -3.5987360E+03  2.0828251E+00  4.7621840E+00  9.3075115E-02  3.7342943E+01  1.5982138E+02 
      1115      6.0356803E+02 -4.6684824E-01 -1.1338344E+00  1.2566207E-03 -1.7970429E+01 -3.1887159E+01 
      1115 SSD -3.0253294E+03  9.2581903E-01  4.9492327E+00  1.0062653E-01  7.5074951E+01  1.3566290E+02 
      1116      3.5841046E+02 -5.1841855E-01 -1.1250614E+00  7.3785887E-03 -4.6655503E+00 -3.9689652E+01 
      1116 SSD -1.9395046E+03  2.3932262E+00  3.8904699E+00  7.4203443E-02  1.8991420E+01  1.7531691E+02 
      1117      2.8565713E+02 -4.8953140E-01 -1.1708587E+00  4.5715136E-03 -8.9143201E+00 -3.2244696E+01 
      1117 SSD -1.6279308E+03  1.0986871E+00  4.1007940E+00  9.4674290E-02  3.9659944E+01  1.4578552E+02 
      1118      1.3226338E+03 -4.4039493E-01 -1.0076101E+00  3.1553362E-03 -1.6880177E+01 -1.6734270E+01 
      1118 SSD -5.8431575E+03  1.7858300E+00  6.3780982E+00  8.8478109E-02  5.7150551E+01  5.7091394E+01 
      1119      1.0880160E+03 -4.4895871E-01 -1.0486307E+00  3.1129459E-03 -1.4083531E+01 -3.0363609E+01 
      1119 SSD -4.9742225E+03  1.8779320E+00  5.5675705E+00  8.9078453E-02  5.0643961E+01  1.1702205E+02 
      1120      1.0858474E+03 -4.6127306E-01 -1.0194526E+00  3.2511584E-03 -3.0684547E+01 -1.3975914E+01 
      1120 SSD -4.9713446E+03  8.2444305E-01  6.3568984E+00  8.7077020E-02  1.1774881E+02  5.0820777E+01 
      1121      8.8841757E+02 -4.5645991E-01 -1.0764444E+00  2.8381836E-03 -2.5595867E+01 -2.5235976E+01 
      1121 SSD -4.2069492E+03  8.2750221E-01  5.6541880E+00  8.9865200E-02  1.0211314E+02  1.0115328E+02 

