      NODE            V1             V2             V3             VR1            VR2            VR3
      1001     -7.2107737E+00 -3.5731645E-01 -2.5785014E-01  3.1085676E-01  7.7734528E-01 -7.2104393E-01 
      1001 SSD -2.7071375E+02 -2.8999732E+00  1.0656048E+01 -2.3152434E+00 -5.0953443E+00  4.3036225E+00 
      1002     -6.9872669E+00 -5.6026717E-01 -2.6969399E-01  8.7375807E-01 -1.3094882E-01  2.3798307E+00 
      1002 SSD -2.7227922E+02 -5.3470381E-01  1.0621748E+01 -5.4782957E+00  2.1754202E+00 -1.4106730E+01 
      1003     -6.7539580E+00 -3.2932009E-01 -2.2135924E-01  2.1679863E-01 -6.0656394E-02  7.4004151E+00 
      1003 SSD -2.7397129E+02 -8.2064261E-01  1.0248725E+01 -7.9037710E-01  1.1230838E+00 -4.6014812E+01 
      1004     -6.6991637E+00 -2.8100925E-01 -2.2120030E-01  8.0357420E-02 -2.7400036E-01  1.1969799E+01 
      1004 SSD -2.7419630E+02 -2.0029810E-01  1.0221117E+01  4.1787866E-01  2.4003486E+00 -7.4652392E+01 
      1005     -6.6206283E+00 -1.8802583E-01 -2.1385530E-01 -1.0640614E-01 -3.0349552E-01  1.5154678E+01 
      1005 SSD -2.7469286E+02  1.7515635E-01  1.0185041E+01  1.5639740E+00  1.7024350E+00 -9.4729539E+01 
      1006     -6.5997070E+00 -1.3015941E-01 -2.1359585E-01 -2.5148004E-01 -3.0780593E-01  1.6218872E+01 
      1006 SSD -2.7480939E+02  9.5448415E-01  1.0248852E+01  2.0946086E+00  1.3839329E+00 -1.0232056E+02 
      1007     -6.6209457E+00 -9.9248725E-02 -2.1448294E-01 -3.1697256E-01 -2.3652528E-01  1.4998839E+01 
      1007 SSD -2.7494303E+02  2.0842288E+00  1.0307544E+01  1.9661443E+00  9.1617401E-01 -9.6433541E+01 
      1008     -6.7147864E+00 -1.0200360E-01 -2.1825617E-01 -3.4872752E-01 -9.1195558E-02  1.1715357E+01 
      1008 SSD -2.7466439E+02  3.4640992E+00  1.0347335E+01  1.8949075E+00 -8.9043570E-02 -7.6944294E+01 
      1009     -6.7741563E+00 -6.1493592E-02 -1.9868278E-01 -2.0217461E-01 -8.2342671E-02  7.1343685E+00 
      1009 SSD -2.7470891E+02  4.6168133E+00  1.0180571E+01  8.5679106E-01  2.1409585E-01 -4.7744266E+01 
      1010     -7.0641272E+00 -1.3376800E-01 -2.0035831E-01 -2.6396386E-01  4.2922230E-01  2.3256198E+00 
      1010 SSD -2.7269589E+02  6.3978824E+00  1.0160761E+01  1.1203435E+00 -3.0902370E+00 -1.5828831E+01 
      1011     -7.0675462E+00 -6.7704747E-02 -1.4785918E-01  4.5127152E-01 -1.2839515E-01 -4.6542306E-01 
      1011 SSD -2.7309723E+02  7.1898599E+00  9.6794096E+00 -3.2308498E+00  8.6075805E-01  3.4748270E+00 
      1012     -6.8455053E+00 -8.5860683E-03 -5.5310049E-01  3.1161122E-01 -8.0400369E-01  6.7200456E-01 
      1012 SSD -2.7652013E+02  6.6656423E+00  1.6705208E-01 -2.2240824E+00  5.2970041E+00 -3.9841439E+00 
      1013     -6.6331663E+00  2.0324627E-01 -5.3858927E-01  7.4939302E-01  1.3155604E-01 -2.3476709E+00 
      1013 SSD -2.7775821E+02  4.2226046E+00  1.8572004E-01 -4.6433734E+00 -2.1583699E+00  1.3920660E+01 
      1014     -6.4171739E+00  5.7279413E-03 -5.7680398E-01  2.5465895E-01  5.7531443E-02 -7.3626849E+00 
      1014 SSD -2.7908353E+02  4.2919440E+00  4.8904840E-01 -1.0653780E+00 -1.0718217E+00  4.5853503E+01 
      1015     -6.3790904E+00 -7.2044627E-02 -5.7611045E-01  6.8612852E-02  2.7257028E-01 -1.1926502E+01 
      1015 SSD -2.7895683E+02  3.8769655E+00  5.0988894E-01  5.2763191E-01 -2.3613126E+00  7.4465190E+01 
      1016     -6.3142754E+00 -1.5436441E-01 -5.7936072E-01 -1.0354824E-01  3.0303803E-01 -1.5095725E+01 
      1016 SSD -2.7911774E+02  3.4211179E+00  5.1136292E-01  1.5082335E+00 -1.6804677E+00  9.4469729E+01 
      1017     -6.3078060E+00 -2.1641157E-01 -5.7792480E-01 -2.2988204E-01  3.1140494E-01 -1.6159383E+01 
      1017 SSD -2.7888782E+02  2.6961110E+00  4.3506142E-01  1.9132929E+00 -1.3719086E+00  1.0209383E+02 
      1018     -6.3452368E+00 -2.6055115E-01 -5.7847757E-01 -2.9703321E-01  2.3329332E-01 -1.4949477E+01 
      1018 SSD -2.7868204E+02  1.6404609E+00  3.8593260E-01  1.8757062E+00 -8.6269214E-01  9.6213462E+01 
      1019     -6.4553835E+00 -2.5667958E-01 -5.7644694E-01 -3.6919131E-01  7.7671742E-02 -1.1650236E+01 
      1019 SSD -2.7806548E+02  2.2855113E-01  3.5507693E-01  1.9956154E+00  1.9742679E-01  7.6582210E+01 
      1020     -6.5214064E+00 -2.7522190E-01 -5.9386626E-01 -2.2096656E-01  8.7546543E-02 -7.0608092E+00 
      1020 SSD -2.7782100E+02 -1.0526438E+00  5.1259788E-01  9.3216404E-01 -2.2090848E-01  4.7332116E+01 
      1021     -6.8300997E+00 -2.3221484E-01 -5.9183913E-01 -2.0570014E-01 -4.2980636E-01 -2.3203046E+00 
      1021 SSD -2.7543639E+02 -2.6389782E+00  5.3903400E-01  7.8074672E-01  3.1163831E+00  1.5804287E+01 
      1022     -6.8456142E+00 -2.6934867E-01 -6.3621581E-01  3.5709231E-01  7.4701195E-02  5.1658998E-01 
      1022 SSD -2.7550893E+02 -3.6563386E+00  9.6201127E-01 -2.5891498E+00 -4.7370455E-01 -3.8707218E+00 
      1023     -6.6930514E+00 -3.0910348E-01 -7.0716031E-01  5.3420390E-01 -1.9784684E+00 -1.5360435E-01 
      1023 SSD -2.7631849E+02 -3.3404267E+00  2.6068077E+00 -3.5623067E+00  1.3042611E+01  8.4924602E-01 
      1024     -6.5853171E+00 -3.3173411E-01 -5.7730463E-01  2.8489043E-01 -6.5168920E+00 -1.3941017E-02 
      1024 SSD -2.7670402E+02 -3.1655510E+00  2.8303307E+00 -1.1600641E+00  4.2768396E+01  5.0686831E-01 
      1025     -6.5208860E+00 -3.4451684E-01 -5.0709394E-01  1.1600021E-01 -1.1130281E+01  8.0050287E-02 
      1025 SSD -2.7669608E+02 -3.0710419E+00  3.3862272E+00  2.5798744E-01  7.2350425E+01  2.3600644E-01 
      1026     -6.4802678E+00 -3.4685769E-01 -4.2524968E-01 -6.3929688E-02 -1.4506473E+01  2.0368644E-01 
      1026 SSD -2.7646840E+02 -3.0875096E+00  3.8287099E+00  1.4439806E+00  9.3373916E+01 -4.9120389E-01 
      1027     -6.4968033E+00 -3.4498850E-01 -3.7265645E-01 -1.9252773E-01 -1.5926333E+01  2.7521868E-01 
      1027 SSD -2.7598629E+02 -3.1612036E+00  4.5524826E+00  1.9423119E+00  1.0176050E+02 -1.0213347E+00 
      1028     -6.5433169E+00 -3.4441518E-01 -3.3652237E-01 -2.5762455E-01 -1.5150044E+01  2.5094705E-01 
      1028 SSD -2.7552064E+02 -3.2096630E+00  5.5893643E+00  1.7797653E+00  9.7037148E+01 -1.3012735E+00 
      1029     -6.6483580E+00 -3.4536084E-01 -3.3376890E-01 -3.2310734E-01 -1.2263222E+01  2.3596597E-01 
      1029 SSD -2.7473600E+02 -3.2151184E+00  6.9854111E+00  1.6924808E+00  7.9528780E+01 -2.0224748E+00 
      1030     -6.7516574E+00 -3.5436306E-01 -3.2631629E-01 -2.0229522E-01 -7.9830778E+00  2.4545537E-02 
      1030 SSD -2.7410390E+02 -3.1093539E+00  8.4059627E+00  7.1466350E-01  5.2588940E+01 -9.7366573E-01 
      1031     -7.0246203E+00 -3.5917328E-01 -3.7963210E-01 -3.4381876E-01 -2.8862360E+00  1.6779236E-01 
      1031 SSD -2.7198132E+02 -3.0457561E+00  1.0033311E+01  1.4790641E+00  1.9351005E+01 -2.4753655E+00 
      1032     -6.8607489E+00 -3.6400591E-02 -9.8851377E-02  5.2378063E-01  1.9835822E+00  1.6428533E-01 
      1032 SSD -2.7469054E+02  6.9499312E+00  8.2009060E+00 -3.4817490E+00 -1.2986495E+01 -9.5390355E-01 
      1033     -6.6861719E+00 -1.5489684E-02 -2.1717514E-01  2.9317841E-01  6.5491370E+00  1.5863088E-02 
      1033 SSD -2.7595672E+02  6.7842306E+00  7.8717474E+00 -1.2187982E+00 -4.2778527E+01 -5.5617071E-01 
      1034     -6.5610757E+00 -3.8218408E-03 -2.8534040E-01  1.1666928E-01  1.1181741E+01 -7.5560864E-02 
      1034 SSD -2.7678545E+02  6.6952177E+00  7.2960382E+00  2.4304385E-01 -7.2354815E+01 -2.9123497E-01 
      1035     -6.4604048E+00 -1.4150542E-03 -3.6340081E-01 -6.4865346E-02  1.4543658E+01 -2.0552598E-01 
      1035 SSD -2.7739668E+02  6.7070767E+00  6.8219963E+00  1.4348045E+00 -9.3178864E+01  4.5643596E-01 
      1036     -6.4166742E+00 -2.9286909E-03 -4.1379979E-01 -1.9454852E-01  1.5928032E+01 -2.6473648E-01 
      1036 SSD -2.7773257E+02  6.7802072E+00  6.0935180E+00  1.9452200E+00 -1.0123647E+02  9.3793050E-01 
      1037     -6.4031407E+00 -3.7219045E-03 -4.4816142E-01 -2.5896454E-01  1.5110973E+01 -2.4928991E-01 
      1037 SSD -2.7814086E+02  6.8267743E+00  5.0431124E+00  1.7655516E+00 -9.6276559E+01  1.1766667E+00 
      1038     -6.4593799E+00 -4.1246324E-03 -4.5135303E-01 -3.2658997E-01  1.2178402E+01 -2.5205771E-01 
      1038 SSD -2.7810657E+02  6.8512274E+00  3.6727181E+00  1.7089636E+00 -7.8499062E+01  2.1467886E+00 
      1039     -6.5084407E+00  3.4031113E-03 -4.6102683E-01 -1.9937598E-01  7.8989727E+00 -9.1073911E-03 
      1039 SSD -2.7822371E+02  6.7626567E+00  2.2680470E+00  7.0899640E-01 -5.1650417E+01  8.4701297E-01 
      1040     -6.6952718E+00  1.1848744E-02 -3.9201902E-01 -3.4284236E-01  2.8535714E+00 -1.3095275E-01 
      1040 SSD -2.7712556E+02  6.6784167E+00  5.5546243E-01  1.4431795E+00 -1.8993742E+01  2.1280021E+00 
      1041      1.6823650E+02 -1.4781471E-01 -2.5019432E-01  6.4055512E-03 -1.6826983E-01  1.9301091E+01 
      1041 SSD -1.2749058E+03  1.2433026E+00  9.2370789E+00  7.4942537E-02  2.8026071E+00 -1.0045652E+02 
      1042      3.5642278E+02 -1.6441525E-01 -2.8744519E-01  4.0817603E-03 -3.4186898E-02  1.8844932E+01 
      1042 SSD -2.1942213E+03  1.5032800E+00  8.2702313E+00  9.4085121E-02  3.3567532E+00 -8.5360453E+01 
      1043      5.2237718E+02 -1.7345250E-01 -3.2344660E-01  3.9425836E-03  4.0040902E-02  1.4779048E+01 
      1043 SSD -2.8994593E+03  1.6771807E+00  7.2926354E+00  9.5269733E-02  3.8834121E+00 -5.6684754E+01 
      1044      6.3531268E+02 -1.7559937E-01 -3.5889965E-01  3.8337649E-03  4.5698089E-02  8.0945130E+00 
      1044 SSD -3.2945239E+03  1.7719486E+00  6.3136245E+00  9.6102156E-02  4.2630707E+00 -2.2565072E+01 
      1045      6.7508116E+02 -1.7375128E-01 -3.9441235E-01  3.8080700E-03 -2.4891800E-02 -4.0576045E-02 
      1045 SSD -3.4037062E+03  1.8203553E+00  5.3380674E+00  9.6271262E-02  7.3885096E-02  2.1794968E-01 
      1046      6.3457646E+02 -1.7205191E-01 -4.3012512E-01  3.8499199E-03 -9.5524025E-02 -8.1605716E+00 
      1046 SSD -3.2907632E+03  1.8698444E+00  4.3643628E+00  9.5943350E-02 -4.0940124E+00  2.2887037E+01 
      1047      5.2120323E+02 -1.7462415E-01 -4.6622849E-01  3.9862866E-03 -8.7036058E-02 -1.4797909E+01 
      1047 SSD -2.8938196E+03  1.9678563E+00  3.3911963E+00  9.4949529E-02 -3.6857907E+00  5.6721973E+01 
      1048      3.5536119E+02 -1.8427629E-01 -5.0358977E-01  4.1924167E-03  1.7523049E-03 -1.8801747E+01 
      1048 SSD -2.1900377E+03  2.1472337E+00  2.4242717E+00  9.3372670E-02 -3.1965180E+00  8.5020299E+01 
      1049      1.6780020E+02 -2.0149622E-01 -5.4394423E-01  6.4874387E-03  1.5915449E-01 -1.9220246E+01 
      1049 SSD -1.2750619E+03  2.4136878E+00  1.4785142E+00  7.3771414E-02 -2.7497616E+00  9.9931508E+01 
      1050      6.3501107E+02 -1.3285147E-01 -3.8872977E-01  3.7762344E-03  8.1411095E+00  3.2279784E-02 
      1050 SSD -3.2936990E+03  2.7660635E+00  5.3702145E+00  9.6360967E-02 -2.2612548E+01  4.3784360E+00 
      1051      5.2162045E+02 -9.3503713E-02 -3.8702966E-01  3.7238733E-03  1.4830366E+01  4.6466680E-02 
      1051 SSD -2.8991151E+03  3.7204615E+00  5.4476080E+00  9.6426076E-02 -5.6631015E+01  3.7352045E+00 
      1052      3.5534293E+02 -5.6863851E-02 -3.9182683E-01  3.7179514E-03  1.8866207E+01  2.5630978E-02 
      1052 SSD -2.1953575E+03  4.6923562E+00  5.6000335E+00  9.5858611E-02 -8.5201992E+01  2.6059434E+00 
      1053      1.6717981E+02 -2.2423195E-02 -4.0323906E-01  5.5785281E-03  1.9269379E+01 -5.5639444E-02 
      1053 SSD -1.2763157E+03  5.6778945E+00  5.8297646E+00  8.0750021E-02 -1.0049524E+02  1.4542412E+00 
      1054      4.8792139E+02 -1.0242580E-01 -3.4633520E-01  3.8202241E-03  1.3991612E+01  6.3710648E+00 
      1054 SSD -2.8041612E+03  3.7529074E+00  6.3608018E+00  9.5161221E-02 -5.6230551E+01 -2.2241325E+01 
      1055      3.9775336E+02 -1.0704098E-01 -2.9906035E-01  3.6929642E-03  1.1633122E+01  1.1538226E+01 
      1055 SSD -2.4396055E+03  3.7396183E+00  7.2034790E+00  9.7098068E-02 -5.0797682E+01 -5.0316821E+01 
      1056      2.6759836E+02 -1.0565255E-01 -2.5130822E-01  3.2780965E-03  8.1278227E+00  1.4566843E+01 
      1056 SSD -1.8284969E+03  3.6646169E+00  8.0509919E+00  1.0225103E-01 -3.9111230E+01 -7.2080790E+01 
      1057      1.2306951E+02 -9.9063770E-02 -2.1026216E-01  5.3720020E-03  3.9854514E+00  1.4597475E+01 
      1057 SSD -1.0634505E+03  3.5411449E+00  8.9942305E+00  9.8480343E-02 -2.1791760E+01 -8.1790664E+01 
      1058      4.8855793E+02 -1.3599825E-01 -3.1006482E-01  3.7178420E-03  6.4121361E+00  1.3906034E+01 
      1058 SSD -2.8058915E+03  2.6668316E+00  7.2342110E+00  9.7549211E-02 -2.2229126E+01 -5.5882210E+01 
      1059      5.9595939E+02 -1.3663082E-01 -3.5098889E-01  3.7864645E-03  7.7125716E+00  7.6594936E+00 
      1059 SSD -3.2005129E+03  2.7403296E+00  6.3187371E+00  9.6311965E-02 -2.3164183E+01 -2.3030586E+01 
      1060      3.3201907E+02 -1.2856113E-01 -2.6865087E-01  3.4233850E-03  4.4560458E+00  1.7671577E+01 
      1060 SSD -2.1167084E+03  2.5205221E+00  8.1506077E+00  1.0161614E-01 -1.7546406E+01 -8.2562572E+01 
      1061      1.5578864E+02 -1.1431263E-01 -2.3075575E-01  5.6720483E-03  2.1102047E+00  1.7986662E+01 
      1061 SSD -1.2291287E+03  2.3069898E+00  9.1166969E+00  9.2118666E-02 -9.6189062E+00 -9.6439777E+01 
      1062      1.2132364E+02 -5.6546098E-02 -2.8981508E-01  5.2628179E-03  1.4694769E+01  3.9621950E+00 
      1062 SSD -1.0504271E+03  5.8837619E+00  7.2659183E+00  6.6583289E-02 -8.2738975E+01 -2.1985114E+01 
      1063      2.6672032E+02 -8.1947423E-02 -2.9217171E-01  4.0715418E-03  1.4657110E+01  8.0391101E+00 
      1063 SSD -1.8232135E+03  4.8377139E+00  7.2154723E+00  9.0850123E-02 -7.2769600E+01 -3.8726155E+01 
      1064      1.5407852E+02 -3.9013921E-02 -3.5503655E-01  5.8194490E-03  1.8005352E+01  2.1602436E+00 
      1064 SSD -1.2206876E+03  5.7805577E+00  6.6366402E+00  6.8396072E-02 -9.6817266E+01 -1.0601634E+01 
      1065      3.3068652E+02 -7.1175923E-02 -3.4742227E-01  4.0681056E-03  1.7732253E+01  4.4403533E+00 
      1065 SSD -2.1119493E+03  4.7840106E+00  6.4659161E+00  9.1027865E-02 -8.2909872E+01 -1.7915810E+01 
      1066      2.7796327E+01 -9.8920241E-02 -1.5340717E-01  1.5792555E-03  4.8840080E+00  4.5555367E+00 
      1066 SSD -5.0038882E+02  6.1585705E+00  8.6081440E+00  1.1640898E-01 -3.1504888E+01 -2.8791502E+01 
      1067      7.5590108E+01 -7.5515759E-02 -2.2372055E-01  3.1173788E-03  1.0010544E+01  4.9080855E+00 
      1067 SSD -7.9115689E+02  6.0017083E+00  7.9106548E+00  8.8633988E-02 -5.9805093E+01 -2.9135317E+01 
      1068      7.7055534E+01 -8.3451735E-02 -1.8747622E-01  5.1245917E-03  4.9312697E+00  9.7751353E+00 
      1068 SSD -8.0339527E+02  4.7876951E+00  8.8437795E+00  9.8169933E-02 -2.9336588E+01 -5.7838495E+01 
      1069      1.7575506E+02 -8.6850042E-02 -2.3606718E-01  3.6350248E-03  1.0128776E+01  1.0022238E+01 
      1069 SSD -1.3596954E+03  4.8400068E+00  7.9712662E+00  9.6064024E-02 -5.4273358E+01 -5.3423704E+01 
      1070      1.2687971E+02 -7.4341838E-02 -4.9823827E-01  4.9077939E-03  4.2297064E+00 -1.5039831E+01 
      1070 SSD -1.0332483E+03  3.7947733E+00  1.1827705E+00  7.4482696E-02 -2.4023956E+01  7.9744338E+01 
      1071      2.7474735E+02 -6.8894857E-02 -4.6673867E-01  4.1692342E-03  8.1337329E+00 -1.4924397E+01 
      1071 SSD -1.7789422E+03  3.6799254E+00  2.2047299E+00  9.1866182E-02 -3.9394790E+01  7.2302897E+01 
      1072      4.0502983E+02 -7.3685940E-02 -4.4365567E-01  3.6592732E-03  1.1643059E+01 -1.1662564E+01 
      1072 SSD -2.3786599E+03  3.6522248E+00  3.3264378E+00  9.7665331E-02 -5.0413273E+01  5.1033496E+01 
      1073      4.9240849E+02 -8.2823240E-02 -4.1939052E-01  3.5795027E-03  1.4006029E+01 -6.3499024E+00 
      1073 SSD -2.7526183E+03  3.6746191E+00  4.4323435E+00  9.8324054E-02 -5.4834602E+01  2.6617208E+01 
      1074      3.3547772E+02 -1.3190688E-01 -4.8438358E-01  4.4842818E-03  4.5241418E+00 -1.7834444E+01 
      1074 SSD -2.0729672E+03  2.9773424E+00  2.3027503E+00  8.9570794E-02 -2.2137374E+01  8.1556420E+01 
      1075      1.5777954E+02 -1.4476921E-01 -5.2251786E-01  5.9650422E-03  2.4010164E+00 -1.8224299E+01 
      1075 SSD -1.2063552E+03  3.1964388E+00  1.3431273E+00  6.8267872E-02 -1.3876634E+01  9.4428881E+01 
      1076      4.9222297E+02 -1.2684728E-01 -4.5289410E-01  3.9826157E-03  6.3326192E+00 -1.4017589E+01 
      1076 SSD -2.7482405E+03  2.8447420E+00  3.3361750E+00  9.4640253E-02 -2.6366835E+01  5.5387089E+01 
      1077      5.9838669E+02 -1.2824493E-01 -4.2246159E-01  3.7913187E-03  7.6343849E+00 -7.6594647E+00 
      1077 SSD -3.1462021E+03  2.7858006E+00  4.3733681E+00  9.6370968E-02 -2.5786143E+01  2.6104012E+01 
      1078      8.4034800E+01  5.0386404E-02 -4.5839840E-01  1.9865421E-03  1.0248114E+01 -4.9929165E+00 
      1078 SSD -8.0755924E+02  5.2169578E+00  2.2281363E+00  1.2201941E-01 -5.6423527E+01  2.8838263E+01 
      1079      1.8518780E+02 -5.2361699E-03 -4.5469965E-01  3.3842499E-03  1.0210766E+01 -1.0356167E+01 
      1079 SSD -1.3375131E+03  4.3759418E+00  2.1639945E+00  1.0112646E-01 -5.2186060E+01  5.4045094E+01 
      1080      3.3302283E+01  9.3327521E-02 -4.4883500E-01 -2.8039220E-03  4.6712317E+00 -5.0333490E+00 
      1080 SSD -5.1363255E+02  4.9202656E+00  8.7149118E-01  1.4957633E-01 -2.7058510E+01  3.0726500E+01 
      1081      8.2219513E+01  6.0411495E-03 -4.6387542E-01  1.0118630E-03  4.9250326E+00 -1.0426802E+01 
      1081 SSD -7.8748891E+02  4.3109349E+00  9.6943934E-01  1.0878738E-01 -2.7812542E+01  5.8167163E+01 
      1082      1.2836694E+02  1.6519486E-02 -4.4886200E-01  3.4560624E-03  1.5022368E+01 -4.0938881E+00 
      1082 SSD -1.0542662E+03  5.4299588E+00  3.5331103E+00  1.1398661E-01 -7.9538964E+01  2.3193664E+01 
      1083      2.7546021E+02 -2.3047033E-02 -4.4154867E-01  3.0235615E-03  1.4804195E+01 -8.1445886E+00 
      1083 SSD -1.7901776E+03  4.4768934E+00  3.3902595E+00  1.0508021E-01 -7.0715210E+01  3.9937981E+01 
      1084      1.5815692E+02 -4.2402926E-03 -4.3604878E-01  4.7974881E-03  1.8233101E+01 -2.2671097E+00 
      1084 SSD -1.2186412E+03  5.5637651E+00  4.7928335E+00  9.7685991E-02 -9.4637061E+01  1.2615341E+01 
      1085      3.3588127E+02 -4.0237821E-02 -4.2372298E-01  3.2316190E-03  1.7817100E+01 -4.4710613E+00 
      1085 SSD -2.0837632E+03  4.5826308E+00  4.5711891E+00  1.0230051E-01 -8.0961869E+01  2.1677514E+01 
      1086      1.6689914E+02 -3.2360142E-01 -3.8439290E-01  5.1018687E-03 -1.9232251E+01  1.8885346E-02 
      1086 SSD -1.2769119E+03 -2.0549070E+00  4.8276962E+00  8.7927411E-02  1.0046116E+02 -1.2199424E+00 
      1087      3.5471705E+02 -2.8945099E-01 -3.9671483E-01  3.6239352E-03 -1.8831792E+01 -8.9320717E-02 
      1087 SSD -2.1947698E+03 -1.0650021E+00  5.0682622E+00  9.7731833E-02  8.4974622E+01 -2.2150552E+00 
      1088      5.2090101E+02 -2.5346528E-01 -4.0180683E-01  3.7362168E-03 -1.4841337E+01 -1.2478088E-01 
      1088 SSD -2.8973615E+03 -8.6242782E-02  5.2260463E+00  9.6521550E-02  5.6593204E+01 -3.2876029E+00 
      1089      6.3455843E+02 -2.1450901E-01 -4.0013422E-01  3.7560416E-03 -8.1811327E+00 -1.1244869E-01 
      1089 SSD -3.2923905E+03  8.7275916E-01  5.3055853E+00  9.6742021E-02  2.2715405E+01 -3.9407193E+00 
      1090      3.3580866E+02 -3.0599090E-01 -3.6416503E-01  3.1465905E-03 -1.7805511E+01  4.4217275E+00 
      1090 SSD -2.0858580E+03 -9.5373998E-01  6.0961657E+00  1.0389953E-01  8.0845797E+01 -2.1520906E+01 
      1091      2.7580239E+02 -3.2260828E-01 -3.4603913E-01  3.2139665E-03 -1.4813176E+01  8.1079124E+00 
      1091 SSD -1.7933868E+03 -8.5183317E-01  7.2815518E+00  1.0426891E-01  7.0731494E+01 -3.9860736E+01 
      1092      1.8562829E+02 -3.3913901E-01 -3.3321052E-01  3.8175243E-03 -1.0213491E+01  1.0374164E+01 
      1092 SSD -1.3395714E+03 -7.6058302E-01  8.5133020E+00  9.7726661E-02  5.2149561E+01 -5.4362354E+01 
      1093      8.2318847E+01 -3.4935175E-01 -3.2510447E-01  3.1536119E-03 -4.9342322E+00  1.0476506E+01 
      1093 SSD -7.8556460E+02 -7.0526623E-01  9.7196683E+00  9.4829016E-02  2.7842310E+01 -5.8643626E+01 
      1094      1.2861541E+02 -3.6445272E-01 -3.3797562E-01  3.2391707E-03 -1.5029665E+01  4.0837570E+00 
      1094 SSD -1.0566481E+03 -1.7924062E+00  7.1352512E+00  1.1582589E-01  7.9688846E+01 -2.3257179E+01 
      1095      1.5819044E+02 -3.4248475E-01 -3.5062273E-01  4.1175508E-03 -1.8225633E+01  2.2418467E+00 
      1095 SSD -1.2206863E+03 -1.9334513E+00  5.8629477E+00  1.0558070E-01  9.4796712E+01 -1.2559936E+01 
      1096      8.4295513E+01 -3.9724104E-01 -3.2740858E-01  1.7335348E-03 -1.0283106E+01  5.0050450E+00 
      1096 SSD -8.0860179E+02 -1.5875803E+00  8.4375264E+00  1.2206392E-01  5.6680391E+01 -2.9100461E+01 
      1097      3.3263884E+01 -4.4382636E-01 -3.3170565E-01 -3.3204705E-03 -4.6976390E+00  5.0844146E+00 
      1097 SSD -5.1098255E+02 -1.2733259E+00  9.7661332E+00  1.4989954E-01  2.7227428E+01 -3.1235889E+01 
      1098      4.9297518E+02 -2.2019278E-01 -3.3621697E-01  3.9756335E-03 -6.3718010E+00  1.3990622E+01 
      1098 SSD -2.7522731E+03  7.9312620E-01  7.3445562E+00  9.4721636E-02  2.6502286E+01 -5.5343914E+01 
      1099      4.0549788E+02 -2.7308396E-01 -3.4454703E-01  3.6128594E-03 -1.1660684E+01  1.1630491E+01 
      1099 SSD -2.3819451E+03 -1.7466984E-02  7.3486931E+00  9.8227227E-02  5.0427546E+01 -5.0988468E+01 
      1100      5.9866564E+02 -2.1886318E-01 -3.6626740E-01  3.7599105E-03 -7.6766705E+00  7.5931246E+00 
      1100 SSD -3.1485116E+03  8.5212415E-01  6.3026298E+00  9.6807073E-02  2.5909364E+01 -2.5810903E+01 
      1101      4.9238656E+02 -2.6393099E-01 -3.6892334E-01  3.5747263E-03 -1.4024564E+01  6.2858239E+00 
      1101 SSD -2.7542821E+03 -4.0336832E-02  6.2398938E+00  9.8586594E-02  5.4844158E+01 -2.6354190E+01 
      1102      1.5807786E+02 -2.0238641E-01 -2.7051222E-01  6.0150260E-03 -2.4179839E+00  1.8285404E+01 
      1102 SSD -1.2054154E+03  4.4345091E-01  9.3699556E+00  6.7442799E-02  1.3974343E+01 -9.4862747E+01 
      1103      3.3623155E+02 -2.1508201E-01 -3.0590211E-01  4.5163881E-03 -4.5523704E+00  1.7861838E+01 
      1103 SSD -2.0757537E+03  6.6048426E-01  8.3878893E+00  8.9019316E-02  2.2250615E+01 -8.1851662E+01 
      1104      1.2705478E+02 -2.7451029E-01 -2.9053771E-01  4.7072781E-03 -4.2355428E+00  1.5094894E+01 
      1104 SSD -1.0316315E+03 -1.4678805E-01  9.5009817E+00  7.6051219E-02  2.4054722E+01 -8.0192224E+01 
      1105      2.7528573E+02 -2.7839924E-01 -3.2197811E-01  4.0413629E-03 -8.1480273E+00  1.4940616E+01 
      1105 SSD -1.7810096E+03 -4.1761838E-02  8.4764285E+00  9.2997352E-02  3.9418837E+01 -7.2580201E+01 
      1106      7.6636416E+01 -2.6295896E-01 -6.0771665E-01  4.7461112E-03 -4.9145476E+00 -9.7046768E+00 
      1106 SSD -8.0271048E+02 -1.1699540E+00  1.8746715E+00  1.0299205E-01  2.9258050E+01  5.7433860E+01 
      1107      1.7464463E+02 -2.6006856E-01 -5.5722161E-01  3.5055669E-03 -1.0071540E+01 -9.9533067E+00 
      1107 SSD -1.3550600E+03 -1.2179237E+00  2.7311615E+00  9.8374648E-02  5.3940121E+01  5.3031424E+01 
      1108      2.6521565E+02 -2.6478635E-01 -4.9943744E-01  4.0964271E-03 -1.4590092E+01 -8.0340319E+00 
      1108 SSD -1.8165147E+03 -1.2141050E+00  3.4728141E+00  9.1221943E-02  7.2364852E+01  3.8743637E+01 
      1109      3.2944781E+02 -2.7527885E-01 -4.4238580E-01  4.0032764E-03 -1.7681128E+01 -4.5036799E+00 
      1109 SSD -2.1073534E+03 -1.1586896E+00  4.2089187E+00  9.2207557E-02  8.2608726E+01  1.8361585E+01 
      1110      7.5144697E+01 -2.7272581E-01 -5.7008312E-01  3.1726024E-03 -9.9307268E+00 -4.8761772E+00 
      1110 SSD -7.9004255E+02 -2.3786666E+00  2.7910029E+00  8.6937089E-02  5.9401161E+01  2.8969307E+01 
      1111      2.7729406E+01 -2.5443945E-01 -6.4399810E-01  2.9451939E-03 -4.8363526E+00 -4.5107227E+00 
      1111 SSD -5.0140379E+02 -2.5034865E+00  2.1259607E+00  1.0571110E-01  3.1274279E+01  2.8540641E+01 
      1112      1.2063440E+02 -2.8966108E-01 -5.0193231E-01  5.0768517E-03 -1.4592338E+01 -3.9536150E+00 
      1112 SSD -1.0480817E+03 -2.2697192E+00  3.4169552E+00  7.0793068E-02  8.2222403E+01  2.1972257E+01 
      1113      1.5347441E+02 -3.0673449E-01 -4.3423924E-01  5.4008229E-03 -1.7922711E+01 -2.1919066E+00 
      1113 SSD -1.2191235E+03 -2.1633726E+00  4.0278447E+00  7.3851965E-02  9.6460629E+01  1.0821917E+01 
      1114      3.3068277E+02 -2.2207381E-01 -5.2301598E-01  3.6117096E-03 -4.4799006E+00 -1.7605485E+01 
      1114 SSD -2.1110306E+03  1.1375657E+00  2.5469541E+00  9.9949942E-02  1.7697580E+01  8.2126754E+01 
      1115      2.6617898E+02 -2.4393509E-01 -5.4128321E-01  3.0654251E-03 -8.1238378E+00 -1.4485330E+01 
      1115 SSD -1.8221725E+03 -2.0298596E-02  2.6503718E+00  1.0488434E-01  3.9106320E+01  7.1588485E+01 
      1116      1.5528947E+02 -2.3855277E-01 -5.6247880E-01  5.7782895E-03 -2.1116408E+00 -1.7884196E+01 
      1116 SSD -1.2286800E+03  1.3655505E+00  1.5908019E+00  9.0500466E-02  9.6752394E+00  9.5823648E+01 
      1117      1.2255095E+02 -2.5196050E-01 -5.8241072E-01  4.6997642E-03 -3.9892413E+00 -1.4496513E+01 
      1117 SSD -1.0624664E+03  1.1067966E-01  1.7106582E+00  1.0557166E-01  2.1860000E+01  8.1198973E+01 
      1118      5.9476875E+02 -2.1128965E-01 -4.3842618E-01  3.8002745E-03 -7.7546228E+00 -7.7276183E+00 
      1118 SSD -3.1951627E+03  9.0124633E-01  4.3607982E+00  9.6329231E-02  2.3317793E+01  2.3411672E+01 
      1119      4.8696053E+02 -2.1295558E-01 -4.8029700E-01  3.7990767E-03 -6.4529094E+00 -1.3916510E+01 
      1119 SSD -2.7983543E+03  9.8066032E-01  3.4530256E+00  9.6889389E-02  2.2430916E+01  5.5922722E+01 
      1120      4.8647974E+02 -2.4500221E-01 -4.4345338E-01  3.8441541E-03 -1.3998913E+01 -6.4409613E+00 
      1120 SSD -2.7980929E+03 -1.1774940E-01  4.3184990E+00  9.5152200E-02  5.6212018E+01  2.2684399E+01 
      1121      3.9594469E+02 -2.4123524E-01 -4.9210504E-01  3.6966397E-03 -1.1637353E+01 -1.1540676E+01 
      1121 SSD -2.4310668E+03 -1.0139078E-01  3.4863013E+00  9.7185441E-02  5.0812750E+01  5.0364162E+01 

