      NODE            V1             V2             V3             VR1            VR2            VR3
      1001     -8.6596194E+00 -3.2769095E-01  9.3422313E-03  1.8272123E-01  4.6370467E-01 -4.3504429E-01 
      1001 SSD -2.9065012E+02 -3.7814487E+00  1.0128233E+01 -1.5874151E+00 -3.2609022E+00  2.6202645E+00 
      1002     -8.5284297E+00 -4.2912801E-01  5.3035354E-04  5.2394564E-01 -6.2512539E-02  1.4325890E+00 
      1002 SSD -2.9170370E+02 -1.8976077E+00  1.0061888E+01 -3.4479396E+00  1.8692729E+00 -8.5590231E+00 
      1003     -8.3922637E+00 -2.6724259E-01  2.8725513E-02  1.3792056E-01 -2.7408987E-02  4.4222853E+00 
      1003 SSD -2.9283716E+02 -1.6278422E+00  9.8042711E+00 -2.7040040E-01  9.9403997E-01 -2.8742977E+01 
      1004     -8.3589310E+00 -2.1839090E-01  2.8447656E-02  6.0451827E-02 -1.5597679E-01  7.1411389E+00 
      1004 SSD -2.9294324E+02 -8.8847437E-01  9.7758915E+00  6.1412977E-01  1.7660427E+00 -4.6711431E+01 
      1005     -8.3131884E+00 -1.4204291E-01  3.2885444E-02 -5.1242849E-02 -1.8118975E-01  9.0274961E+00 
      1005 SSD -2.9325691E+02 -2.8502514E-01  9.7574326E+00  1.3253805E+00  1.0009257E+00 -5.9353221E+01 
      1006     -8.3019246E+00 -8.4521584E-02  3.3694908E-02 -1.4149264E-01 -1.8843083E-01  9.6436484E+00 
      1006 SSD -2.9332923E+02  6.3848717E-01  9.8217077E+00  1.5126593E+00  6.6277761E-01 -6.4457277E+01 
      1007     -8.3186694E+00 -4.1026356E-02  3.3710791E-02 -1.8661128E-01 -1.4818580E-01  8.8968367E+00 
      1007 SSD -2.9351371E+02  1.8485603E+00  9.8784769E+00  1.2284598E+00  3.5607181E-01 -6.1413128E+01 
      1008     -8.3792023E+00 -1.6763253E-02  3.1622441E-02 -2.1014606E-01 -6.3681313E-02  6.9313002E+00 
      1008 SSD -2.9346104E+02  3.2315752E+00  9.9091367E+00  1.0757855E+00 -3.1188088E-01 -4.9598545E+01 
      1009     -8.4215720E+00  3.4165201E-02  4.2639948E-02 -1.2544975E-01 -5.3843743E-02  4.2116024E+00 
      1009 SSD -2.9364141E+02  4.4958981E+00  9.7901734E+00  3.8283144E-01  1.0829388E-02 -3.1102442E+01 
      1010     -8.5919714E+00  1.6892005E-02  4.1384315E-02 -1.6448754E-01  2.4723544E-01  1.3716877E+00 
      1010 SSD -2.9233092E+02  6.1103871E+00  9.7647572E+00  4.9202312E-01 -2.1034023E+00 -1.0409927E+01 
      1011     -8.6028295E+00  8.1192831E-02  7.0375341E-02  2.6202033E-01 -7.5859300E-02 -2.6748104E-01 
      1011 SSD -2.9271309E+02  7.0726555E+00  9.4137326E+00 -2.1765383E+00  5.7335862E-01  2.3856726E+00 
      1012     -8.5015354E+00  1.1283004E-01 -4.1035940E-01  1.8446202E-01 -4.7910234E-01  4.0560900E-01 
      1012 SSD -2.9565098E+02  6.6773017E+00 -1.1461481E+00 -1.4941877E+00  3.3998379E+00 -2.4179396E+00 
      1013     -8.3721438E+00  2.1922303E-01 -3.9991650E-01  4.5007411E-01  6.3265535E-02 -1.4126291E+00 
      1013 SSD -2.9639843E+02  4.7376542E+00 -1.0890153E+00 -2.9062095E+00 -1.8504021E+00  8.4500421E+00 
      1014     -8.2414499E+00  7.7454350E-02 -4.2209956E-01  1.6015035E-01  2.6052857E-02 -4.3971783E+00 
      1014 SSD -2.9720126E+02  4.3355208E+00 -8.7613031E-01 -4.5648660E-01 -9.5004012E-01  2.8675892E+01 
      1015     -8.2133888E+00  1.1179419E-02 -4.2133498E-01  5.3921581E-02  1.5563891E-01 -7.1114515E+00 
      1015 SSD -2.9699074E+02  3.7282218E+00 -8.5257856E-01  6.9651395E-01 -1.7299783E+00  4.6634237E+01 
      1016     -8.1710858E+00 -5.8965479E-02 -4.2345563E-01 -4.9937493E-02  1.8128442E-01 -8.9870760E+00 
      1016 SSD -2.9699642E+02  3.0710230E+00 -8.5861990E-01  1.2761911E+00 -9.7955798E-01  5.9241503E+01 
      1017     -8.1636109E+00 -1.1856631E-01 -4.2328944E-01 -1.2925723E-01  1.9114052E-01 -9.6015982E+00 
      1017 SSD -2.9675188E+02  2.1910571E+00 -9.3131845E-01  1.3825706E+00 -6.4169659E-01  6.4378706E+01 
      1018     -8.1854709E+00 -1.7007823E-01 -4.2415942E-01 -1.7429447E-01  1.4679648E-01 -8.8613562E+00 
      1018 SSD -2.9663080E+02  1.0220486E+00 -9.8226986E-01  1.1854783E+00 -3.0985264E-01  6.1315233E+01 
      1019     -8.2512288E+00 -1.9411850E-01 -4.2314601E-01 -2.2254913E-01  5.6055512E-02 -6.8877092E+00 
      1019 SSD -2.9627448E+02 -3.9008564E-01 -1.0083767E+00  1.1279009E+00  3.8884960E-01  4.9394644E+01 
      1020     -8.2928500E+00 -2.3175025E-01 -4.3279440E-01 -1.3726885E-01  5.7394571E-02 -4.1643556E+00 
      1020 SSD -2.9617633E+02 -1.7284023E+00 -8.9333640E-01  4.1316232E-01 -4.4155165E-03  3.0866857E+01 
      1021     -8.4694291E+00 -2.3182335E-01 -4.3118497E-01 -1.2931000E-01 -2.4683475E-01 -1.3675402E+00 
      1021 SSD -2.9453450E+02 -3.2215528E+00 -8.6056230E-01  2.9197886E-01  2.1284716E+00  1.0397170E+01 
      1022     -8.4827640E+00 -2.7963400E-01 -4.5541793E-01  2.0661389E-01  4.4828380E-02  2.9642009E-01 
      1022 SSD -2.9461198E+02 -4.3371105E+00 -5.4762821E-01 -1.7601355E+00 -3.1366852E-01 -2.6604858E+00 
      1023     -8.3893502E+00 -3.0222368E-01 -4.7354521E-01  3.1607300E-01 -1.1784709E+00 -9.5060341E-02 
      1023 SSD -2.9507432E+02 -4.1117707E+00  9.4745911E-01 -2.3388556E+00  8.4256145E+00  4.9707171E-01 
      1024     -8.3201433E+00 -3.1520723E-01 -3.7387548E-01  1.7849190E-01 -3.8825374E+00 -3.7960765E-03 
      1024 SSD -2.9520323E+02 -3.9900978E+00  1.4800948E+00 -4.8087194E-01  2.7537243E+01  4.8430164E-01 
      1025     -8.2754204E+00 -3.2253053E-01 -3.1032421E-01  8.2259521E-02 -6.6369737E+00  5.6946636E-02 
      1025 SSD -2.9504265E+02 -3.9248637E+00  2.2110052E+00  5.3704559E-01  4.6293224E+01  4.2881215E-01 
      1026     -8.2441691E+00 -3.2418253E-01 -2.4054670E-01 -2.4441060E-02 -8.6563338E+00  1.3188953E-01 
      1026 SSD -2.9471694E+02 -3.9466820E+00  2.8539511E+00  1.3048252E+00  5.9381077E+01 -9.7230604E-03 
      1027     -8.2484578E+00 -3.2368772E-01 -1.8703978E-01 -1.0478112E-01 -9.5087340E+00  1.7208361E-01 
      1027 SSD -2.9427253E+02 -4.0157209E+00  3.7115307E+00  1.4962632E+00  6.4422891E+01 -3.7847137E-01 
      1028     -8.2724410E+00 -3.2389299E-01 -1.4126050E-01 -1.4961604E-01 -9.0448557E+00  1.5247937E-01 
      1028 SSD -2.9391143E+02 -4.0632422E+00  4.8428678E+00  1.1805003E+00  6.1494730E+01 -7.2279106E-01 
      1029     -8.3324665E+00 -3.2458093E-01 -1.1369576E-01 -1.9526922E-01 -7.3157852E+00  1.3632876E-01 
      1029 SSD -2.9337159E+02 -4.0711700E+00  6.2523802E+00  9.3443284E-01  5.0725991E+01 -1.4778429E+00 
      1030     -8.3936219E+00 -3.2914546E-01 -8.2005310E-02 -1.2687965E-01 -4.7568980E+00  6.1225879E-03 
      1030 SSD -2.9297438E+02 -3.9863233E+00  7.7027497E+00  2.4167754E-01  3.3804696E+01 -9.2634217E-01 
      1031     -8.5507415E+00 -3.3136510E-01 -8.9824429E-02 -2.1473091E-01 -1.7173274E+00  8.4680960E-02 
      1031 SSD -2.9150108E+02 -3.9315619E+00  9.2074328E+00  6.6181922E-01  1.2531844E+01 -2.0833297E+00 
      1032     -8.4840041E+00  9.9137832E-02  7.5882291E-02  3.1027276E-01  1.1833769E+00  1.0076298E-01 
      1032 SSD -2.9383884E+02  6.9022788E+00  8.0305633E+00 -2.2833179E+00 -8.3568760E+00 -5.7730645E-01 
      1033     -8.3821783E+00  1.1108462E-01 -1.7406770E-02  1.8343196E-01  3.9061319E+00  4.3261588E-03 
      1033 SSD -2.9469640E+02  6.7854459E+00  7.4207708E+00 -5.1984092E-01 -2.7468006E+01 -5.2944742E-01 
      1034     -8.3084779E+00  1.1774109E-01 -7.9803798E-02  8.2497870E-02  6.6746558E+00 -5.4814786E-02 
      1034 SSD -2.9523627E+02  6.7229774E+00  6.6752793E+00  5.2344669E-01 -4.6170619E+01 -4.7375569E-01 
      1035     -8.2487392E+00  1.1939385E-01 -1.4741394E-01 -2.5304951E-02  8.6870546E+00 -1.3378371E-01 
      1035 SSD -2.9561397E+02  6.7404484E+00  6.0101756E+00  1.2935183E+00 -5.9090198E+01 -2.9476159E-02 
      1036     -8.2241964E+00  1.1914077E-01 -1.9950339E-01 -1.0625399E-01  9.5189415E+00 -1.6623932E-01 
      1036 SSD -2.9585231E+02  6.8098048E+00  5.1531173E+00  1.4941338E+00 -6.3885806E+01  3.1877681E-01 
      1037     -8.2201499E+00  1.1917933E-01 -2.4424857E-01 -1.5076732E-01  9.0297249E+00 -1.5285622E-01 
      1037 SSD -2.9622908E+02  6.8549731E+00  4.0125195E+00  1.1628573E+00 -6.0818128E+01  6.0229106E-01 
      1038     -8.2583446E+00  1.1918511E-01 -2.7177904E-01 -1.9752321E-01  7.2721223E+00 -1.4607292E-01 
      1038 SSD -2.9633253E+02  6.8783653E+00  2.6272827E+00  9.4232947E-01 -4.9892238E+01  1.5627346E+00 
      1039     -8.2938189E+00  1.2298337E-01 -3.0475560E-01 -1.2497101E-01  4.7120627E+00  2.6982472E-03 
      1039 SSD -2.9656475E+02  6.8068692E+00  1.1875748E+00  2.4284846E-01 -3.3063217E+01  8.3600254E-01 
      1040     -8.4070045E+00  1.2745791E-01 -2.8726553E-01 -2.1450881E-01  1.6998530E+00 -6.4207378E-02 
      1040 SSD -2.9591539E+02  6.7405432E+00 -3.6341906E-01  6.2872533E-01 -1.2250020E+01  1.8229080E+00 
      1041      9.7049779E+01 -9.2688808E-02 -1.2561486E-02  6.1337741E-03 -7.6935890E-02  1.1761542E+01 
      1041 SSD -8.8419704E+02  8.8708813E-01  8.7162838E+00  9.0718439E-02  2.4000831E+00 -5.5180847E+01 
      1042      2.1236898E+02 -1.0046593E-01 -5.8624312E-02  4.8101002E-03  1.5491077E-02  1.1615733E+01 
      1042 SSD -1.3616832E+03  1.1093177E+00  7.6534113E+00  1.0452989E-01  3.2527429E+00 -4.1073440E+01 
      1043      3.1497756E+02 -1.0414767E-01 -1.0396626E-01  4.7315593E-03  6.0907009E-02  9.1780249E+00 
      1043 SSD -1.6769009E+03  1.2633755E+00  6.5827769E+00  1.0538954E-01  3.9384440E+00 -2.1948436E+01 
      1044      3.8527810E+02 -1.0412330E-01 -1.4892574E-01  4.6678553E-03  5.6223531E-02  5.0641289E+00 
      1044 SSD -1.8066912E+03  1.3544893E+00  5.5120406E+00  1.0596586E-01  4.3285494E+00 -3.5716250E+00 
      1045      4.1015017E+02 -1.0195632E-01 -1.9386801E-01  4.6524191E-03 -1.7046684E-02 -2.6616846E-02 
      1045 SSD -1.8225725E+03  1.4086234E+00  4.4445404E+00  1.0607813E-01  1.4533166E-02  1.1942070E-01 
      1046      3.8479219E+02 -9.9874055E-02 -2.3892394E-01  4.6768850E-03 -9.0013263E-02 -5.1080090E+00 
      1046 SSD -1.8047200E+03  1.4634872E+00  3.3784030E+00  1.0585065E-01 -4.2778489E+00  3.7327126E+00 
      1047      3.1419503E+02 -1.0008969E-01 -2.8425508E-01  4.7572734E-03 -9.2157819E-02 -9.1918698E+00 
      1047 SSD -1.6741301E+03  1.5568323E+00  2.3119183E+00  1.0518215E-01 -3.8516801E+00  2.1936808E+01 
      1048      2.1164000E+02 -1.0410645E-01 -3.3039278E-01  4.8771762E-03 -3.6792410E-02 -1.1590016E+01 
      1048 SSD -1.3601258E+03  1.7148914E+00  1.2486114E+00  1.0410160E-01 -3.1682603E+00  4.0834821E+01 
      1049      9.6707362E+01 -1.1220439E-01 -3.7830520E-01  6.1763888E-03  7.0840038E-02 -1.1710572E+01 
      1049 SSD -8.8548069E+02  1.9421081E+00  1.9914241E-01  8.9795025E-02 -2.3672303E+00  5.4851696E+01 
      1050      3.8513186E+02 -5.3719271E-02 -1.9000798E-01  4.6323271E-03  5.0848384E+00  4.7840162E-02 
      1050 SSD -1.8064160E+03  2.4591123E+00  4.4895271E+00  1.0609388E-01 -3.5440538E+00  4.4096139E+00 
      1051      3.1464868E+02 -6.4194683E-03 -1.8828033E-01  4.5973752E-03  9.1973932E+00  6.2218317E-02 
      1051 SSD -1.6777346E+03  3.5145631E+00  4.5704727E+00  1.0603782E-01 -2.1826145E+01  3.8060303E+00 
      1052      2.1193868E+02  3.9256473E-02 -1.9001209E-01  4.5842162E-03  1.1621368E+01  4.4637797E-02 
      1052 SSD -1.3642962E+03  4.5809953E+00  4.7113509E+00  1.0545946E-01 -4.0903072E+01  2.6491996E+00 
      1053      9.6638871E+01  8.3567277E-02 -1.9526179E-01  5.6418463E-03  1.1749970E+01 -2.0604970E-02 
      1053 SSD -8.8704374E+02  5.6557276E+00  4.9141951E+00  9.4624878E-02 -5.5250958E+01  1.3276499E+00 
      1054      2.9343282E+02 -1.2336341E-02 -1.4059643E-01  4.6527808E-03  8.6644930E+00  3.9777158E+00 
      1054 SSD -1.6617004E+03  3.5249768E+00  5.5879063E+00  1.0500949E-01 -2.3380113E+01 -7.2878871E+00 
      1055      2.3748221E+02 -1.5908226E-02 -8.9267180E-02  4.5964084E-03  7.1755158E+00  7.1350200E+00 
      1055 SSD -1.5090694E+03  3.4998581E+00  6.5501193E+00  1.0666634E-01 -2.3484623E+01 -2.3177593E+01 
      1056      1.5737658E+02 -1.6184936E-02 -3.7468126E-02  4.3858820E-03  4.9791466E+00  8.9338149E+00 
      1056 SSD -1.2040317E+03  3.4270844E+00  7.5183449E+00  1.1087375E-01 -2.0039398E+01 -3.7826984E+01 
      1057      6.9329641E+01 -1.3539943E-02  1.1071589E-02  5.7438176E-03  2.4110398E+00  8.8392610E+00 
      1057 SSD -7.7846266E+02  3.3179130E+00  8.5669336E+00  1.1200749E-01 -1.2454467E+01 -4.7531627E+01 
      1058      2.9370663E+02 -5.7706082E-02 -9.5972112E-02  4.6130370E-03  3.9956910E+00  8.6278934E+00 
      1058 SSD -1.6623527E+03  2.3498500E+00  6.5553608E+00  1.0715954E-01 -7.2136262E+00 -2.3183987E+01 
      1059      3.6054447E+02 -5.6909004E-02 -1.4388321E-01  4.6413540E-03  4.8186476E+00  4.7947907E+00 
      1059 SSD -1.8046406E+03  2.4231773E+00  5.5352607E+00  1.0607439E-01 -5.1033715E+00 -5.0610455E+00 
      1060      1.9703614E+02 -5.4799516E-02 -4.7661590E-02  4.4658537E-03  2.7641694E+00  1.0876738E+01 
      1060 SSD -1.3411917E+03  2.2196016E+00  7.5776176E+00  1.1054890E-01 -7.1178495E+00 -4.1018166E+01 
      1061      8.9268695E+01 -4.8116225E-02 -1.0754700E-03  5.8463847E-03  1.2967631E+00  1.0933368E+01 
      1061 SSD -8.6749907E+02  2.0379570E+00  8.6415623E+00  1.0622545E-01 -4.6854311E+00 -5.4231335E+01 
      1062      6.8544765E+01  6.2830410E-02 -8.2928670E-02  5.2960043E-03  8.8939493E+00  2.4039449E+00 
      1062 SSD -7.6898124E+02  5.7802776E+00  6.6342784E+00  7.9649904E-02 -4.8233829E+01 -1.2666243E+01 
      1063      1.5701180E+02  2.3659360E-02 -8.4816802E-02  4.7789744E-03  8.9703555E+00  4.9404773E+00 
      1063 SSD -1.2003612E+03  4.6661635E+00  6.5781852E+00  1.0128043E-01 -3.8346222E+01 -1.9815631E+01 
      1064      8.8526881E+01  7.3482421E-02 -1.4380164E-01  5.6792632E-03  1.0948934E+01  1.3223366E+00 
      1064 SSD -8.6221744E+02  5.7188004E+00  5.8434618E+00  8.2817884E-02 -5.4529291E+01 -5.5232848E+00 
      1065      1.9647687E+02  3.0487376E-02 -1.4040813E-01  4.7709687E-03  1.0900626E+01  2.7569878E+00 
      1065 SSD -1.3387127E+03  4.6382820E+00  5.6903825E+00  1.0145327E-01 -4.1260133E+01 -7.4902060E+00 
      1066      1.2124568E+01  3.7493421E-02  4.4345030E-02  3.4654553E-03  2.9005946E+00  2.7251887E+00 
      1066 SSD -4.3854887E+02  5.9545128E+00  8.3128998E+00  1.2107327E-01 -2.0076047E+01 -1.8114375E+01 
      1067      4.0844106E+01  5.1410042E-02 -2.1120496E-02  4.1345840E-03  6.0142384E+00  2.9591337E+00 
      1067 SSD -6.1719460E+02  5.8530407E+00  7.4428974E+00  9.6735320E-02 -3.6321394E+01 -1.7605216E+01 
      1068      4.1568242E+01  2.1646713E-02  2.4432365E-02  5.5996195E-03  2.9579069E+00  5.8874175E+00 
      1068 SSD -6.2621001E+02  4.6126616E+00  8.4693993E+00  1.1109880E-01 -1.7789901E+01 -3.4903803E+01 
      1069      1.0135458E+02  2.0174320E-02 -2.8447485E-02  4.5576908E-03  6.1536577E+00  6.1100638E+00 
      1069 SSD -9.5074241E+02  4.6566725E+00  7.4742730E+00  1.0549290E-01 -3.0508294E+01 -2.9862675E+01 
      1070      7.2297547E+01  8.4221874E-03 -3.5131695E-01  5.1159762E-03  2.5434194E+00 -9.1629415E+00 
      1070 SSD -7.3945810E+02  3.6390352E+00  1.2084280E-02  8.6774336E-02 -1.4129079E+01  4.4482989E+01 
      1071      1.6276283E+02  1.0481352E-02 -3.0865508E-01  4.8307370E-03  4.9684228E+00 -9.1607465E+00 
      1071 SSD -1.1380619E+03  3.5359675E+00  1.1152612E+00  1.0245061E-01 -2.0348882E+01  3.7233325E+01 
      1072      2.4292962E+02  6.6563674E-03 -2.7038953E-01  4.5613166E-03  7.1706900E+00 -7.1941616E+00 
      1072 SSD -1.4316259E+03  3.4954696E+00  2.2993242E+00  1.0708700E-01 -2.3112579E+01  2.3623249E+01 
      1073      2.9682831E+02  5.0555334E-04 -2.3152650E-01  4.5183838E-03  8.6718360E+00 -3.9158521E+00 
      1073 SSD -1.6001638E+03  3.4950385E+00  3.4705530E+00  1.0757801E-01 -2.1980673E+01  1.1675144E+01 
      1074      1.9978382E+02 -4.9617148E-02 -3.1914464E-01  5.0222858E-03  2.7483955E+00 -1.0985659E+01 
      1074 SSD -1.2897993E+03  2.6769384E+00  1.1720208E+00  1.0094552E-01 -1.1528520E+01  3.9656166E+01 
      1075      9.0862787E+01 -5.5398292E-02 -3.6562021E-01  5.7591157E-03  1.4333573E+00 -1.1113114E+01 
      1075 SSD -8.4026661E+02  2.8670349E+00  1.1447615E-01  8.3044217E-02 -8.2607437E+00  5.1696640E+01 
      1076      2.9660113E+02 -4.8094729E-02 -2.7622689E-01  4.7470002E-03  3.8939165E+00 -8.6903632E+00 
      1076 SSD -1.5967423E+03  2.5547418E+00  2.2878139E+00  1.0484201E-01 -1.1506214E+01  2.2441075E+01 
      1077      3.6249466E+02 -5.0054499E-02 -2.3398836E-01  4.6403946E-03  4.7379754E+00 -4.7644963E+00 
      1077 SSD -1.7452075E+03  2.4910627E+00  3.4048987E+00  1.0613053E-01 -7.8787625E+00  8.0985169E+00 
      1078      4.6389748E+01  1.2752477E-01 -3.0322863E-01  3.7062827E-03  6.2273716E+00 -3.0180912E+00 
      1078 SSD -6.1334544E+02  5.3681488E+00  1.1559381E+00  1.2732461E-01 -3.2409694E+01  1.7113029E+01 
      1079      1.0804915E+02  7.0850526E-02 -3.0125129E-01  4.4083391E-03  6.2313921E+00 -6.3213579E+00 
      1079 SSD -9.0635254E+02  4.3896466E+00  1.1020737E+00  1.0980101E-01 -2.8276351E+01  2.9713586E+01 
      1080      1.5720739E+01  1.5302620E-01 -3.2199731E-01  8.0422942E-04  2.8224267E+00 -3.0281830E+00 
      1080 SSD -4.3862047E+02  5.1735206E+00 -1.8203047E-01  1.4372398E-01 -1.6143157E+01  1.8890583E+01 
      1081      4.5319041E+01  7.7845053E-02 -3.3080344E-01  2.8949218E-03  2.9721540E+00 -6.3297495E+00 
      1081 SSD -5.9811869E+02  4.3527951E+00 -1.1959912E-01  1.1194749E-01 -1.6304949E+01  3.3706561E+01 
      1082      7.3252328E+01  1.0708229E-01 -2.7183032E-01  4.6083581E-03  9.1581407E+00 -2.4743015E+00 
      1082 SSD -7.5599435E+02  5.5003128E+00  2.4928854E+00  1.2288986E-01 -4.4301319E+01  1.3589014E+01 
      1083      1.6326376E+02  5.9852371E-02 -2.6843633E-01  4.2188575E-03  9.0857867E+00 -4.9861542E+00 
      1083 SSD -1.1469340E+03  4.4470232E+00  2.3675434E+00  1.1299972E-01 -3.5999545E+01  2.0804295E+01 
      1084      9.1275877E+01  9.4600033E-02 -2.3894238E-01  5.3051808E-03  1.1127058E+01 -1.3680280E+00 
      1084 SSD -8.5049824E+02  5.5850105E+00  3.7910525E+00  1.0971142E-01 -5.1844242E+01  7.3042667E+00 
      1085      2.0022453E+02  4.9351778E-02 -2.3306049E-01  4.3280333E-03  1.0970419E+01 -2.7306810E+00 
      1085 SSD -1.2985392E+03  4.5112884E+00  3.5987153E+00  1.1073441E-01 -3.9151019E+01  1.1167125E+01 
      1086      9.6425047E+01 -2.8673889E-01 -1.9192057E-01  5.4009711E-03 -1.1722969E+01 -2.5443642E-03 
      1086 SSD -8.8833407E+02 -2.8530022E+00  3.9590474E+00  1.0068445E-01  5.5306323E+01 -1.1820487E+00 
      1087      2.1149000E+02 -2.4255926E-01 -1.9764018E-01  4.5423337E-03 -1.1599956E+01 -8.5155723E-02 
      1087 SSD -1.3652222E+03 -1.7744228E+00  4.1705036E+00  1.0711713E-01  4.0756380E+01 -2.4113086E+00 
      1088      3.1415031E+02 -1.9722829E-01 -1.9949823E-01  4.6074887E-03 -9.2059612E+00 -1.1279529E-01 
      1088 SSD -1.6777075E+03 -7.0260316E-01  4.3160504E+00  1.0616685E-01  2.1761088E+01 -3.5467831E+00 
      1089      3.8482132E+02 -1.5012526E-01 -1.9775949E-01  4.6233229E-03 -5.1124578E+00 -1.0023913E-01 
      1089 SSD -1.8061895E+03  3.5657008E-01  4.3991076E+00  1.0642896E-01  3.5509693E+00 -4.1660256E+00 
      1090      2.0013878E+02 -2.5256745E-01 -1.5416320E-01  4.2895388E-03 -1.0964122E+01  2.6970939E+00 
      1090 SSD -1.3008129E+03 -1.7029373E+00  5.2837208E+00  1.1213007E-01  3.9061486E+01 -1.1129805E+01 
      1091      1.6346401E+02 -2.6272010E-01 -1.1852557E-01  4.3387643E-03 -9.0925385E+00  4.9606153E+00 
      1091 SSD -1.1493008E+03 -1.6409879E+00  6.5200446E+00  1.1265280E-01  3.5991334E+01 -2.0819300E+01 
      1092      1.0834214E+02 -2.7297081E-01 -8.5859873E-02  4.6584574E-03 -6.2347720E+00  6.3289281E+00 
      1092 SSD -9.0730230E+02 -1.5900168E+00  7.7902867E+00  1.0741932E-01  2.8230302E+01 -2.9989652E+01 
      1093      4.5432795E+01 -2.7936909E-01 -5.6883508E-02  4.1814123E-03 -2.9787864E+00  6.3577733E+00 
      1093 SSD -5.9588613E+02 -1.5599907E+00  9.0212985E+00  1.0313250E-01  1.6310250E+01 -3.4064890E+01 
      1094      7.3396351E+01 -3.1135060E-01 -1.1466703E-01  4.4851187E-03 -9.1609758E+00  2.4657088E+00 
      1094 SSD -7.5777091E+02 -2.6877417E+00  6.3929471E+00  1.2425414E-01  4.4433968E+01 -1.3679801E+01 
      1095      9.1267898E+01 -2.9814115E-01 -1.4760988E-01  4.9415711E-03 -1.1118898E+01  1.3505625E+00 
      1095 SSD -8.5247465E+02 -2.7766936E+00  5.0827391E+00  1.1598147E-01  5.2021793E+01 -7.3114667E+00 
      1096      4.6566349E+01 -3.3116750E-01 -8.2582318E-02  3.5254018E-03 -6.2482871E+00  3.0225106E+00 
      1096 SSD -6.1372924E+02 -2.5610382E+00  7.7299495E+00  1.2666883E-01  3.2582221E+01 -1.7347710E+01 
      1097      1.5744379E+01 -3.5897690E-01 -6.0572654E-02  4.4432001E-04 -2.8386793E+00  3.0562520E+00 
      1097 SSD -4.3600920E+02 -2.3580113E+00  9.0530697E+00  1.4284382E-01  1.6247650E+01 -1.9280216E+01 
      1098      2.9709879E+02 -1.5553410E-01 -1.1165311E-01  4.7432050E-03 -3.9207689E+00  8.6707704E+00 
      1098 SSD -1.5989108E+03  2.6088984E-01  6.6051350E+00  1.0490238E-01  1.1547287E+01 -2.2466634E+01 
      1099      2.4322631E+02 -2.1014961E-01 -1.1694648E-01  4.5372213E-03 -7.1840273E+00  7.1710742E+00 
      1099 SSD -1.4337413E+03 -6.8234750E-01  6.5901911E+00  1.0754103E-01  2.3082515E+01 -2.3659123E+01 
      1100      3.6266800E+02 -1.5362634E-01 -1.5368786E-01  4.6244146E-03 -4.7671081E+00  4.7200474E+00 
      1100 SSD -1.7468211E+03  3.2438328E-01  5.4842535E+00  1.0649008E-01  7.9001270E+00 -7.9671895E+00 
      1101      2.9678933E+02 -2.0400048E-01 -1.5591872E-01  4.5188339E-03 -8.6855376E+00  3.8728671E+00 
      1101 SSD -1.6018662E+03 -6.8244140E-01  5.4158018E+00  1.0783290E-01  2.1943422E+01 -1.1568367E+01 
      1102      9.1114830E+01 -1.4826479E-01 -2.4517748E-02  5.7846771E-03 -1.4444310E+00  1.1151018E+01 
      1102 SSD -8.3851990E+02 -4.9485184E-02  8.8011782E+00  8.2311070E-02  8.3178047E+00 -5.1982158E+01 
      1103      2.0030749E+02 -1.5396907E-01 -6.9413071E-02  5.0367994E-03 -2.7676811E+00  1.1000571E+01 
      1103 SSD -1.2906884E+03  1.3887503E-01  7.7279731E+00  1.0045971E-01  1.1573880E+01 -3.9887541E+01 
      1104      7.2466562E+01 -2.1315082E-01 -3.6305052E-02  4.9998874E-03 -2.5478386E+00  9.1956983E+00 
      1104 SSD -7.3733450E+02 -8.1760135E-01  8.8848568E+00  8.7847513E-02  1.4144498E+01 -4.4798072E+01 
      1105      1.6313452E+02 -2.1428177E-01 -7.8957297E-02  4.7586424E-03 -4.9792766E+00  9.1677937E+00 
      1105 SSD -1.1387603E+03 -7.2062039E-01  7.7790866E+00  1.0327613E-01  2.0336309E+01 -3.7473890E+01 
      1106      4.1264243E+01 -2.2516199E-01 -4.1598299E-01  5.4074530E-03 -2.9459744E+00 -5.8423268E+00 
      1106 SSD -6.2655856E+02 -1.8158057E+00  4.4619633E-01  1.1510785E-01  1.7752339E+01  3.4666986E+01 
      1107      1.0061064E+02 -2.2397680E-01 -3.6199957E-01  4.5039484E-03 -6.1165368E+00 -6.0665134E+00 
      1107 SSD -9.4878320E+02 -1.8567767E+00  1.4300551E+00  1.0752354E-01  3.0312448E+01  2.9633621E+01 
      1108      1.5601715E+02 -2.2731050E-01 -3.0466021E-01  4.8017225E-03 -8.9274369E+00 -4.9367678E+00 
      1108 SSD -1.1972730E+03 -1.8643211E+00  2.3161797E+00  1.0172836E-01  3.8101619E+01  1.9845313E+01 
      1109      1.9564380E+02 -2.3391993E-01 -2.4801681E-01  4.7404016E-03 -1.0867904E+01 -2.7959974E+00 
      1109 SSD -1.3370958E+03 -1.8340737E+00  3.1949545E+00  1.0249170E-01  4.1079807E+01  7.7854460E+00 
      1110      4.0534538E+01 -2.5613548E-01 -3.6969421E-01  4.1495696E-03 -5.9620849E+00 -2.9386445E+00 
      1110 SSD -6.1716251E+02 -3.0556354E+00  1.4593611E+00  9.5198891E-02  3.6108653E+01  1.7514797E+01 
      1111      1.2054999E+01 -2.4529230E-01 -4.3719252E-01  4.2546124E-03 -2.8693037E+00 -2.6969511E+00 
      1111 SSD -4.3974365E+02 -3.1379368E+00  6.1290513E-01  1.1358262E-01  1.9961118E+01  1.7971092E+01 
      1112      6.8079211E+01 -2.6627066E-01 -3.0671821E-01  5.2164880E-03 -8.8272817E+00 -2.3981092E+00 
      1112 SSD -7.6829768E+02 -2.9868364E+00  2.2543431E+00  8.3472459E-02  4.7961970E+01  1.2674332E+01 
      1113      8.8111487E+01 -2.7655352E-01 -2.4440081E-01  5.4565916E-03 -1.0894046E+01 -1.3417507E+00 
      1113 SSD -8.6211891E+02 -2.9211251E+00  3.0328616E+00  8.7313723E-02  5.4370605E+01  5.6692573E+00 
      1114      1.9613098E+02 -1.5100639E-01 -3.4174345E-01  4.5748544E-03 -2.7788902E+00 -1.0836019E+01 
      1114 SSD -1.3387718E+03  6.0727740E-01  1.3258947E+00  1.0934444E-01  7.2152924E+00  4.0738670E+01 
      1115      1.5642646E+02 -1.8911837E-01 -3.5251474E-01  4.2793153E-03 -4.9754178E+00 -8.8828664E+00 
      1115 SSD -1.2011362E+03 -6.1144969E-01  1.3866600E+00  1.1301865E-01  2.0046644E+01  3.7527849E+01 
      1116      8.8888898E+01 -1.5900359E-01 -3.8928920E-01  5.9049914E-03 -1.2969645E+00 -1.0868305E+01 
      1116 SSD -8.6830775E+02  7.9786081E-01  2.6801325E-01  1.0487924E-01  4.7407511E+00  5.3861448E+01 
      1117      6.8948933E+01 -1.9264254E-01 -4.0108124E-01  5.3857612E-03 -2.4117576E+00 -8.7749473E+00 
      1117 SSD -7.7876239E+02 -4.9830176E-01  3.4136149E-01  1.1751680E-01  1.2515474E+01  4.7180905E+01 
      1118      3.5975235E+02 -1.4728045E-01 -2.4421025E-01  4.6511840E-03 -4.8466968E+00 -4.8390866E+00 
      1118 SSD -1.8021580E+03  3.9387029E-01  3.3557686E+00  1.0613016E-01  5.1574491E+00  5.2773520E+00 
      1119      2.9264637E+02 -1.4710443E-01 -2.9266918E-01  4.6606441E-03 -4.0218517E+00 -8.6355613E+00 
      1119 SSD -1.6586772E+03  4.7057476E-01  2.3410467E+00  1.0670110E-01  7.3206832E+00  2.3196804E+01 
      1120      2.9247185E+02 -1.9161535E-01 -2.4775423E-01  4.6698175E-03 -8.6696874E+00 -4.0219542E+00 
      1120 SSD -1.6590923E+03 -7.1321407E-01  3.3019526E+00  1.0506293E-01  2.3344474E+01  7.5638332E+00 
      1121      2.3628900E+02 -1.8858198E-01 -2.9988624E-01  4.6025510E-03 -7.1775888E+00 -7.1365871E+00 
      1121 SSD -1.5048757E+03 -6.8710060E-01  2.3468369E+00  1.0676749E-01  2.3491259E+01  2.3217603E+01 

