      NODE            V1             V2             V3             VR1            VR2            VR3
      1001     -1.0465505E+01 -3.5199515E-01  1.6842494E-01  1.2752357E-01  3.3215007E-01 -3.1618508E-01 
      1001 SSD -3.1477353E+02 -4.6378425E+00  1.0189079E+01 -1.1218517E+00 -2.0709249E+00  1.5170916E+00 
      1002     -1.0374040E+01 -4.0535670E-01  1.6020731E-01  3.7745824E-01 -3.0659210E-02  1.0424212E+00 
      1002 SSD -3.1550246E+02 -3.0171082E+00  1.0098090E+01 -2.1254670E+00  1.7079870E+00 -4.9314818E+00 
      1003     -1.0279029E+01 -2.6482347E-01  1.7984251E-01  1.0678970E-01 -1.1659226E-02  3.1841743E+00 
      1003 SSD -3.1628096E+02 -2.3291341E+00  9.9138112E+00  8.9304326E-02  9.3169822E-01 -1.7520172E+01 
      1004     -1.0254964E+01 -2.0970942E-01  1.7921156E-01  5.4882930E-02 -1.0513691E-01  5.1300404E+00 
      1004 SSD -3.1630944E+02 -1.4636726E+00  9.8841220E+00  7.7266688E-01  1.3731236E+00 -2.8582323E+01 
      1005     -1.0223343E+01 -1.3390778E-01  1.8244537E-01 -2.5420775E-02 -1.2990640E-01  6.4716549E+00 
      1005 SSD -3.1650791E+02 -6.6113217E-01  9.8773944E+00  1.2004622E+00  5.4787225E-01 -3.6432758E+01 
      1006     -1.0216663E+01 -6.9875080E-02  1.8360693E-01 -9.3531554E-02 -1.3953862E-01  6.8967847E+00 
      1006 SSD -3.1655607E+02  4.1099011E-01  9.9434721E+00  1.1560944E+00  1.8370034E-01 -3.9962728E+01 
      1007     -1.0232497E+01 -1.4099408E-02  1.8412188E-01 -1.3137669E-01 -1.1290927E-01  6.3432761E+00 
      1007 SSD -3.1678319E+02  1.7329844E+00  1.0000423E+01  7.5600876E-01 -2.5833541E-02 -3.8799401E+01 
      1008     -1.0280413E+01  2.8631732E-02  1.8274699E-01 -1.5270051E-01 -5.4073635E-02  4.9250746E+00 
      1008 SSD -3.1688845E+02  3.1804338E+00  1.0025714E+01  5.3758316E-01 -4.8005562E-01 -3.1977804E+01 
      1009     -1.0316974E+01  9.1600673E-02  1.9012380E-01 -9.4141505E-02 -4.2889664E-02  2.9831225E+00 
      1009 SSD -3.1717339E+02  4.5819633E+00  9.9364665E+00  6.2590665E-02 -1.3403942E-01 -2.0399462E+01 
      1010     -1.0438115E+01  1.0395247E-01  1.8881987E-01 -1.2464673E-01  1.7038649E-01  9.6933395E-01 
      1010 SSD -3.1631652E+02  6.1497656E+00  9.9065143E+00  6.4429054E-02 -1.4815832E+00 -6.9291002E+00 
      1011     -1.0452261E+01  1.7438352E-01  2.0778509E-01  1.8268625E-01 -5.3192077E-02 -1.8383795E-01 
      1011 SSD -3.1670286E+02  7.2822923E+00  9.6356790E+00 -1.5065250E+00  3.8889951E-01  1.7000771E+00 
      1012     -1.0411322E+01  1.9352494E-01 -3.7350551E-01  1.3015242E-01 -3.4268827E-01  2.9486567E-01 
      1012 SSD -3.1940998E+02  6.9631015E+00 -2.1802915E+00 -1.0242268E+00  2.1703862E+00 -1.3914961E+00 
      1013     -1.0316353E+01  2.5015148E-01 -3.6407357E-01  3.2469219E-01  3.1559214E-02 -1.0271120E+00 
      1013 SSD -3.1983351E+02  5.3002939E+00 -2.0943033E+00 -1.7731481E+00 -1.6868694E+00  4.8747947E+00 
      1014     -1.0220517E+01  1.2445103E-01 -3.7937036E-01  1.2246394E-01  1.1150148E-02 -3.1630157E+00 
      1014 SSD -3.2029185E+02  4.5351638E+00 -1.9386290E+00 -3.9993997E-02 -8.9114983E-01  1.7521933E+01 
      1015     -1.0195629E+01  5.6823669E-02 -3.7841562E-01  5.0636049E-02  1.0536469E-01 -5.1039617E+00 
      1015 SSD -3.2001394E+02  3.7545020E+00 -1.9125819E+00  8.3842551E-01 -1.3376546E+00  2.8588461E+01 
      1016     -1.0161816E+01 -1.4595868E-02 -3.8008337E-01 -2.4816030E-02  1.3032529E-01 -6.4362443E+00 
      1016 SSD -3.1990965E+02  2.9152195E+00 -1.9240734E+00  1.1546500E+00 -5.2588602E-01  3.6433284E+01 
      1017     -1.0153124E+01 -7.9778962E-02 -3.8057654E-01 -8.5283123E-02  1.4202524E-01 -6.8589126E+00 
      1017 SSD -3.1964731E+02  1.8803848E+00 -1.9960531E+00  1.0577814E+00 -1.5529199E-01  3.9999939E+01 
      1018     -1.0168172E+01 -1.4150340E-01 -3.8171616E-01 -1.2210758E-01  1.1243590E-01 -6.3107452E+00 
      1018 SSD -3.1957863E+02  5.7771507E-01 -2.0496432E+00  7.4479040E-01  6.8781128E-02  3.8799221E+01 
      1019     -1.0215428E+01 -1.8448483E-01 -3.8115790E-01 -1.6178649E-01  4.9045048E-02 -4.8882037E+00 
      1019 SSD -3.1939044E+02 -8.9789561E-01 -2.0733016E+00  5.5775252E-01  5.3781126E-01  3.1891168E+01 
      1020     -1.0246793E+01 -2.3760802E-01 -3.8746028E-01 -1.0323877E-01  4.5932770E-02 -2.9453501E+00 
      1020 SSD -3.1939101E+02 -2.3376428E+00 -1.9843418E+00  6.2104204E-02  1.5035945E-01  2.0288482E+01 
      1021     -1.0367492E+01 -2.6255296E-01 -3.8577746E-01 -9.8837506E-02 -1.6930972E-01 -9.6538082E-01 
      1021 SSD -3.1821561E+02 -3.8318822E+00 -1.9462770E+00 -4.3588874E-02  1.5080094E+00  6.9265672E+00 
      1022     -1.0378804E+01 -3.2166279E-01 -4.0134544E-01  1.4320142E-01  3.1680424E-02  2.0318779E-01 
      1022 SSD -3.1830027E+02 -5.0722937E+00 -1.7004594E+00 -1.2354762E+00 -2.0985162E-01 -1.9000113E+00 
      1023     -1.0309461E+01 -3.3683038E-01 -3.9067162E-01  2.2352724E-01 -8.4060614E-01 -7.0125519E-02 
      1023 SSD -3.1853188E+02 -4.9030362E+00 -2.4360968E-01 -1.5522322E+00  5.4366183E+00  2.6136970E-01 
      1024     -1.0255057E+01 -3.4574233E-01 -2.9746887E-01  1.3648847E-01 -2.7710064E+00  2.1748070E-03 
      1024 SSD -3.1848190E+02 -4.8146002E+00  5.4294965E-01 -1.7045329E-02  1.7673359E+01  4.8300338E-01 
      1025     -1.0216982E+01 -3.5071898E-01 -2.3038761E-01  7.1507254E-02 -4.7438423E+00  4.9634519E-02 
      1025 SSD -3.1820644E+02 -4.7676594E+00  1.4395408E+00  7.5103827E-01  2.9403701E+01  5.7745163E-01 
      1026     -1.0187918E+01 -3.5212282E-01 -1.5952742E-01 -4.2071168E-03 -6.1936551E+00  1.0417418E-01 
      1026 SSD -3.1780022E+02 -4.7935872E+00  2.2633591E+00  1.2482964E+00  3.7336407E+01  3.2863300E-01 
      1027     -1.0185683E+01 -3.5230244E-01 -9.9126955E-02 -6.5258234E-02 -6.8085591E+00  1.3024446E-01 
      1027 SSD -3.1736662E+02 -4.8610853E+00  3.2617469E+00  1.2306919E+00  4.0202542E+01  5.6167765E-02 
      1028     -1.0199028E+01 -3.5295218E-01 -4.2377067E-02 -1.0288634E-01 -6.4769818E+00  1.1114071E-01 
      1028 SSD -3.1706307E+02 -4.9094808E+00  4.5127295E+00  8.0120686E-01  3.8440299E+01 -3.4400239E-01 
      1029     -1.0239379E+01 -3.5356431E-01  2.8502571E-03 -1.4186710E-01 -5.2352117E+00  9.3108434E-02 
      1029 SSD -3.1667497E+02 -4.9195604E+00  5.9929108E+00  4.3596383E-01  3.2051127E+01 -1.1371675E+00 
      1030     -1.0282362E+01 -3.5610796E-01  5.2491848E-02 -9.6519521E-02 -3.4005027E+00 -3.9975244E-03 
      1030 SSD -3.1642782E+02 -4.8465563E+00  7.5284854E+00 -8.0992037E-02  2.1633768E+01 -9.1743648E-01 
      1031     -1.0389901E+01 -3.5705509E-01  7.0621346E-02 -1.6306442E-01 -1.2264891E+00  4.6139824E-02 
      1031 SSD -3.1536237E+02 -4.7959469E+00  9.0116541E+00  1.0610693E-01  8.1169865E+00 -1.8662492E+00 
      1032     -1.0371661E+01  1.8653530E-01  1.8837915E-01  2.1973194E-01  8.4590380E-01  7.3531583E-02 
      1032 SSD -3.1753814E+02  7.1551323E+00  8.2563840E+00 -1.5118901E+00 -5.3547598E+00 -3.2745823E-01 
      1033     -1.0301024E+01  1.9468762E-01  9.9357084E-02  1.4006955E-01  2.7922626E+00 -2.4172888E-03 
      1033 SSD -3.1813709E+02  7.0687194E+00  7.4101963E+00 -4.3129378E-02 -1.7540539E+01 -5.2706540E-01 
      1034     -1.0249362E+01  1.9918253E-01  3.3048153E-02  7.1508045E-02  4.7778520E+00 -4.8639452E-02 
      1034 SSD -3.1849264E+02  7.0228057E+00  6.5023214E+00  7.3788240E-01 -2.9179373E+01 -6.1720014E-01 
      1035     -1.0207149E+01  2.0055852E-01 -3.6327195E-02 -5.1255650E-03  6.2242678E+00 -1.0629064E-01 
      1035 SSD -3.1872109E+02  7.0445325E+00  5.6622628E+00  1.2348105E+00 -3.6959709E+01 -3.7267610E-01 
      1036     -1.0191357E+01  2.0094105E-01 -9.5620464E-02 -6.6604451E-02  6.8250789E+00 -1.2648639E-01 
      1036 SSD -3.1890143E+02  7.1129991E+00  4.6679242E+00  1.2244982E+00 -3.9631953E+01 -1.0179096E-01 
      1037     -1.0192288E+01  2.0144005E-01 -1.5165797E-01 -1.0406811E-01  6.4743109E+00 -1.1265729E-01 
      1037 SSD -3.1926752E+02  7.1586994E+00  3.4103484E+00  7.8042459E-01 -3.7795872E+01  2.2312354E-01 
      1038     -1.0224288E+01  2.0166114E-01 -1.9659932E-01 -1.4369539E-01  5.2106965E+00 -1.0029689E-01 
      1038 SSD -3.1947241E+02  7.1821563E+00  1.9540739E+00  4.3777602E-01 -3.1326054E+01  1.1958623E+00 
      1039     -1.0255591E+01  2.0374278E-01 -2.4713465E-01 -9.4984985E-02  3.3734970E+00  9.9612579E-03 
      1039 SSD -3.1979505E+02  7.1201873E+00  4.2589713E-01 -7.5044264E-02 -2.1006527E+01  8.4950802E-01 
      1040     -1.0338865E+01  2.0640602E-01 -2.5792651E-01 -1.6329392E-01  1.2158744E+00 -3.2905974E-02 
      1040 SSD -3.1944270E+02  7.0640866E+00 -1.0775777E+00  7.4073301E-02 -7.8788653E+00  1.6585643E+00 
      1041      6.6351342E+01 -7.3689806E-02  1.2641690E-01  6.6860589E-03 -3.4161336E-02  8.6618044E+00 
      1041 SSD -6.3928536E+02  6.3892238E-01  8.7188222E+00  1.0649608E-01  2.1851070E+00 -2.5199000E+01 
      1042      1.5182498E+02 -7.7466841E-02  6.9842274E-02  5.7959853E-03  4.2596542E-02  8.6668182E+00 
      1042 SSD -8.2272424E+02  8.4149768E-01  7.5361620E+00  1.1702749E-01  3.2490349E+00 -1.1446295E+01 
      1043      2.2863557E+02 -7.8693519E-02  1.3759537E-02  5.7441813E-03  7.4962952E-02  6.9026731E+00 
      1043 SSD -8.7638259E+02  9.8654928E-01  6.3476182E+00  1.1768987E-01  4.0331961E+00  1.4289412E+00 
      1044      2.8162600E+02 -7.7636401E-02 -4.1998510E-02  5.6997234E-03  6.3494739E-02  3.8358589E+00 
      1044 SSD -8.2737237E+02  1.0782210E+00  5.1599416E+00  1.1810471E-01  4.4121620E+00  9.2748031E+00 
      1045      3.0045468E+02 -7.5263407E-02 -9.7698327E-02  5.6887224E-03 -1.4436502E-02 -2.1813435E-02 
      1045 SSD -7.8017454E+02  1.1384488E+00  3.9754600E+00  1.1818114E-01 -3.0116402E-02  4.8202663E-02 
      1046      2.8122510E+02 -7.2946401E-02 -1.5347525E-01  5.7059281E-03 -9.1815855E-02 -3.8723373E+00 
      1046 SSD -8.2670138E+02  1.1991919E+00  2.7920326E+00  1.1801769E-01 -4.4496842E+00 -9.2312497E+00 
      1047      2.2798203E+02 -7.2045786E-02 -2.0948767E-01  5.7628753E-03 -1.0060136E-01 -6.9155552E+00 
      1047 SSD -8.7571682E+02  1.2924832E+00  1.6075990E+00  1.1755704E-01 -4.0274805E+00 -1.4799084E+00 
      1048      1.5119482E+02 -7.3479117E-02 -2.6613379E-01  5.8463366E-03 -5.9826455E-02 -8.6483796E+00 
      1048 SSD -8.2315216E+02  1.4406668E+00  4.2422752E-01  1.1679015E-01 -3.2192730E+00  1.1273805E+01 
      1049      6.6015088E+01 -7.7435552E-02 -3.2405115E-01  6.7135647E-03  2.9159205E-02 -8.6219065E+00 
      1049 SSD -6.4153657E+02  1.6473874E+00 -7.5004378E-01  1.0573435E-01 -2.1670251E+00  2.5005776E+01 
      1050      2.8152417E+02 -1.7116680E-02 -9.4337810E-02  5.6729940E-03  3.8494556E+00  5.6821402E-02 
      1050 SSD -8.2739808E+02  2.3143504E+00  4.0300413E+00  1.1814696E-01  9.3383748E+00  4.4693768E+00 
      1051      2.2841960E+02  4.0344710E-02 -9.2289722E-02  5.6441838E-03  6.9139263E+00  7.3426189E-02 
      1051 SSD -8.7776476E+02  3.4927862E+00  4.1151121E+00  1.1800505E-01  1.5751985E+00  3.9049200E+00 
      1052      1.5155688E+02  9.6626925E-02 -9.2351934E-02  5.6255864E-03  8.6691763E+00  5.7551057E-02 
      1052 SSD -8.2591302E+02  4.6779652E+00  4.2512746E+00  1.1739910E-01 -1.1281102E+01  2.7262916E+00 
      1053      6.6101163E+01  1.5187157E-01 -9.4563861E-02  6.3299057E-03  8.6552771E+00 -3.3238166E-03 
      1053 SSD -6.4267573E+02  5.8678611E+00  4.4404194E+00  1.0921409E-01 -2.5274888E+01  1.2679744E+00 
      1054      2.1223688E+02  3.5686596E-02 -3.4949316E-02  5.6796421E-03  6.5043174E+00  3.0076949E+00 
      1054 SSD -9.1528611E+02  3.4875981E+00  5.2567161E+00  1.1712278E-01 -1.3156232E+00  2.8051961E+00 
      1055      1.7019912E+02  3.2507739E-02  2.4720729E-02  5.6551533E-03  5.3638966E+00  5.3414185E+00 
      1055 SSD -9.0512707E+02  3.4529852E+00  6.3522938E+00  1.1863990E-01 -5.1997940E+00 -4.9745479E+00 
      1056      1.1054492E+02  3.1425861E-02  8.4868994E-02  5.5362484E-03  3.6935303E+00  6.6267871E+00 
      1056 SSD -8.0460534E+02  3.3791434E+00  7.4549821E+00  1.2231698E-01 -7.3489279E+00 -1.5002346E+01 
      1057      4.5745084E+01  3.2259331E-02  1.4332685E-01  6.6067508E-03  1.7623016E+00  6.4592056E+00 
      1057 SSD -6.0389259E+02  3.2762459E+00  8.6297280E+00  1.2689893E-01 -6.3133027E+00 -2.4960790E+01 
      1058      2.1240204E+02 -2.1612397E-02  1.9645566E-02  5.6707980E-03  3.0197635E+00  6.4833494E+00 
      1058 SSD -9.1543558E+02  2.1938432E+00  6.3405113E+00  1.1916403E-01  2.9082880E+00 -1.1908283E+00 
      1059      2.6277795E+02 -2.0112553E-02 -3.7928024E-02  5.6808659E-03  3.6503883E+00  3.6351387E+00 
      1059 SSD -8.8767206E+02  2.2697086E+00  5.1958390E+00  1.1815141E-01  7.0984685E+00  7.0957828E+00 
      1060      1.4012780E+02 -2.0789115E-02  7.7590159E-02  5.5898206E-03  2.0792835E+00  8.1024421E+00 
      1060 SSD -8.4088303E+02  2.0705036E+00  7.4883468E+00  1.2217560E-01 -1.1679609E-01 -1.3252907E+01 
      1061      6.0445075E+01 -1.7536384E-02  1.3462488E-01  6.6115979E-03  9.6534175E-01  8.0280601E+00 
      1061 SSD -6.4221420E+02  1.9052799E+00  8.6735086E+00  1.2128028E-01 -1.4018215E+00 -2.6332532E+01 
      1062      4.5315401E+01  1.3674103E-01  3.0283494E-02  5.9273865E-03  6.4951114E+00  1.7580412E+00 
      1062 SSD -5.9620578E+02  5.9388486E+00  6.4529152E+00  9.3298143E-02 -2.5509592E+01 -6.5251429E+00 
      1063      1.1035647E+02  8.5068514E-02  2.8360815E-02  5.7433444E-03  6.6438222E+00  3.6710950E+00 
      1063 SSD -8.0167095E+02  4.7227639E+00  6.3917795E+00  1.1371188E-01 -1.5446063E+01 -7.2027578E+00 
      1064      6.0025824E+01  1.4451039E-01 -3.5143405E-02  6.2552065E-03  8.0397839E+00  9.7697455E-01 
      1064 SSD -6.3845501E+02  5.9048325E+00  5.5041686E+00  9.7503468E-02 -2.6569765E+01 -2.1567914E+00 
      1065      1.3981009E+02  9.0224293E-02 -3.3899635E-02  5.7355096E-03  8.1137518E+00  2.0715800E+00 
      1065 SSD -8.3943810E+02  4.7124730E+00  5.3596270E+00  1.1387323E-01 -1.3450556E+01 -4.8893623E-01 
      1066      4.3361766E+00  1.1859706E-01  1.6671470E-01  4.9402010E-03  2.0705933E+00  1.9581874E+00 
      1066 SSD -4.0982590E+02  6.0477007E+00  8.4599944E+00  1.3016080E-01 -1.2679813E+01 -1.1164506E+01 
      1067      2.5095208E+01  1.2849299E-01  9.6730763E-02  5.1994555E-03  4.3535980E+00  2.1474777E+00 
      1067 SSD -5.1517748E+02  5.9820655E+00  7.4216812E+00  1.0742677E-01 -2.0957678E+01 -1.0045958E+01 
      1068      2.5525864E+01  8.2885067E-02  1.5274932E-01  6.4994668E-03  2.1388536E+00  4.2715904E+00 
      1068 SSD -5.2239991E+02  4.6646327E+00  8.5660356E+00  1.2561043E-01 -1.0249800E+01 -1.9869507E+01 
      1069      6.9206623E+01  8.2179964E-02  9.1386975E-02  5.6177675E-03  4.5188183E+00  4.4983377E+00 
      1069 SSD -6.9422187E+02  4.7044287E+00  7.4340085E+00  1.1735808E-01 -1.4801686E+01 -1.4248527E+01 
      1070      4.8497568E+01  5.3634427E-02 -3.0477188E-01  5.8576235E-03  1.8439256E+00 -6.7445620E+00 
      1070 SSD -5.5776116E+02  3.6575172E+00 -8.6696798E-01  1.0002556E-01 -7.6586835E+00  2.1151489E+01 
      1071      1.1540341E+02  5.4139656E-02 -2.5054089E-01  5.7885638E-03  3.6705184E+00 -6.8002277E+00 
      1071 SSD -7.2581816E+02  3.5593643E+00  3.4649843E-01  1.1497716E-01 -7.7118584E+00  1.3868712E+01 
      1072      1.7506933E+02  5.0623635E-02 -1.9889945E-01  5.6251581E-03  5.3481514E+00 -5.3687487E+00 
      1072 SSD -8.1497556E+02  3.5083603E+00  1.6300814E+00  1.1893828E-01 -4.8667813E+00  5.2820227E+00 
      1073      2.1528496E+02  4.5692914E-02 -1.4695478E-01  5.5962090E-03  6.5061332E+00 -2.9208708E+00 
      1073 SSD -8.4602893E+02  3.4915575E+00  2.9024886E+00  1.1933026E-01  7.4270220E-02  1.6700653E+00 
      1074      1.4268626E+02 -1.1361881E-02 -2.5814236E-01  5.9268311E-03  2.0170692E+00 -8.1895121E+00 
      1074 SSD -7.8329193E+02  2.5443683E+00  3.7645016E-01  1.1399099E-01 -4.5183546E+00  1.1648855E+01 
      1075      6.1940768E+01 -1.3912994E-02 -3.1495784E-01  6.3237306E-03  1.0294311E+00 -8.1898290E+00 
      1075 SSD -6.1131715E+02  2.7198928E+00 -8.0190994E-01  9.7937203E-02 -4.6114646E+00  2.3392165E+01 
      1076      2.1507186E+02 -1.1501554E-02 -2.0352070E-01  5.7499793E-03  2.8987609E+00 -6.5231666E+00 
      1076 SSD -8.4347802E+02  2.4255488E+00  1.6038852E+00  1.1718069E-01 -1.5800855E+00  3.0225995E-01 
      1077      2.6458644E+02 -1.3794956E-02 -1.4944615E-01  5.6790954E-03  3.5630071E+00 -3.5882787E+00 
      1077 SSD -8.2412861E+02  2.3562703E+00  2.8308878E+00  1.1819931E-01  4.1673196E+00 -4.0369199E+00 
      1078      2.9547233E+01  1.8377806E-01 -2.4609525E-01  5.1471988E-03  4.5700387E+00 -2.1968800E+00 
      1078 SSD -4.9709770E+02  5.6938127E+00  3.9954176E-01  1.3687487E-01 -1.6561931E+01  9.4126637E+00 
      1079      7.4977400E+01  1.1976294E-01 -2.4493581E-01  5.5302339E-03  4.5984746E+00 -4.6599466E+00 
      1079 SSD -6.3325418E+02  4.5695112E+00  3.5177192E-01  1.2119153E-01 -1.2429223E+01  1.3585856E+01 
      1080      7.2102514E+00  2.0194983E-01 -2.8373795E-01  3.0465953E-03  2.0580273E+00 -2.1932478E+00 
      1080 SSD -4.0066785E+02  5.5651334E+00 -9.8521325E-01  1.4591215E-01 -8.9803269E+00  1.1150562E+01 
      1081      2.8829914E+01  1.2495136E-01 -2.8994894E-01  4.3674214E-03  2.1642302E+00 -4.6379783E+00 
      1081 SSD -4.8498797E+02  4.5515854E+00 -9.4555246E-01  1.1952130E-01 -8.7558969E+00  1.7578203E+01 
      1082      4.9155666E+01  1.6890752E-01 -1.9817146E-01  5.8138042E-03  6.7451236E+00 -1.7999301E+00 
      1082 SSD -5.7126027E+02  5.7730329E+00  1.8192934E+00  1.3481864E-01 -2.0972530E+01  7.2834672E+00 
      1083      1.1576839E+02  1.1160440E-01 -1.9673610E-01  5.4152140E-03  6.7490214E+00 -3.6867678E+00 
      1083 SSD -7.3300237E+02  4.5977507E+00  1.7028974E+00  1.2396265E-01 -1.2870809E+01  8.0873251E+00 
      1084      6.2282306E+01  1.5991419E-01 -1.4970904E-01  6.2106803E-03  8.2042268E+00 -9.9265856E-01 
      1084 SSD -6.1983854E+02  5.8257250E+00  3.2031566E+00  1.2340630E-01 -2.3480966E+01  3.8221209E+00 
      1085      1.4306861E+02  1.0393795E-01 -1.4695625E-01  5.4760357E-03  8.1790399E+00 -2.0129351E+00 
      1085 SSD -7.9028094E+02  4.6345917E+00  3.0262930E+00  1.2199500E-01 -1.1210514E+01  4.1906379E+00 
      1086      6.5900603E+01 -3.0201206E-01 -1.0058584E-01  6.1982288E-03 -8.6310349E+00 -1.4632825E-02 
      1086 SSD -6.4454584E+02 -3.6037980E+00  3.4961358E+00  1.1464334E-01  2.5401782E+01 -1.1837447E+00 
      1087      1.5115889E+02 -2.4681630E-01 -1.0306820E-01  5.6095142E-03 -8.6529336E+00 -8.9430376E-02 
      1087 SSD -8.2803093E+02 -2.4102684E+00  3.6926143E+00  1.1894888E-01  1.1189311E+01 -2.5955961E+00 
      1088      2.2799216E+02 -1.9073545E-01 -1.0317338E-01  5.6540484E-03 -6.9221163E+00 -1.1399762E-01 
      1088 SSD -8.7905165E+02 -1.2205338E+00  3.8331132E+00  1.1816192E-01 -1.6634523E+00 -3.7795475E+00 
      1089      2.8126051E+02 -1.3337779E-01 -1.0108985E-01  5.6696057E-03 -3.8730436E+00 -9.9549067E-02 
      1089 SSD -8.2798725E+02 -3.8849061E-02  3.9203402E+00  1.1845928E-01 -9.4042188E+00 -4.3655866E+00 
      1090      1.4296627E+02 -2.5402726E-01 -4.8127110E-02  5.4606329E-03 -8.1752636E+00  1.9845027E+00 
      1090 SSD -7.9278515E+02 -2.3648646E+00  4.9192058E+00  1.2328518E-01  1.1136622E+01 -4.2421257E+00 
      1091      1.1591194E+02 -2.6142886E-01  1.9138361E-03  5.5091707E-03 -6.7555820E+00  3.6645474E+00 
      1091 SSD -7.3482903E+02 -2.3293081E+00  6.2483461E+00  1.2393269E-01  1.2842559E+01 -8.1725691E+00 
      1092      7.5222657E+01 -2.6905121E-01  5.0047060E-02  5.7042415E-03 -4.6029954E+00  4.6622500E+00 
      1092 SSD -6.3339723E+02 -2.3053279E+00  7.6038774E+00  1.1945196E-01  1.2371754E+01 -1.3843575E+01 
      1093      2.8969492E+01 -2.7383241E-01  9.4710943E-02  5.3056653E-03 -2.1704028E+00  4.6567361E+00 
      1093 SSD -4.8240564E+02 -2.2924065E+00  8.9090957E+00  1.1406012E-01  8.7417764E+00 -1.7863738E+01 
      1094      4.9255998E+01 -3.1979888E-01  3.6918329E-03  5.7354012E-03 -6.7458543E+00  1.7911294E+00 
      1094 SSD -5.7265392E+02 -3.5020593E+00  6.1312787E+00  1.3589686E-01  2.1097841E+01 -7.3991157E+00 
      1095      6.2248841E+01 -3.1027493E-01 -4.4944967E-02  5.9897142E-03 -8.1948398E+00  9.7764290E-01 
      1095 SSD -6.2184688E+02 -3.5570798E+00  4.7354541E+00  1.2871478E-01  2.3679750E+01 -3.8766133E+00 
      1096      2.9696709E+01 -3.3422929E-01  5.2185561E-02  4.9921446E-03 -4.5853816E+00  2.1972627E+00 
      1096 SSD -4.9699472E+02 -3.4265505E+00  7.5530511E+00  1.3569256E-01  1.6679426E+01 -9.6368506E+00 
      1097      7.2747962E+00 -3.5420694E-01  9.2292570E-02  2.7439493E-03 -2.0704397E+00  2.2111097E+00 
      1097 SSD -3.9795667E+02 -3.2956942E+00  8.9317842E+00  1.4415410E-01  9.0414365E+00 -1.1468541E+01 
      1098      2.1548679E+02 -1.3880393E-01  8.0394107E-03  5.7476656E-03 -2.9216830E+00  6.5052559E+00 
      1098 SSD -8.4428879E+02 -1.4941844E-01  6.3504563E+00  1.1722728E-01  1.5498611E+00 -3.8257281E-01 
      1099      1.7530635E+02 -2.0085859E-01  3.8080542E-03  5.6112067E-03 -5.3608228E+00  5.3479430E+00 
      1099 SSD -8.1627543E+02 -1.2344132E+00  6.3222095E+00  1.1933028E-01  4.7996388E+00 -5.3817059E+00 
      1100      2.6472255E+02 -1.3656543E-01 -4.5908130E-02  5.6702866E-03 -3.5879340E+00  3.5510292E+00 
      1100 SSD -8.2526423E+02 -8.0534037E-02  5.1202283E+00  1.1851481E-01 -4.2231697E+00  4.0491485E+00 
      1101      2.1523435E+02 -1.9594617E-01 -4.8252410E-02  5.5996215E-03 -6.5188052E+00  2.8848882E+00 
      1101 SSD -8.4782406E+02 -1.2182242E+00  5.0463995E+00  1.1958718E-01 -1.4951488E-01 -1.6782386E+00 
      1102      6.2203606E+01 -1.3636673E-01  1.1791058E-01  6.3376527E-03 -1.0384918E+00  8.2189915E+00 
      1102 SSD -6.0883451E+02 -4.4177128E-01  8.7728233E+00  9.7248735E-02  4.6392071E+00 -2.3576409E+01 
      1103      1.4314649E+02 -1.3889239E-01  6.2190632E-02  5.9329134E-03 -2.0335436E+00  8.1988180E+00 
      1103 SSD -7.8273155E+02 -2.6785113E-01  7.5831132E+00  1.1353527E-01  4.5124563E+00 -1.1842447E+01 
      1104      4.8689391E+01 -2.0474293E-01  1.0953353E-01  5.7771997E-03 -1.8483072E+00  6.7683823E+00 
      1104 SSD -5.5512656E+02 -1.3783548E+00  8.8260292E+00  1.0078601E-01  7.6609841E+00 -2.1379915E+01 
      1105      1.1572865E+02 -2.0458378E-01  5.5278442E-02  5.7406028E-03 -3.6809591E+00  6.8026884E+00 
      1105 SSD -7.2547989E+02 -1.2839068E+00  7.6099088E+00  1.1561414E-01  7.6685115E+00 -1.4092396E+01 
      1106      2.5249772E+01 -2.3335775E-01 -3.5092275E-01  6.3955515E-03 -2.1280703E+00 -4.2359734E+00 
      1106 SSD -5.2357255E+02 -2.4070306E+00 -5.9894187E-01  1.2918458E-01  1.0244895E+01  1.9750833E+01 
      1107      6.8586120E+01 -2.3285483E-01 -2.8878255E-01  5.6010371E-03 -4.4888500E+00 -4.4646611E+00 
      1107 SSD -6.9423473E+02 -2.4446120E+00  5.2488823E-01  1.1926566E-01  1.4704103E+01  1.4132446E+01 
      1108      1.0954099E+02 -2.3559996E-01 -2.2508370E-01  5.7677535E-03 -6.6097726E+00 -3.6678634E+00 
      1108 SSD -8.0120567E+02 -2.4606466E+00  1.5598203E+00  1.1422859E-01  1.5314428E+01  7.2421718E+00 
      1109      1.3911502E+02 -2.4055110E-01 -1.6208714E-01  5.7223166E-03 -8.0879094E+00 -2.1010225E+00 
      1109 SSD -8.4002332E+02 -2.4474588E+00  2.5857588E+00  1.1484053E-01  1.3355213E+01  6.8248812E-01 
      1110      2.4827296E+01 -2.7998039E-01 -2.9444421E-01  5.1970948E-03 -4.3113063E+00 -2.1313292E+00 
      1110 SSD -5.1597144E+02 -3.7273280E+00  5.3418388E-01  1.0595881E-01  2.0882243E+01  1.0008814E+01 
      1111      4.2553278E+00 -2.7234932E-01 -3.6580032E-01  5.4882839E-03 -2.0449525E+00 -1.9363052E+00 
      1111 SSD -4.1121838E+02 -3.7822631E+00 -4.8617487E-01  1.2469679E-01  1.2648334E+01  1.1095609E+01 
      1112      4.4925114E+01 -2.8722504E-01 -2.2720725E-01  5.9024847E-03 -6.4414310E+00 -1.7531542E+00 
      1112 SSD -5.9675466E+02 -3.6846292E+00  1.4925577E+00  9.6958178E-02  2.5412629E+01  6.5488118E+00 
      1113      5.9671148E+01 -2.9463722E-01 -1.6076820E-01  6.1226075E-03 -7.9946287E+00 -9.9145937E-01 
      1113 SSD -6.3946345E+02 -3.6454666E+00  2.4328817E+00  1.0144025E-01  2.6555528E+01  2.2530405E+00 
      1114      1.3935986E+02 -1.3112649E-01 -2.7416914E-01  5.6664348E-03 -2.0901571E+00 -8.0718937E+00 
      1114 SSD -8.4089336E+02  2.1096276E-01  4.7250007E-01  1.2126699E-01  1.7797055E-01  1.3078893E+01 
      1115      1.0975154E+02 -1.8309643E-01 -2.8188778E-01  5.4782838E-03 -3.6892103E+00 -6.5878769E+00 
      1115 SSD -8.0423696E+02 -1.1075710E+00  5.0581117E-01  1.2419461E-01  7.3681646E+00  1.4835450E+01 
      1116      6.0082891E+01 -1.3531078E-01 -3.3192513E-01  6.6508571E-03 -9.6470719E-01 -7.9769250E+00 
      1116 SSD -6.4407500E+02  3.8159496E-01 -7.0920113E-01  1.2010478E-01  1.4581638E+00  2.6134441E+01 
      1117      4.5394410E+01 -1.8458253E-01 -3.4034948E-01  6.3887706E-03 -1.7610873E+00 -6.4086113E+00 
      1117 SSD -6.0523141E+02 -1.0030235E+00 -6.6579899E-01  1.3148435E-01  6.3741035E+00  2.4778785E+01 
      1118      2.6212238E+02 -1.3064177E-01 -1.5773070E-01  5.6899125E-03 -3.6734168E+00 -3.6710545E+00 
      1118 SSD -8.8728785E+02  6.2329136E-03  2.7560796E+00  1.1823708E-01 -7.1172879E+00 -6.9973316E+00 
      1119      2.1152475E+02 -1.2959331E-01 -2.1568409E-01  5.7050371E-03 -3.0402229E+00 -6.4905803E+00 
      1119 SSD -9.1458032E+02  8.3827213E-02  1.6153092E+00  1.1883670E-01 -2.8678767E+00  1.1813182E+00 
      1120      2.1144190E+02 -1.8632585E-01 -1.6092663E-01  5.6946245E-03 -6.5087587E+00 -3.0423298E+00 
      1120 SSD -9.1521390E+02 -1.2163490E+00  2.6933555E+00  1.1722359E-01  1.2667054E+00 -2.6455105E+00 
      1121      1.6922136E+02 -1.8356488E-01 -2.2115787E-01  5.6631945E-03 -5.3647006E+00 -5.3428875E+00 
      1121 SSD -9.0408579E+02 -1.1821506E+00  1.6027213E+00  1.1876003E-01  5.2024267E+00  5.0091163E+00 

