      NODE            V1             V2             V3             VR1            VR2            VR3
      1001     -1.2839190E+01 -4.1123585E-01  2.9784348E-01  1.0170482E-01  2.7374280E-01 -2.6467384E-01 
      1001 SSD -3.4424696E+02 -5.5849134E+00  1.0641656E+01 -7.7767070E-01 -1.1729900E+00  6.7283849E-01 
      1002     -1.2766604E+01 -4.3603169E-01  2.8915861E-01  3.1271023E-01 -1.2327366E-02  8.7519647E-01 
      1002 SSD -3.4473826E+02 -4.1121317E+00  1.0528161E+01 -1.1211529E+00  1.6216373E+00 -2.1565080E+00 
      1003     -1.2690581E+01 -2.9557923E-01  3.0484456E-01  9.5643122E-02 -2.1955204E-03  2.6413264E+00 
      1003 SSD -3.4525630E+02 -3.0489358E+00  1.0397714E+01  3.8218964E-01  9.0424913E-01 -9.0093154E+00 
      1004     -1.2670925E+01 -2.2993547E-01  3.0388246E-01  5.6123999E-02 -8.0570371E-02  4.2440396E+00 
      1004 SSD -3.4522602E+02 -2.0378268E+00  1.0366189E+01  9.2223931E-01  1.0933566E+00 -1.4861010E+01 
      1005     -1.2646110E+01 -1.4621604E-01  3.0659969E-01 -1.0290708E-02 -1.0686940E-01  5.3407836E+00 
      1005 SSD -3.4534112E+02 -1.0322326E+00  1.0368594E+01  1.1344390E+00  2.0736356E-01 -1.9118343E+01 
      1006     -1.2642176E+01 -7.0760351E-02  3.0807312E-01 -6.9600557E-02 -1.1913171E-01  5.6762387E+00 
      1006 SSD -3.4537572E+02  2.0823078E-01  1.0437444E+01  9.0671170E-01 -1.8899830E-01 -2.1495415E+01 
      1007     -1.2658864E+01 -5.0984583E-04  3.0896239E-01 -1.0587841E-01 -9.9441228E-02  5.2032446E+00 
      1007 SSD -3.4564449E+02  1.6752739E+00  1.0495900E+01  4.0501965E-01 -3.3216465E-01 -2.1789560E+01 
      1008     -1.2702796E+01  5.9695762E-02  3.0793063E-01 -1.2783834E-01 -5.2460630E-02  4.0244029E+00 
      1008 SSD -3.4588024E+02  3.2342418E+00  1.0517647E+01  1.2437853E-01 -6.2921745E-01 -1.8759069E+01 
      1009     -1.2738646E+01  1.3783041E-01  3.1358098E-01 -8.1405217E-02 -3.9446871E-02  2.4285226E+00 
      1009 SSD -3.4625996E+02  4.8047260E+00  1.0449635E+01 -1.9123215E-01 -2.5541913E-01 -1.2390360E+01 
      1010     -1.2838448E+01  1.7212860E-01  3.1204629E-01 -1.0926757E-01  1.3454008E-01  7.8655438E-01 
      1010 SSD -3.4574479E+02  6.3986128E+00  1.0415212E+01 -2.7787051E-01 -1.0263587E+00 -4.3299116E+00 
      1011     -1.2855102E+01  2.5429401E-01  3.2620956E-01  1.4657495E-01 -4.2462067E-02 -1.4488751E-01 
      1011 SSD -3.4614895E+02  7.7197020E+00  1.0200923E+01 -1.0110451E+00  2.5145325E-01  1.1998088E+00 
      1012     -1.2853546E+01  2.6663377E-01 -3.8815310E-01  1.0522673E-01 -2.8193259E-01  2.4679237E-01 
      1012 SSD -3.4876765E+02  7.4511687E+00 -3.1496013E+00 -6.7351885E-01  1.2439081E+00 -6.0597121E-01 
      1013     -1.2773323E+01  2.9388017E-01 -3.7842165E-01  2.6928922E-01  1.3391755E-02 -8.6134675E-01 
      1013 SSD -3.4894110E+02  5.9461873E+00 -3.0378809E+00 -9.1126373E-01 -1.5978420E+00  2.1421454E+00 
      1014     -1.2691938E+01  1.6620455E-01 -3.9047245E-01  1.0836049E-01  2.1887045E-03 -2.6200585E+00 
      1014 SSD -3.4913400E+02  4.8481665E+00 -2.9239117E+00  2.9502718E-01 -8.6513100E-01  9.0722616E+00 
      1015     -1.2667051E+01  9.0133924E-02 -3.8926979E-01  5.3043820E-02  8.1175628E-02 -4.2166093E+00 
      1015 SSD -3.4879253E+02  3.8864308E+00 -2.8952078E+00  9.7654497E-01 -1.0571155E+00  1.4944569E+01 
      1016     -1.2635817E+01  1.0023465E-02 -3.9077227E-01 -1.0052825E-02  1.0753551E-01 -5.3036933E+00 
      1016 SSD -3.4859612E+02  2.8567269E+00 -2.9113473E+00  1.0904520E+00 -1.8396819E-01  1.9223131E+01 
      1017     -1.2625552E+01 -6.6089179E-02 -3.9172493E-01 -6.3221173E-02  1.2169876E-01 -5.6357512E+00 
      1017 SSD -3.4831223E+02  1.6495158E+00 -2.9843142E+00  8.3113340E-01  2.2434205E-01  2.1643355E+01 
      1018     -1.2637185E+01 -1.4147870E-01 -3.9315232E-01 -9.7780569E-02  9.9560557E-02 -5.1678717E+00 
      1018 SSD -3.4828043E+02  1.8505377E-01 -3.0413010E+00  4.1881046E-01  3.7407233E-01  2.1885102E+01 
      1019     -1.2676215E+01 -2.0227725E-01 -3.9284554E-01 -1.3549465E-01  4.8767588E-02 -3.9872100E+00 
      1019 SSD -3.4821843E+02 -1.4022810E+00 -3.0637021E+00  1.2006045E-01  6.7366852E-01  1.8778432E+01 
      1020     -1.2703161E+01 -2.7193115E-01 -3.9751445E-01 -8.9528309E-02  4.2494538E-02 -2.3927908E+00 
      1020 SSD -3.4829674E+02 -2.9835163E+00 -2.9930462E+00 -2.1659183E-01  2.8063422E-01  1.2385208E+01 
      1021     -1.2797762E+01 -3.1693021E-01 -3.9556020E-01 -8.7315481E-02 -1.3275824E-01 -7.8222325E-01 
      1021 SSD -3.4745940E+02 -4.5402717E+00 -2.9496888E+00 -3.1475268E-01  1.0561224E+00  4.3379626E+00 
      1022     -1.2807576E+01 -3.9012455E-01 -4.0689036E-01  1.1391019E-01  2.5321601E-02  1.5946522E-01 
      1022 SSD -3.4755166E+02 -5.9361980E+00 -2.7505779E+00 -8.4968530E-01 -1.3162606E-01 -1.3468631E+00 
      1023     -1.2748097E+01 -4.0165464E-01 -3.7461465E-01  1.8105861E-01 -6.8837564E-01 -5.9206755E-02 
      1023 SSD -3.4760270E+02 -5.8068814E+00 -1.2635899E+00 -9.6411219E-01  3.1870153E+00  7.7598681E-02 
      1024     -1.2698522E+01 -4.0866094E-01 -2.7616936E-01  1.2094263E-01 -2.2711257E+00  6.6966590E-03 
      1024 SSD -3.4740526E+02 -5.7424214E+00 -2.3094057E-01  3.5630789E-01  1.0246292E+01  4.9545317E-01 
      1025     -1.2661289E+01 -4.1250134E-01 -1.9934243E-01  7.0956601E-02 -3.8953722E+00  4.9279204E-02 
      1025 SSD -3.4702724E+02 -5.7086616E+00  8.4393549E-01  9.4497764E-01  1.6672946E+01  7.1269058E-01 
      1026     -1.2630916E+01 -4.1384671E-01 -1.2006050E-01  9.3209193E-03 -5.0920743E+00  9.4929069E-02 
      1026 SSD -3.4654353E+02 -5.7382822E+00  1.8563064E+00  1.2386814E+00  2.0709837E+01  6.0919441E-01 
      1027     -1.2623931E+01 -4.1446283E-01 -4.8222763E-02 -4.4344186E-02 -5.6020534E+00  1.1353878E-01 
      1027 SSD -3.4610447E+02 -5.8059917E+00  3.0161046E+00  1.0536596E+00  2.1929797E+01  4.0085922E-01 
      1028     -1.2630973E+01 -4.1546955E-01  2.2282835E-02 -8.0397923E-02 -5.3302843E+00  9.2870336E-02 
      1028 SSD -3.4583385E+02 -5.8564543E+00  4.4166514E+00  5.2460817E-01  2.1048463E+01 -5.5190679E-02 
      1029     -1.2661472E+01 -4.1609571E-01  8.4648420E-02 -1.1846203E-01 -4.3062387E+00  7.2245293E-02 
      1029 SSD -3.4555298E+02 -5.8686898E+00  6.0129051E+00  5.3723829E-02  1.7969862E+01 -8.9231459E-01 
      1030     -1.2695723E+01 -4.1752185E-01  1.5218884E-01 -8.4619909E-02 -2.7949453E+00 -1.1324503E-02 
      1030 SSD -3.4541638E+02 -5.8030051E+00  7.6794213E+00 -3.3980078E-01  1.2463787E+01 -9.3193932E-01 
      1031     -1.2779677E+01 -4.1766546E-01  1.9060216E-01 -1.4317956E-01 -1.0077791E+00  2.4492538E-02 
      1031 SSD -3.4464564E+02 -5.7540802E+00  9.2056563E+00 -3.3820381E-01  4.7937676E+00 -1.7385382E+00 
      1032     -1.2793347E+01  2.6360431E-01  2.8697680E-01  1.7828548E-01  6.9444619E-01  6.1291310E-02 
      1032 SSD -3.4677718E+02  7.6235001E+00  8.7664299E+00 -9.3419469E-01 -3.0903867E+00 -1.3480213E-01 
      1033     -1.2737532E+01  2.6997136E-01  1.9165968E-01  1.2396894E-01  2.2928733E+00 -7.5421225E-03 
      1033 SSD -3.4718761E+02  7.5589507E+00  7.6865195E+00  3.4008991E-01 -1.0053425E+01 -5.4038851E-01 
      1034     -1.2696321E+01  2.7341533E-01  1.1542634E-01  7.0785650E-02  3.9302068E+00 -4.9001752E-02 
      1034 SSD -3.4740741E+02  7.5249505E+00  6.6027455E+00  9.3171512E-01 -1.6352570E+01 -7.5003106E-01 
      1035     -1.2662394E+01  2.7472045E-01  3.7313014E-02  8.2680273E-03  5.1256229E+00 -9.7410177E-02 
      1035 SSD -3.4752592E+02  7.5504716E+00  5.5784167E+00  1.2227304E+00 -2.0244900E+01 -6.5886604E-01 
      1036     -1.2651409E+01  2.7553459E-01 -3.3539978E-02 -4.5760948E-02  5.6244784E+00 -1.1089102E-01 
      1036 SSD -3.4766816E+02  7.6197224E+00  4.4254298E+00  1.0435473E+00 -2.1309287E+01 -4.3718681E-01 
      1037     -1.2655869E+01  2.7639066E-01 -1.0349540E-01 -8.1732216E-02  5.3358411E+00 -9.5260919E-02 
      1037 SSD -3.4803598E+02  7.6671910E+00  3.0201795E+00  5.0051474E-01 -2.0406493E+01 -6.8899115E-02 
      1038     -1.2686857E+01  2.7677203E-01 -1.6540291E-01 -1.2020536E-01  4.2923326E+00 -7.8423364E-02 
      1038 SSD -3.4832960E+02  7.6914171E+00  1.4480415E+00  5.0368012E-02 -1.7308908E+01  9.3057760E-01 
      1039     -1.2718323E+01  2.7788286E-01 -2.3366257E-01 -8.3207274E-02  2.7773884E+00  1.5896123E-02 
      1039 SSD -3.4873620E+02  7.6351755E+00 -2.1344720E-01 -3.2991602E-01 -1.1909624E+01  8.7979769E-01 
      1040     -1.2789411E+01  2.7954455E-01 -2.6558395E-01 -1.4374751E-01  1.0007872E+00 -1.4937867E-02 
      1040 SSD -3.4861433E+02  7.5855174E+00 -1.7395627E+00 -3.7026902E-01 -4.5836464E+00  1.5670322E+00 
      1041      5.1494706E+01 -7.2081098E-02  2.3714948E-01  7.7859599E-03 -9.3703136E-03  7.3576182E+00 
      1041 SSD -4.6282466E+02  4.2545437E-01  9.0634715E+00  1.2405830E-01  2.0661371E+00 -1.9595364E+00 
      1042      1.2457363E+02 -7.3601733E-02  1.6713186E-01  7.1089523E-03  6.2517980E-02  7.4594220E+00 
      1042 SSD -4.1704548E+02  6.1749427E-01  7.7319412E+00  1.3228041E-01  3.3051825E+00  1.1783693E+01 
      1043      1.9088215E+02 -7.3370000E-02  9.7496035E-02  7.0707140E-03  8.7788000E-02  5.9843710E+00 
      1043 SSD -2.6508703E+02  7.5911853E-01  6.3958808E+00  1.3280746E-01  4.1573786E+00  1.9874803E+01 
      1044      2.3690031E+02 -7.1595112E-02  2.8175228E-02  7.0352433E-03  7.0213039E-02  3.3438987E+00 
      1044 SSD -7.4797463E+01  8.5368983E-01  5.0615298E+00  1.3310508E-01  4.5093896E+00  1.9458826E+01 
      1045      2.5330064E+02 -6.8934389E-02 -4.1057256E-02  7.0263577E-03 -1.4083209E-02 -2.1135048E-02 
      1045 SSD  2.2373149E+01  9.2047573E-01  3.7304379E+00  1.3315553E-01 -7.0072172E-02 -1.3852490E-02 
      1046      2.3650963E+02 -6.6313730E-02 -1.1035037E-01  7.0403192E-03 -9.7602658E-02 -3.3797074E+00 
      1046 SSD -7.5265525E+01  9.8763313E-01  2.4001747E+00  1.3303946E-01 -4.6251715E+00 -1.9518888E+01 
      1047      1.9023751E+02 -6.4648634E-02 -1.7987315E-01  7.0867566E-03 -1.1213206E-01 -5.9983912E+00 
      1047 SSD -2.6628587E+02  1.0834171E+00  1.0683250E+00  1.3273272E-01 -4.2222096E+00 -1.9964117E+01 
      1048      1.2393140E+02 -6.4548983E-02 -2.4997344E-01  7.1534289E-03 -7.8685706E-02 -7.4441559E+00 
      1048 SSD -4.1928981E+02  1.2276193E+00 -2.6418356E-01  1.3219449E-01 -3.3225221E+00 -1.1905870E+01 
      1049      5.1115415E+01 -6.6161364E-02 -3.2112661E-01  7.8075960E-03  4.6031547E-03 -7.3206353E+00 
      1049 SSD -4.6606981E+02  1.4233118E+00 -1.5911502E+00  1.2342090E-01 -2.0611509E+00  1.8794099E+00 
      1050      2.3680720E+02  2.3978647E-03 -3.7691032E-02  7.0120690E-03  3.3558587E+00  6.3625264E-02 
      1050 SSD -7.5052484E+01  2.2494552E+00  3.7937387E+00  1.3308127E-01  1.9547627E+01  4.5461975E+00 
      1051      1.9068846E+02  7.3150806E-02 -3.5211618E-02  6.9847559E-03  5.9937434E+00  8.3905028E-02 
      1051 SSD -2.6685652E+02  3.5791260E+00  3.8839147E+00  1.3286703E-01  2.0034129E+01  4.0256521E+00 
      1052      1.2433610E+02  1.4291286E-01 -3.4138239E-02  6.9608517E-03  7.4612288E+00  6.9247025E-02 
      1052 SSD -4.2060375E+02  4.9123250E+00  4.0193891E+00  1.3221996E-01  1.1941886E+01  2.8287621E+00 
      1053      5.1276187E+01  2.1175774E-01 -3.4505333E-02  7.4887520E-03  7.3522213E+00  7.3816632E-03 
      1053 SSD -4.6655396E+02  6.2474174E+00  4.2019417E+00  1.2591435E-01 -2.0358749E+00  1.2434464E+00 
      1054      1.7648763E+02  6.8965861E-02  3.5077516E-02  7.0093256E-03  5.6327157E+00  2.6194485E+00 
      1054 SSD -3.4699729E+02  3.5611599E+00  5.1767954E+00  1.3208385E-01  1.6071725E+01  1.0792009E+01 
      1055      1.4007669E+02  6.5819069E-02  1.0701650E-01  7.0031332E-03  4.6271261E+00  4.6118306E+00 
      1055 SSD -4.4911551E+02  3.5178961E+00  6.4298648E+00  1.3353136E-01  9.1583165E+00  9.3360939E+00 
      1056      8.8830223E+01  6.4157388E-02  1.7946919E-01  6.9339694E-03  3.1621740E+00  5.6711995E+00 
      1056 SSD -5.0871149E+02  3.4411037E+00  7.6911461E+00  1.3688276E-01  2.5486431E+00  2.8122524E+00 
      1057      3.3821862E+01  6.3904352E-02  2.5110959E-01  7.9049857E-03  1.4858397E+00  5.4425336E+00 
      1057 SSD -4.8229249E+02  3.3403196E+00  9.0197251E+00  1.4432126E-01 -1.5883886E+00 -7.5739989E+00 
      1058      1.7661808E+02 -2.7213065E-03  1.0254026E-01  7.0199677E-03  2.6305210E+00  5.6175801E+00 
      1058 SSD -3.4682949E+02  2.1165295E+00  6.4045343E+00  1.3408625E-01  1.0915999E+01  1.6153932E+01 
      1059      2.2037375E+02 -6.7866490E-04  3.2000967E-02  7.0193917E-03  3.1854321E+00  3.1726165E+00 
      1059 SSD -1.8470051E+02  2.1965415E+00  5.1081504E+00  1.3310609E-01  1.6771437E+01  1.6738101E+01 
      1060      1.1429183E+02 -3.1551450E-03  1.7345899E-01  6.9749861E-03  1.8036873E+00  6.9635655E+00 
      1060 SSD -4.6597939E+02  1.9953519E+00  7.7050125E+00  1.3686809E-01  5.3983387E+00  8.4938809E+00 
      1061      4.6325271E+01 -1.8491570E-03  2.4392027E-01  7.8434920E-03  8.2889786E-01  6.7989745E+00 
      1061 SSD -4.8131476E+02  1.8387387E+00  9.0402744E+00  1.3862904E-01  1.1600968E+00 -4.7553916E+00 
      1062      3.3555665E+01  1.9905679E-01  1.1262752E-01  7.0100674E-03  5.4691860E+00  1.4812889E+00 
      1062 SSD -4.7566700E+02  6.2773713E+00  6.5455720E+00  1.0887574E-01 -8.0141550E+00 -1.7991832E+00 
      1063      8.8717989E+01  1.3309984E-01  1.1047621E-01  7.0353924E-03  5.6789784E+00  3.1459014E+00 
      1063 SSD -5.0617208E+02  4.9257546E+00  6.4791308E+00  1.2884929E-01  2.4051287E+00  2.6475327E+00 
      1064      4.6035171E+01  2.0557343E-01  3.6941018E-02  7.3327249E-03  6.8081034E+00  8.3136356E-01 
      1064 SSD -4.7846744E+02  6.2643708E+00  5.4233616E+00  1.1402406E-01 -4.9452829E+00  4.5120489E-01 
      1065      1.1406165E+02  1.3755397E-01  3.6830151E-02  7.0283131E-03  6.9692590E+00  1.7933591E+00 
      1065 SSD -4.6514098E+02  4.9293547E+00  5.2823048E+00  1.2899903E-01  8.3170695E+00  5.0193543E+00 
      1066     -7.2562007E-01  1.8412986E-01  2.7000847E-01  6.4942711E-03  1.7010156E+00  1.6186373E+00 
      1066 SSD -3.9956301E+02  6.3368786E+00  8.9126266E+00  1.4311789E-01 -7.1027484E+00 -5.8946403E+00 
      1067      1.6549226E+01  1.9220596E-01  1.8946801E-01  6.5050575E-03  3.6317497E+00  1.7948193E+00 
      1067 SSD -4.4903796E+02  6.2981358E+00  7.6900773E+00  1.2101377E-01 -9.2212146E+00 -4.2636705E+00 
      1068      1.6839827E+01  1.3073752E-01  2.5875405E-01  7.8109666E-03  1.7825208E+00  3.5709446E+00 
      1068 SSD -4.5510374E+02  4.8623075E+00  8.9812448E+00  1.4274528E-01 -4.4993106E+00 -8.3620578E+00 
      1069      5.3629633E+01  1.3040714E-01  1.8493062E-01  6.9612771E-03  3.8287497E+00  3.8193280E+00 
      1069 SSD -5.0932242E+02  4.8998023E+00  7.6877668E+00  1.3214175E-01 -2.6500784E+00 -2.1425906E+00 
      1070      3.6648277E+01  8.6402667E-02 -3.0520720E-01  7.0191015E-03  1.5399817E+00 -5.7247016E+00 
      1070 SSD -4.2945601E+02  3.7806233E+00 -1.6552584E+00  1.1544630E-01 -2.7173585E+00  3.0870445E+00 
      1071      9.3713659E+01  8.5968660E-02 -2.3702484E-01  7.0847220E-03  3.1271390E+00 -5.8219946E+00 
      1071 SSD -4.1823735E+02  3.6838180E+00 -2.9982471E-01  1.3020695E-01  2.1082646E+00 -4.3611307E+00 
      1072      1.4492142E+02  8.2388733E-02 -1.7045624E-01  6.9766834E-03  4.6006299E+00 -4.6193976E+00 
      1072 SSD -3.4754265E+02  3.6230298E+00  1.1189351E+00  1.3372855E-01  9.4293655E+00 -9.0960269E+00 
      1073      1.7951502E+02  7.7878114E-02 -1.0376203E-01  6.9536959E-03  5.6288295E+00 -2.5120346E+00 
      1073 SSD -2.7080488E+02  3.5926268E+00  2.5274671E+00  1.3405038E-01  1.7439994E+01 -6.1778666E+00 
      1074      1.1689740E+02  9.5966187E-03 -2.4340790E-01  7.1991642E-03  1.7065828E+00 -7.0416323E+00 
      1074 SSD -4.0260011E+02  2.4953778E+00 -2.9033539E-01  1.2961239E-01  9.0151951E-01 -1.0288804E+01 
      1075      4.7859052E+01  8.9041599E-03 -3.1359098E-01  7.4055777E-03  8.5058321E-01 -6.9602516E+00 
      1075 SSD -4.4695414E+02  2.6636632E+00 -1.6182338E+00  1.1461707E-01 -1.8469510E+00  1.4488043E+00 
      1076      1.7930528E+02  8.3951536E-03 -1.7471159E-01  7.0715743E-03  2.4886895E+00 -5.6446928E+00 
      1076 SSD -2.6904445E+02  2.3761827E+00  1.0805615E+00  1.3231757E-01  6.1911187E+00 -1.7136576E+01 
      1077      2.2218803E+02  5.7313662E-03 -1.0652847E-01  7.0177411E-03  3.0880710E+00 -3.1138820E+00 
      1077 SSD -1.1738657E+02  2.3005610E+00  2.4495882E+00  1.3314620E-01  1.3670950E+01 -1.3624758E+01 
      1078      2.0662241E+01  2.3842885E-01 -2.3283115E-01  6.7070166E-03  3.8670835E+00 -1.8416126E+00 
      1078 SSD -4.1918110E+02  6.1598675E+00 -2.3601492E-01  1.5029950E-01 -4.3288047E+00  3.5107706E+00 
      1079      5.9265512E+01  1.6238512E-01 -2.3210559E-01  6.9126464E-03  3.9139496E+00 -3.9606360E+00 
      1079 SSD -4.3379802E+02  4.8675797E+00 -2.7987341E-01  1.3566870E-01 -1.2966502E-01  1.0805447E+00 
      1080      1.9207568E+00  2.5332779E-01 -2.8778013E-01  4.9639278E-03  1.7297164E+00 -1.8296744E+00 
      1080 SSD -3.8278290E+02  6.0806698E+00 -1.7161722E+00  1.5368094E-01 -3.4862352E+00  5.2473870E+00 
      1081      2.0124467E+01  1.6681237E-01 -2.9282645E-01  5.8867988E-03  1.8161960E+00 -3.9178094E+00 
      1081 SSD -4.0931465E+02  4.8643790E+00 -1.6935125E+00  1.3090045E-01 -2.9672033E+00  5.1457124E+00 
      1082      3.7146273E+01  2.2595232E-01 -1.6816840E-01  7.2748439E-03  5.7287064E+00 -1.5072425E+00 
      1082 SSD -4.4071740E+02  6.1987005E+00  1.3092201E+00  1.5006836E-01 -2.9004709E+00  2.4535897E+00 
      1083      9.4005601E+01  1.5541357E-01 -1.6793441E-01  6.8367045E-03  5.7832872E+00 -3.1421654E+00 
      1083 SSD -4.2412639E+02  4.8731815E+00  1.1970990E+00  1.3816760E-01  5.1866561E+00 -1.8021706E+00 
      1084      4.8151294E+01  2.1850870E-01 -1.0361140E-01  7.5034415E-03  6.9754975E+00 -8.2861947E-01 
      1084 SSD -4.5406772E+02  6.2271724E+00  2.8194030E+00  1.3972986E-01 -1.4815572E+00  1.1596873E+00 
      1085      1.1724672E+02  1.4898667E-01 -1.0271636E-01  6.8695630E-03  7.0347194E+00 -1.7100952E+00 
      1085 SSD -4.0809298E+02  4.8890070E+00  2.6506603E+00  1.3638327E-01  1.0678166E+01 -1.2255137E+00 
      1086      5.1065271E+01 -3.4946049E-01 -4.7540495E-02  7.4173736E-03 -7.3274027E+00 -2.3723975E-02 
      1086 SSD -4.6899117E+02 -4.4184274E+00  3.2453297E+00  1.3095869E-01  2.2304946E+00 -1.2097478E+00 
      1087      1.2393336E+02 -2.8060790E-01 -4.8072170E-02  6.9606279E-03 -7.4468864E+00 -9.8778983E-02 
      1087 SSD -4.2383354E+02 -3.0797389E+00  3.4344082E+00  1.3371965E-01 -1.1989464E+01 -2.7879000E+00 
      1088      1.9026696E+02 -2.1096354E-01 -4.6991160E-02  6.9953670E-03 -6.0024648E+00 -1.2228464E-01 
      1088 SSD -2.6933258E+02 -1.7424812E+00  3.5740795E+00  1.3305060E-01 -2.0145396E+01 -4.0145244E+00 
      1089      2.3654930E+02 -1.4025688E-01 -4.4457069E-02  7.0122184E-03 -3.3790284E+00 -1.0479413E-01 
      1089 SSD -7.6373468E+01 -4.0981625E-01  3.6665093E+00  1.3338352E-01 -1.9679064E+01 -4.5636612E+00 
      1090      1.1712650E+02 -2.8656217E-01  2.0801894E-02  6.8682128E-03 -7.0324825E+00  1.6820698E+00 
      1090 SSD -4.1087901E+02 -3.0541043E+00  4.8055431E+00  1.3762044E-01 -1.0742187E+01  1.0948252E+00 
      1091      9.4131106E+01 -2.9274968E-01  8.6295407E-02  6.9226277E-03 -5.7907834E+00  3.1197582E+00 
      1091 SSD -4.2553893E+02 -3.0387296E+00  6.2654182E+00  1.3839445E-01 -5.2349927E+00  1.6530578E+00 
      1092      5.9510414E+01 -2.9926824E-01  1.5044606E-01  7.0524615E-03 -3.9201849E+00  3.9595556E+00 
      1092 SSD -4.3322951E+02 -3.0357474E+00  7.7466035E+00  1.3440043E-01  5.7401002E-02 -1.3327382E+00 
      1093      2.0302558E+01 -3.0336700E-01  2.1094045E-01  6.6802968E-03 -1.8230389E+00  3.9323492E+00 
      1093 SSD -4.0630685E+02 -3.0362036E+00  9.1672048E+00  1.2799523E-01  2.9341474E+00 -5.3794310E+00 
      1094      3.7229869E+01 -3.6424453E-01  8.6815888E-02  7.2212196E-03 -5.7283569E+00  1.4973241E+00 
      1094 SSD -4.4182609E+02 -4.3648872E+00  6.1534214E+00  1.5095596E-01  3.0234393E+00 -2.5952934E+00 
      1095      4.8099008E+01 -3.5635234E-01  2.2002945E-02  7.3572985E-03 -6.9645124E+00  8.1366428E-01 
      1095 SSD -4.5617325E+02 -4.3942460E+00  4.6310944E+00  1.4440285E-01  1.7056752E+00 -1.2567935E+00 
      1096      2.0811969E+01 -3.7636155E-01  1.5202428E-01  6.5553210E-03 -3.8804760E+00  1.8392629E+00 
      1096 SSD -4.1864467E+02 -4.3284544E+00  7.7023249E+00  1.4865886E-01  4.4036181E+00 -3.7343675E+00 
      1097      2.0235937E+00 -3.9290829E-01  2.0916295E-01  4.6750561E-03 -1.7410121E+00  1.8423669E+00 
      1097 SSD -3.7986604E+02 -4.2520543E+00  9.1834154E+00  1.5117255E-01  3.5123679E+00 -5.5170172E+00 
      1098      1.7971811E+02 -1.4605657E-01  9.2536285E-02  7.0700577E-03 -2.5114230E+00  5.6256750E+00 
      1098 SSD -2.6865446E+02 -5.3529459E-01  6.3834081E+00  1.3235399E-01 -6.2858421E+00  1.7003834E+01 
      1099      1.4515148E+02 -2.2002253E-01  8.8599298E-02  6.9682837E-03 -4.6144768E+00  4.5977110E+00 
      1099 SSD -3.4814979E+02 -1.7841502E+00  6.3439971E+00  1.3408137E-01 -9.5336167E+00  8.9361204E+00 
      1100      2.2231958E+02 -1.4346108E-01  2.4444974E-02  7.0129148E-03 -3.1127206E+00  3.0771484E+00 
      1100 SSD -1.1812003E+02 -4.6028550E-01  5.0115606E+00  1.3343409E-01 -1.3796632E+01  1.3531346E+01 
      1101      1.7945708E+02 -2.1554865E-01  2.1780429E-02  6.9593720E-03 -5.6422700E+00  2.4767196E+00 
      1101 SSD -2.7272707E+02 -1.7544925E+00  4.9318243E+00  1.3431537E-01 -1.7551998E+01  6.0680848E+00 
      1102      4.8168315E+01 -1.4647742E-01  2.3015696E-01  7.4131239E-03 -8.5938467E-01  6.9869571E+00 
      1102 SSD -4.4367896E+02 -8.2055409E-01  9.0942472E+00  1.1394942E-01  1.8490739E+00 -1.5501471E+00 
      1103      1.1737572E+02 -1.4718682E-01  1.6085304E-01  7.2002023E-03 -1.7230372E+00  7.0480153E+00 
      1103 SSD -4.0069530E+02 -6.5387208E-01  7.7581756E+00  1.2916801E-01 -9.5400451E-01  1.0120181E+01 
      1104      3.6885120E+01 -2.2473452E-01  2.2328310E-01  6.9556115E-03 -1.5451393E+00  5.7452329E+00 
      1104 SSD -4.2623491E+02 -1.9387514E+00  9.1245765E+00  1.1598062E-01  2.7058186E+00 -3.2484724E+00 
      1105      9.4051777E+01 -2.2375801E-01  1.5504839E-01  7.0487017E-03 -3.1387783E+00  5.8215564E+00 
      1105 SSD -4.1694407E+02 -1.8439047E+00  7.7663816E+00  1.3071132E-01 -2.1827885E+00  4.1433235E+00 
      1106      1.6548726E+01 -2.6876929E-01 -3.4321485E-01  7.7593437E-03 -1.7710101E+00 -3.5380406E+00 
      1106 SSD -4.5706672E+02 -3.0403687E+00 -1.5120869E+00  1.4608205E-01  4.5260892E+00  8.3425919E+00 
      1107      5.3024302E+01 -2.6861233E-01 -2.6874572E-01  6.9685242E-03 -3.8001560E+00 -3.7891541E+00 
      1107 SSD -5.1107916E+02 -3.0762722E+00 -2.2447829E-01  1.3401265E-01  2.6371033E+00  2.1189559E+00 
      1108      8.7937926E+01 -2.7115927E-01 -1.9375085E-01  7.0637281E-03 -5.6471400E+00 -3.1429135E+00 
      1108 SSD -5.0798518E+02 -3.0995882E+00  9.7883267E-01  1.2943729E-01 -2.4412116E+00 -2.5994290E+00 
      1109      1.1338848E+02 -2.7540289E-01 -1.1951390E-01  7.0260471E-03 -6.9452953E+00 -1.8195057E+00 
      1109 SSD -4.6766922E+02 -3.0997920E+00  2.1715059E+00  1.2993364E-01 -8.3408926E+00 -4.9074810E+00 
      1110      1.6280430E+01 -3.3124498E-01 -2.7359087E-01  6.4932286E-03 -3.5915228E+00 -1.7801058E+00 
      1110 SSD -4.5058640E+02 -4.4820179E+00 -2.3064607E-01  1.1956783E-01  9.2639663E+00  4.2709722E+00 
      1111     -8.2491067E-01 -3.2511919E-01 -3.5520483E-01  6.9340601E-03 -1.6762520E+00 -1.5988991E+00 
      1111 SSD -4.0119115E+02 -4.5165958E+00 -1.4393120E+00  1.3914461E-01  7.1436936E+00  5.8867059E+00 
      1112      3.3176153E+01 -3.3718298E-01 -1.9613573E-01  7.0209679E-03 -5.4186701E+00 -1.4766713E+00 
      1112 SSD -4.7730692E+02 -4.4589846E+00  9.0582326E-01  1.1250066E-01  8.0665156E+00  1.8364113E+00 
      1113      4.5685895E+01 -3.4331754E-01 -1.1963478E-01  7.2487522E-03 -6.7648755E+00 -8.4401025E-01 
      1113 SSD -4.8047143E+02 -4.4399462E+00  2.0224507E+00  1.1760094E-01  5.0568924E+00 -3.9433909E-01 
      1114      1.1352556E+02 -1.3588384E-01 -2.5654288E-01  7.0379389E-03 -1.8127581E+00 -6.9369851E+00 
      1114 SSD -4.6817645E+02 -1.5366777E-01 -2.3757886E-01  1.3618130E-01 -5.3656388E+00 -8.5840295E+00 
      1115      8.8052782E+01 -2.0310594E-01 -2.6293682E-01  6.9036799E-03 -3.1565501E+00 -5.6367302E+00 
      1115 SSD -5.1058324E+02 -1.6085859E+00 -2.2496721E-01  1.3860600E-01 -2.5153649E+00 -2.8722325E+00 
      1116      4.5926156E+01 -1.3794506E-01 -3.2763985E-01  7.8746622E-03 -8.2746354E-01 -6.7516734E+00 
      1116 SSD -4.8423290E+02  5.7525814E-03 -1.5714450E+00  1.3757885E-01 -1.1010597E+00  4.7006194E+00 
      1117      3.3446460E+01 -2.0340777E-01 -3.3457466E-01  7.7612866E-03 -1.4828276E+00 -5.3958556E+00 
      1117 SSD -4.8464415E+02 -1.5079281E+00 -1.5505449E+00  1.4830710E-01  1.6541754E+00  7.5330286E+00 
      1118      2.1973889E+02 -1.3740621E-01 -1.1433617E-01  7.0290407E-03 -3.2071831E+00 -3.2070789E+00 
      1118 SSD -1.8615781E+02 -3.5718170E-01  2.3530041E+00  1.3321969E-01 -1.6853538E+01 -1.6741206E+01 
      1119      1.7576543E+02 -1.3573903E-01 -1.8517894E-01  7.0489540E-03 -2.6488803E+00 -5.6257143E+00 
      1119 SSD -3.4845012E+02 -2.7667692E-01  1.0594374E+00  1.3385952E-01 -1.0930849E+01 -1.6185593E+01 
      1120      1.7572137E+02 -2.0701180E-01 -1.1762017E-01  7.0244847E-03 -5.6368430E+00 -2.6514948E+00 
      1120 SSD -3.4914742E+02 -1.7261922E+00  2.2819408E+00  1.3222718E-01 -1.6132403E+01 -1.0729261E+01 
      1121      1.3913881E+02 -2.0423682E-01 -1.9001015E-01  7.0134675E-03 -4.6267364E+00 -4.6137705E+00 
      1121 SSD -4.5081475E+02 -1.6844603E+00  1.0322325E+00  1.3367566E-01 -9.1564771E+00 -9.3070770E+00 

