      NODE            V1             V2             V3             VR1            VR2            VR3
      1001     -2.7595547E+01 -8.9902540E-01  8.0875683E-01  1.0224275E-01  2.9937788E-01 -2.9990508E-01 
      1001 SSD -4.8850472E+02 -1.0046874E+01  1.4237314E+01  5.1632859E-02  1.0939717E+00 -1.5290194E+00 
      1002     -2.7526642E+01 -8.6296279E-01  7.9375187E-01  3.4513964E-01  2.1021932E-02  1.0009030E+00 
      1002 SSD -4.8844190E+02 -8.6256064E+00  1.4044209E+01  1.4554895E+00  1.5997876E+00  5.0937142E+00 
      1003     -2.7450436E+01 -6.3032037E-01  8.0963589E-01  1.2736706E-01  1.7709164E-02  2.9346820E+00 
      1003 SSD -4.8834825E+02 -6.2385182E+00  1.4041027E+01  1.2452776E+00  9.4068149E-01  1.2793475E+01 
      1004     -2.7431515E+01 -4.9174710E-01  8.0729592E-01  9.2433170E-02 -7.1499601E-02  4.6830428E+00 
      1004 SSD -4.8817242E+02 -4.5362472E+00  1.3999813E+01  1.4703911E+00  4.7659516E-01  2.0129988E+01 
      1005     -2.7409320E+01 -3.3038995E-01  8.1041865E-01  1.9328830E-02 -1.1392624E-01  5.8538892E+00 
      1005 SSD -4.8810090E+02 -2.6816488E+00  1.4026655E+01  1.1280229E+00 -6.4377272E-01  2.4835954E+01 
      1006     -2.7411369E+01 -1.7508014E-01  8.1327746E-01 -5.3749069E-02 -1.4047716E-01  6.1806954E+00 
      1006 SSD -4.8813182E+02 -6.6257673E-01  1.4110078E+01  3.9035708E-01 -1.1917836E+00  2.5178758E+01 
      1007     -2.7440130E+01 -2.1409636E-02  8.1550241E-01 -1.0711899E-01 -1.2675822E-01  5.6236509E+00 
      1007 SSD -4.8856172E+02  1.5480688E+00  1.4179859E+01 -4.4651614E-01 -1.2083058E+00  2.0985997E+01 
      1008     -2.7501312E+01  1.2354401E-01  8.1465271E-01 -1.4477034E-01 -7.9467763E-02  4.3100673E+00 
      1008 SSD -4.8919350E+02  3.7785683E+00  1.4195349E+01 -9.5757768E-01 -1.1296349E+00  1.4288798E+01 
      1009     -2.7556461E+01  2.9216779E-01  8.1982882E-01 -9.8699767E-02 -5.5031371E-02  2.5766331E+00 
      1009 SSD -4.8990406E+02  6.1806716E+00  1.4174292E+01 -8.9796862E-01 -6.2803707E-01  7.5211726E+00 
      1010     -2.7669063E+01  4.0527712E-01  8.1656472E-01 -1.3855262E-01  1.3224025E-01  8.2616126E-01 
      1010 SSD -4.9025442E+02  8.2188388E+00  1.4121916E+01 -1.2536149E+00  5.6482617E-02  2.0966178E+00 
      1011     -2.7697505E+01  5.7209909E-01  8.2896346E-01  1.5249519E-01 -4.1690151E-02 -1.4258486E-01 
      1011 SSD -4.9078293E+02  1.0389511E+01  1.4028871E+01  1.9709490E-01 -8.6151319E-02  2.2225018E-02 
      1012     -2.7805974E+01  5.7578101E-01 -7.0611768E-01  1.0985883E-01 -3.0646571E-01  2.7853548E-01 
      1012 SSD -4.9372550E+02  1.0210622E+01 -6.8717547E+00  1.9106022E-01 -1.0865303E+00  1.4403771E+00 
      1013     -2.7713601E+01  5.4187333E-01 -6.8985361E-01  2.9734718E-01 -1.9347789E-02 -9.7916407E-01 
      1013 SSD -4.9323457E+02  8.7792785E+00 -6.6720333E+00  1.3067318E+00 -1.5649256E+00 -4.9752944E+00 
      1014     -2.7616703E+01  3.2537030E-01 -7.0150523E-01  1.4083235E-01 -1.6936245E-02 -2.8908182E+00 
      1014 SSD -4.9272540E+02  6.4690004E+00 -6.6548468E+00  1.2611025E+00 -8.9960305E-01 -1.2494024E+01 
      1015     -2.7577447E+01  1.7504695E-01 -6.9898536E-01  9.0594053E-02  7.2852136E-02 -4.6197950E+00 
      1015 SSD -4.9214997E+02  4.7286371E+00 -6.6148172E+00  1.5030002E+00 -4.3299172E-01 -1.9718712E+01 
      1016     -2.7533449E+01  1.7942122E-02 -7.0095765E-01  1.9468668E-02  1.1521978E-01 -5.7694718E+00 
      1016 SSD -4.9166783E+02  2.8813396E+00 -6.6455211E+00  1.0863717E+00  6.7498277E-01 -2.4291562E+01 
      1017     -2.7513651E+01 -1.3733593E-01 -7.0336628E-01 -4.7304249E-02  1.4460149E-01 -6.0865862E+00 
      1017 SSD -4.9128235E+02  8.8945009E-01 -6.7293273E+00  3.6704838E-01  1.2521932E+00 -2.4546376E+01 
      1018     -2.7522740E+01 -2.9735340E-01 -7.0630023E-01 -9.6545831E-02  1.2846278E-01 -5.5383394E+00 
      1018 SSD -4.9132571E+02 -1.3628111E+00 -6.8027252E+00 -3.6225119E-01  1.2561094E+00 -2.0455244E+01 
      1019     -2.7564544E+01 -4.4411063E-01 -7.0642844E-01 -1.5317223E-01  7.7246593E-02 -4.2324910E+00 
      1019 SSD -4.9157575E+02 -3.6279331E+00 -6.8252124E+00 -1.0246171E+00  1.1488766E+00 -1.3848148E+01 
      1020     -2.7595298E+01 -6.0237735E-01 -7.1023773E-01 -1.0948360E-01  6.0502650E-02 -2.5141710E+00 
      1020 SSD -4.9186572E+02 -5.9689052E+00 -6.7929662E+00 -9.9570820E-01  6.8553412E-01 -7.1600292E+00 
      1021     -2.7686237E+01 -7.2891817E-01 -7.0633828E-01 -1.1226032E-01 -1.2570347E-01 -8.1627679E-01 
      1021 SSD -4.9180222E+02 -8.0657449E+00 -6.7284316E+00 -1.1004300E+00  1.2052354E-03 -2.0386713E+00 
      1022     -2.7693588E+01 -8.8687555E-01 -7.1531902E-01  1.1426992E-01  2.4401896E-02  1.5290547E-01 
      1022 SSD -4.9191946E+02 -1.0235460E+01 -6.6254427E+00  7.5355463E-02  6.5207728E-02 -6.1919711E-02 
      1023     -2.7621357E+01 -8.9658469E-01 -6.0424548E-01  1.8750079E-01 -7.3745321E-01 -6.7784566E-02 
      1023 SSD -4.9147090E+02 -1.0193750E+01 -4.6949591E+00  4.9425343E-01 -2.4600976E+00 -4.1801769E-01 
      1024     -2.7552278E+01 -9.0324413E-01 -4.2655236E-01  1.5764785E-01 -2.4394067E+00  2.1905395E-02 
      1024 SSD -4.9082484E+02 -1.0183647E+01 -2.6964232E+00  1.4357211E+00 -8.4132022E+00  6.0322037E-01 
      1025     -2.7493434E+01 -9.0660843E-01 -2.7242595E-01  1.1240583E-01 -4.2059165E+00  7.7316681E-02 
      1025 SSD -4.9009144E+02 -1.0179496E+01 -8.3406002E-01  1.6226518E+00 -1.5385268E+01  1.1848069E+00 
      1026     -2.7440782E+01 -9.0848188E-01 -1.1751275E-01  4.7348855E-02 -5.5129276E+00  1.2906776E-01 
      1026 SSD -4.8931125E+02 -1.0221424E+01  9.8479618E-01  1.4057444E+00 -2.1204980E+01  1.4604534E+00 
      1027     -2.7417067E+01 -9.1029090E-01  3.2726622E-02 -2.1013595E-02 -6.0729178E+00  1.3948885E-01 
      1027 SSD -4.8877470E+02 -1.0297010E+01  2.8999739E+00  7.4356334E-01 -2.4153161E+01  1.3627301E+00 
      1028     -2.7410808E+01 -9.1273833E-01  1.8546656E-01 -7.3652065E-02 -5.7821713E+00  1.0227368E-01 
      1028 SSD -4.8851953E+02 -1.0360533E+01  5.0482143E+00 -1.1312349E-01 -2.2805163E+01  6.8746303E-01 
      1029     -2.7433960E+01 -9.1387523E-01  3.3260096E-01 -1.3192868E-01 -4.6716809E+00  6.5658060E-02 
      1029 SSD -4.8846040E+02 -1.0381273E+01  7.3270104E+00 -9.4022227E-01 -1.7506605E+01 -3.4244722E-01 
      1030     -2.7465183E+01 -9.1364103E-01  4.9052063E-01 -1.0536383E-01 -3.0319219E+00 -3.5008068E-02 
      1030 SSD -4.8858045E+02 -1.0324995E+01  9.7367521E+00 -1.0770527E+00 -1.0605288E+01 -1.0880020E+00 
      1031     -2.7542520E+01 -9.1192392E-01  6.0727635E-01 -1.8151237E-01 -1.0954867E+00 -9.9036783E-03 
      1031 SSD -4.8847279E+02 -1.0272383E+01  1.1742844E+01 -1.6013693E+00 -3.5509211E+00 -1.6191861E+00 
      1032     -2.7646207E+01  5.8011415E-01  7.1109948E-01  1.8593793E-01  7.4862477E-01  6.7010119E-02 
      1032 SSD -4.9096180E+02  1.0362672E+01  1.2093647E+01  5.0533958E-01  2.6211755E+00  3.6994877E-01 
      1033     -2.7594245E+01  5.8614827E-01  5.3621343E-01  1.6146600E-01  2.4742561E+00 -2.5326653E-02 
      1033 SSD -4.9094089E+02  1.0347591E+01  1.0074571E+01  1.4461071E+00  8.8240489E+00 -6.6212433E-01 
      1034     -2.7555428E+01  5.8917347E-01  3.8267059E-01  1.1169552E-01  4.2614068E+00 -7.9007686E-02 
      1034 SSD -4.9084345E+02  1.0340527E+01  8.2087647E+00  1.6064764E+00  1.6052962E+01 -1.2261213E+00 
      1035     -2.7523442E+01  5.9104642E-01  2.2887380E-01  4.5237785E-02  5.5702273E+00 -1.3403977E-01 
      1035 SSD -4.9070694E+02  1.0378766E+01  6.3875526E+00  1.3784007E+00  2.2017914E+01 -1.5363849E+00 
      1036     -2.7519840E+01  5.9318875E-01  7.9740240E-02 -2.3682639E-02  6.1183231E+00 -1.3809915E-01 
      1036 SSD -4.9079204E+02  1.0457892E+01  4.4862975E+00  7.1793488E-01  2.5028130E+01 -1.3835878E+00 
      1037     -2.7536242E+01  5.9542031E-01 -7.2657351E-02 -7.6348597E-02  5.8058391E+00 -1.0776344E-01 
      1037 SSD -4.9122497E+02  1.0517449E+01  2.3369613E+00 -1.5165160E-01  2.3552089E+01 -8.3590528E-01 
      1038     -2.7584933E+01  5.9641025E-01 -2.1892626E-01 -1.3477327E-01  4.6700485E+00 -7.3284986E-02 
      1038 SSD -4.9181745E+02  1.0547619E+01  8.5085326E-02 -9.6071496E-01  1.8095319E+01  3.2514606E-01 
      1039     -2.7636800E+01  5.9588664E-01 -3.7771144E-01 -1.0362327E-01  3.0227657E+00  3.8963595E-02 
      1039 SSD -4.9253129E+02  1.0497414E+01 -2.3255262E+00 -1.0558486E+00  1.1040921E+01  1.0691098E+00 
      1040     -2.7723637E+01  5.9609279E-01 -4.8600859E-01 -1.8323613E-01  1.0917374E+00  1.6687814E-02 
      1040 SSD -4.9303270E+02  1.0456926E+01 -4.2752061E+00 -1.6387665E+00  3.7154348E+00  1.5184145E+00 
      1041      4.5449935E+01 -1.7190784E-01  6.5997719E-01  1.5809372E-02  3.5537953E-02  8.6272238E+00 
      1041 SSD -6.9799037E+01 -4.4651176E-01  1.1988161E+01  2.0395761E-01  2.0029079E+00  6.0221981E+01 
      1042      1.3229047E+02 -1.6958157E-01  5.0849057E-01  1.5244392E-02  1.2858156E-01  8.9817213E+00 
      1042 SSD  5.9594389E+02 -2.5854383E-01  9.9144379E+00  2.0728070E-01  3.7592010E+00  7.5296758E+01 
      1043      2.1248116E+02 -1.6622901E-01  3.5735146E-01  1.5216970E-02  1.4400056E-01  7.2824162E+00 
      1043 SSD  1.3124592E+03 -1.0813140E-01  7.8392027E+00  2.0754625E-01  4.7307258E+00  7.0826342E+01 
      1044      2.6849220E+02 -1.6205508E-01  2.0668536E-01  1.5182129E-02  9.9564591E-02  4.0769389E+00 
      1044 SSD  1.8935405E+03  6.3448063E-03  5.7684260E+00  2.0757473E-01  4.8971973E+00  4.7734965E+01 
      1045      2.8841440E+02 -1.5740571E-01  5.6208780E-02  1.5173685E-02 -2.1396393E-02 -3.8249106E-02 
      1045 SSD  2.1291609E+03  9.9484857E-02  3.7015932E+00  2.0756622E-01 -2.0653275E-01 -2.3676156E-01 
      1046      2.6778036E+02 -1.5275950E-01 -9.4337388E-02  1.5188614E-02 -1.4073817E-01 -4.1431982E+00 
      1046 SSD  1.8889487E+03  1.9280500E-01  1.6350341E+00  2.0756516E-01 -5.2773397E+00 -4.8174839E+01 
      1047      2.1127600E+02 -1.4858367E-01 -2.4523557E-01  1.5237859E-02 -1.7982214E-01 -7.3140531E+00 
      1047 SSD  1.3043693E+03  3.0798444E-01 -4.3507972E-01  2.0763053E-01 -5.0282713E+00 -7.1081828E+01 
      1048      1.3100879E+02 -1.4516443E-01 -3.9693069E-01  1.5304396E-02 -1.5228213E-01 -8.9645094E+00 
      1048 SSD  5.8659632E+02  4.6048186E-01 -2.5109301E+00  2.0762199E-01 -3.9305567E+00 -7.5288555E+01 
      1049      4.4563510E+01 -1.4265086E-01 -5.4979626E-01  1.5835171E-02 -4.3155786E-02 -8.5653891E+00 
      1049 SSD -7.7612906E+01  6.5208435E-01 -4.5900844E+00  2.0363924E-01 -2.0443411E+00 -5.9927189E+01 
      1050      2.6829625E+02 -4.4368319E-03  6.1513225E-02  1.5154569E-02  4.0997698E+00  8.3309119E-02 
      1050 SSD  1.8923855E+03  2.1811111E+00  3.7957130E+00  2.0737554E-01  4.7920325E+01  4.8511802E+00 
      1051      2.1208630E+02  1.4785338E-01  6.6357959E-02  1.5115540E-02  7.2998648E+00  1.2801669E-01 
      1051 SSD  1.3090794E+03  4.2586836E+00  3.9103844E+00  2.0693442E-01  7.1041829E+01  4.5388438E+00 
      1052      1.3180013E+02  2.9899649E-01  7.0532411E-02  1.5066723E-02  8.9855351E+00  1.1817890E-01 
      1052 SSD  5.9063916E+02  6.3315459E+00  4.0604949E+00  2.0606714E-01  7.5447394E+01  3.3071814E+00 
      1053      4.5009053E+01  4.4894832E-01  7.3971086E-02  1.5490856E-02  8.6152974E+00  2.9960124E-02 
      1053 SSD -7.5106323E+01  8.3984505E+00  4.2474392E+00  2.0381573E-01  6.0125516E+01  1.2857701E+00 
      1054      1.9458974E+02  1.4246549E-01  2.1724562E-01  1.5128211E-02  6.8582577E+00  3.2007028E+00 
      1054 SSD  1.1097245E+03  4.2037524E+00  5.9466185E+00  2.0632695E-01  6.4063489E+01  3.2941788E+01 
      1055      1.5035355E+02  1.3775725E-01  3.6917749E-01  1.5156514E-02  5.6004483E+00  5.5835195E+00 
      1055 SSD  6.9812315E+02  4.1313160E+00  7.9546350E+00  2.0778422E-01  4.8556879E+01  4.8637760E+01 
      1056      8.8843684E+01  1.3403130E-01  5.2194296E-01  1.5155742E-02  3.7726573E+00  6.7631072E+00 
      1056 SSD  2.0199157E+02  4.0361334E+00  9.9750277E+00  2.1071208E-01  2.9370577E+01  5.1116000E+01 
      1057      2.4358035E+01  1.3137200E-01  6.7530887E-01  1.6451030E-02  1.7150550E+00  6.2790644E+00 
      1057 SSD -2.3790483E+02  3.9271065E+00  1.2058797E+01  2.2677162E-01  1.0877301E+01  3.8374837E+01 
      1058      1.9479777E+02 -1.3525562E-02  3.6345079E-01  1.5185312E-02  3.2235435E+00  6.8391125E+00 
      1058 SSD  1.1108384E+03  1.9971083E+00  7.8906720E+00  2.0846937E-01  3.3157223E+01  6.4046254E+01 
      1059      2.4815317E+02 -9.2916611E-03  2.1217823E-01  1.5163377E-02  3.9052362E+00  3.8823313E+00 
      1059 SSD  1.6448849E+03  2.0988924E+00  5.8491635E+00  2.0745716E-01  4.3698086E+01  4.3561033E+01 
      1060      1.1948855E+02 -1.6812413E-02  5.1531526E-01  1.5189941E-02  2.1965468E+00  8.3695171E+00 
      1060 SSD  4.6046379E+02  1.8655777E+00  9.9395040E+00  2.1096357E-01  2.0613231E+01  6.7848291E+01 
      1061      3.9047842E+01 -1.8931308E-02  6.6741830E-01  1.6185043E-02  9.8976908E-01  7.9284146E+00 
      1061 SSD -1.3177259E+02  1.7108339E+00  1.2020675E+01  2.1979227E-01  8.1045385E+00  5.2731606E+01 
      1062      2.4202120E+01  4.3452878E-01  3.7817593E-01  1.4555821E-02  6.3008677E+00  1.7018497E+00 
      1062 SSD -2.3297463E+02  8.3220140E+00  8.1239790E+00  1.8160552E-01  3.8164399E+01  1.0637589E+01 
      1063      8.8764999E+01  2.8771124E-01  3.7424492E-01  1.5081692E-02  6.7608245E+00  3.7525512E+00 
      1063 SSD  2.0394704E+02  6.2620739E+00  8.0354952E+00  2.0316030E-01  5.0730125E+01  2.9359558E+01 
      1064      3.8734051E+01  4.4189211E-01  2.2477032E-01  1.5067793E-02  7.9336660E+00  9.6982355E-01 
      1064 SSD -1.3086088E+02  8.3633563E+00  6.2207199E+00  1.9005851E-01  5.2641898E+01  7.3948246E+00 
      1065      1.1918012E+02  2.9299647E-01  2.2157319E-01  1.5076655E-02  8.3702374E+00  2.1682942E+00 
      1065 SSD  4.5981126E+02  6.3034698E+00  6.0717431E+00  2.0328066E-01  6.7687519E+01  2.0139490E+01 
      1066     -1.4607137E+01  4.1836048E-01  6.9502982E-01  1.4804238E-02  1.8491934E+00  1.7805897E+00 
      1066 SSD -4.4415975E+02  8.2575129E+00  1.2105354E+01  2.1374252E-01  6.9951082E+00  7.5596669E+00 
      1067      4.7147234E+00  4.2693048E-01  5.3361850E-01  1.4254583E-02  4.0971342E+00  2.0278449E+00 
      1067 SSD -3.4930246E+02  8.2855257E+00  1.0058560E+01  1.9002854E-01  2.1268747E+01  1.0773985E+01 
      1068      4.9104477E+00  2.8408377E-01  6.8335887E-01  1.6334171E-02  2.0058494E+00  4.0442795E+00 
      1068 SSD -3.5324318E+02  6.1769545E+00  1.2082532E+01  2.2445408E-01  1.0399418E+01  2.1638404E+01 
      1069      4.7286676E+01  2.8411410E-01  5.2821038E-01  1.5075206E-02  4.4753876E+00  4.4781345E+00 
      1069 SSD -9.7007818E+01  6.2124694E+00  1.0017420E+01  2.0595086E-01  2.9769275E+01  3.0247941E+01 
      1070      2.8714192E+01  1.6809153E-01 -5.3216109E-01  1.4772092E-02  1.7318009E+00 -6.6899750E+00 
      1070 SSD -1.6118960E+02  4.5849961E+00 -4.5210130E+00  1.8869526E-01  1.0098369E+01 -4.5117419E+01 
      1071      9.6103418E+01  1.6547108E-01 -3.8244596E-01  1.5176338E-02  3.6787177E+00 -6.9312540E+00 
      1071 SSD  3.3241038E+02  4.4793660E+00 -2.4389086E+00  2.0494255E-01  2.8498722E+01 -5.3727794E+01 
      1072      1.5731847E+02  1.5981395E-01 -2.3304503E-01  1.5128678E-02  5.5205319E+00 -5.5476127E+00 
      1072 SSD  8.3771583E+02  4.3844295E+00 -3.0326532E-01  2.0772983E-01  4.8455283E+01 -4.8355821E+01 
      1073      1.9884026E+02  1.5378099E-01 -8.3856484E-02  1.5104540E-02  6.8244479E+00 -3.0174575E+00 
      1073 SSD  1.2087768E+03  4.3136398E+00  1.8226969E+00  2.0788511E-01  6.5261825E+01 -2.7625396E+01 
      1074      1.2321980E+02  9.6324962E-03 -3.8976848E-01  1.5302072E-02  1.9774244E+00 -8.4564706E+00 
      1074 SSD  5.4369899E+02  2.5014637E+00 -2.4827502E+00  2.0531739E-01  1.5307428E+01 -7.0143880E+01 
      1075      4.1269335E+01  1.2451855E-02 -5.4139176E-01  1.5192763E-02  9.3036949E-01 -8.1562523E+00 
      1075 SSD -8.5370839E+01  2.6713217E+00 -4.5541892E+00  1.9112265E-01  5.1918655E+00 -5.7255645E+01 
      1076      1.9849062E+02  5.5472111E-03 -2.3891257E-01  1.5210177E-02  2.9741213E+00 -6.8483628E+00 
      1076 SSD  1.2079793E+03  2.3660666E+00 -3.7895812E-01  2.0706497E-01  2.7357800E+01 -6.5169278E+01 
      1077      2.5055250E+02  6.8402756E-04 -8.8797960E-02  1.5162930E-02  3.7460772E+00 -3.7917853E+00 
      1077 SSD  1.7244921E+03  2.2636495E+00  1.7184920E+00  2.0748289E-01  3.9897807E+01 -4.0149993E+01 
      1078      1.0332973E+01  4.7904081E-01 -3.7663664E-01  1.5173556E-02  4.4889953E+00 -2.0913227E+00 
      1078 SSD -2.8408102E+02  8.5330723E+00 -2.3395307E+00  2.2298804E-01  2.8123929E+01 -1.1895925E+01 
      1079      5.5545581E+01  3.2123366E-01 -3.7631108E-01  1.5093934E-02  4.6002060E+00 -4.6429309E+00 
      1079 SSD  2.6236350E+01  6.4521393E+00 -2.3774402E+00  2.0910624E-01  3.2862827E+01 -3.2367259E+01 
      1080     -1.1006944E+01  4.9513692E-01 -5.1278492E-01  1.3250445E-02  1.9755644E+00 -2.0574648E+00 
      1080 SSD -4.0455937E+02  8.5769770E+00 -4.4364805E+00  2.1159025E-01  1.0906485E+01 -1.0010604E+01 
      1081      9.8706673E+00  3.2647255E-01 -5.1811286E-01  1.3801494E-02  2.0668810E+00 -4.5310610E+00 
      1081 SSD -2.7905688E+02  6.4878800E+00 -4.4557594E+00  1.9533532E-01  1.2185366E+01 -2.7731432E+01 
      1082      2.9157262E+01  4.6478905E-01 -2.2602350E-01  1.5841488E-02  6.7051949E+00 -1.7044898E+00 
      1082 SSD -1.6753652E+02  8.4677075E+00 -8.5294717E-02  2.2749322E-01  4.5373920E+01 -1.0131464E+01 
      1083      9.6415964E+01  3.1295411E-01 -2.2831471E-01  1.5064426E-02  6.8968052E+00 -3.7009595E+00 
      1083 SSD  3.2962207E+02  6.3976109E+00 -2.0071677E-01  2.1117431E-01  5.4178523E+01 -2.8390265E+01 
      1084      4.1635699E+01  4.5664772E-01 -7.7267506E-02  1.5807353E-02  8.1845202E+00 -9.2914092E-01 
      1084 SSD -8.8829857E+01  8.4350007E+00  2.1279850E+00  2.1836013E-01  5.7417873E+01 -5.7486411E+00 
      1085      1.2372833E+02  3.0570610E-01 -7.9927195E-02  1.5051810E-02  8.4541637E+00 -2.0020952E+00 
      1085 SSD  5.4249474E+02  6.3592563E+00  1.9596726E+00  2.0959933E-01  7.0444342E+01 -1.5734266E+01 
      1086      4.4672450E+01 -7.6417851E-01  3.8269537E-02  1.5499918E-02 -8.5741428E+00 -5.4466499E-02 
      1086 SSD -7.9650078E+01 -8.2119798E+00  3.1423703E+00  2.0836872E-01 -5.9679927E+01 -1.4104457E+00 
      1087      1.3116426E+02 -6.1404219E-01  4.1636212E-02  1.5098930E-02 -8.9661307E+00 -1.6559704E-01 
      1087 SSD  5.8342796E+02 -6.1407858E+00  3.3345751E+00  2.0761129E-01 -7.5364022E+01 -3.5619071E+00 
      1088      2.1143662E+02 -4.6283082E-01  4.5899850E-02  1.5133583E-02 -7.3140671E+00 -1.9316976E-01 
      1088 SSD  1.3024848E+03 -4.0642037E+00  3.4890607E+00  2.0721644E-01 -7.1240117E+01 -4.9196428E+00 
      1089      2.6790140E+02 -3.1042994E-01  5.0852419E-02  1.5162867E-02 -4.1351587E+00 -1.5674601E-01 
      1089 SSD  1.8885530E+03 -1.9835458E+00  3.6065309E+00  2.0769343E-01 -4.8277404E+01 -5.2998146E+00 
      1090      1.2356303E+02 -6.2052259E-01  1.9234559E-01  1.5077494E-02 -8.4565402E+00  1.9541415E+00 
      1090 SSD  5.3857812E+02 -6.1649221E+00  5.4395958E+00  2.1084796E-01 -7.0501744E+01  1.5320317E+01 
      1091      9.6677124E+01 -6.2742127E-01  3.4107446E-01  1.5183249E-02 -6.9161597E+00  3.6623311E+00 
      1091 SSD  3.2959920E+02 -6.2012655E+00  7.6081018E+00  2.1215544E-01 -5.4321616E+01  2.8010538E+01 
      1092      5.6048927E+01 -6.3512217E-01  4.8906862E-01  1.5242363E-02 -4.6202652E+00  4.6341969E+00 
      1092 SSD  2.9529405E+01 -6.2540738E+00  9.7888007E+00  2.0897564E-01 -3.3026184E+01  3.2083709E+01 
      1093      1.0334682E+01 -6.3995791E-01  6.3079342E-01  1.4743441E-02 -2.0841856E+00  4.5489033E+00 
      1093 SSD -2.7377957E+02 -6.2901303E+00  1.1872633E+01  1.9908076E-01 -1.2305083E+01  2.7624197E+01 
      1094      2.9308227E+01 -7.8060677E-01  3.3907323E-01  1.5813617E-02 -6.7067063E+00  1.6855488E+00 
      1094 SSD -1.6778155E+02 -8.2810001E+00  7.4946355E+00  2.2803851E-01 -4.5252389E+01  9.8808742E+00 
      1095      4.1552524E+01 -7.7193124E-01  1.8990521E-01  1.5732884E-02 -8.1661164E+00  9.0403327E-01 
      1095 SSD -9.1470053E+01 -8.2455724E+00  5.2677825E+00  2.2191578E-01 -5.7084352E+01  5.5000381E+00 
      1096      1.0631705E+01 -7.9447440E-01  4.9042246E-01  1.4936559E-02 -4.5110576E+00  2.0818330E+00 
      1096 SSD -2.8189647E+02 -8.3455532E+00  9.7573569E+00  2.1986451E-01 -2.8179574E+01  1.1633343E+01 
      1097     -1.0704779E+01 -8.1287962E-01  6.2946157E-01  1.2844438E-02 -1.9949413E+00  2.0674805E+00 
      1097 SSD -4.0023096E+02 -8.4065483E+00  1.1874541E+01  2.0673074E-01 -1.0993545E+01  9.8357239E+00 
      1098      1.9932817E+02 -3.2000270E-01  3.5118921E-01  1.5210078E-02 -3.0125596E+00  6.8096410E+00 
      1098 SSD  1.2129638E+03 -2.1648718E+00  7.7841984E+00  2.0708081E-01 -2.7685020E+01  6.4823160E+01 
      1099      1.5781862E+02 -4.7440538E-01  3.4561742E-01  1.5128215E-02 -5.5497551E+00  5.5066939E+00 
      1099 SSD  8.3974711E+02 -4.1854506E+00  7.7097339E+00  2.0802796E-01 -4.8718885E+01  4.7961940E+01 
      1100      2.5085866E+02 -3.1534036E-01  2.0119864E-01  1.5163885E-02 -3.7858659E+00  3.7246889E+00 
      1100 SSD  1.7253315E+03 -2.0641339E+00  5.6849548E+00  2.0773373E-01 -4.0269955E+01  3.9669752E+01 
      1101      1.9882093E+02 -4.6851706E-01  1.9630050E-01  1.5117690E-02 -6.8497638E+00  2.9552418E+00 
      1101 SSD  1.2064727E+03 -4.1162110E+00  5.5794552E+00  2.0820505E-01 -6.5519250E+01  2.7150956E+01 
      1102      4.2037656E+01 -3.2640232E-01  6.5228140E-01  1.5198842E-02 -9.4679074E-01  8.2019871E+00 
      1102 SSD -7.8234732E+01 -2.4657015E+00  1.1960423E+01  1.9046999E-01 -5.2836973E+00  5.7427362E+01 
      1103      1.2423592E+02 -3.2382877E-01  5.0159872E-01  1.5294478E-02 -2.0070644E+00  8.4603848E+00 
      1103 SSD  5.5106837E+02 -2.2983592E+00  9.8884529E+00  2.0484750E-01 -1.5533570E+01  7.0019663E+01 
      1104      2.9330095E+01 -4.8322813E-01  6.4475629E-01  1.4720686E-02 -1.7464733E+00  6.7219808E+00 
      1104 SSD -1.5493832E+02 -4.3875622E+00  1.1933350E+01  1.8875071E-01 -1.0181355E+01  4.5155149E+01 
      1105      9.6841297E+01 -4.8011389E-01  4.9488714E-01  1.5149593E-02 -3.7055245E+00  6.9246293E+00 
      1105 SSD  3.3760876E+02 -4.2800155E+00  9.8478623E+00  2.0517717E-01 -2.8713955E+01  5.3487895E+01 
      1106      4.3234945E+00 -5.9951479E-01 -5.7367773E-01  1.6392766E-02 -1.9797355E+00 -3.9947364E+00 
      1106 SSD -3.5843816E+02 -5.9990407E+00 -4.6913552E+00  2.2774618E-01 -1.0233993E+01 -2.1339065E+01 
      1107      4.6252764E+01 -5.9986022E-01 -4.1765954E-01  1.5150880E-02 -4.4250608E+00 -4.4391109E+00 
      1107 SSD -1.0495778E+02 -6.0348364E+00 -2.6258049E+00  2.0806900E-01 -2.9484531E+01 -2.9999207E+01 
      1108      8.7520393E+01 -6.0329798E-01 -2.6309436E-01  1.5140140E-02 -6.7080323E+00 -3.7521641E+00 
      1108 SSD  1.9440293E+02 -6.0807772E+00 -6.4438108E-01  2.0405033E-01 -5.0443966E+01 -2.9293353E+01 
      1109      1.1811928E+02 -6.0829210E-01 -1.0984807E-01  1.5098819E-02 -8.3319874E+00 -2.2078516E+00 
      1109 SSD  4.5063781E+02 -6.1170921E+00  1.3199427E+00  2.0425404E-01 -6.7474516E+01 -2.0279256E+01 
      1110      4.2515528E+00 -7.4423916E-01 -4.2343702E-01  1.4230495E-02 -4.0306985E+00 -2.0087443E+00 
      1110 SSD -3.5361206E+02 -8.1239057E+00 -2.6731729E+00  1.8851187E-01 -2.0822074E+01 -1.0632965E+01 
      1111     -1.4840440E+01 -7.3810866E-01 -5.8604579E-01  1.5285475E-02 -1.8055529E+00 -1.7538701E+00 
      1111 SSD -4.4697989E+02 -8.1091092E+00 -4.7159215E+00  2.1342879E-01 -6.6982936E+00 -7.3852091E+00 
      1112      2.3602139E+01 -7.5058136E-01 -2.6737167E-01  1.4661175E-02 -6.2217947E+00 -1.6969883E+00 
      1112 SSD -2.3836029E+02 -8.1499896E+00 -7.4116038E-01  1.8564038E-01 -3.7617067E+01 -1.0561488E+01 
      1113      3.8189899E+01 -7.5729459E-01 -1.1316665E-01  1.5039907E-02 -7.8658204E+00 -9.8789375E-01 
      1113 SSD -1.3630160E+02 -8.1818790E+00  1.1630300E+00  1.9305997E-01 -5.2105145E+01 -7.4551309E+00 
      1114      1.1805384E+02 -2.9916744E-01 -4.0396694E-01  1.5265618E-02 -2.2038082E+00 -8.3364408E+00 
      1114 SSD  4.5006248E+02 -1.6750584E+00 -2.5380902E+00  2.1084690E-01 -2.0650274E+01 -6.7702051E+01 
      1115      8.7468874E+01 -4.5027915E-01 -4.1099788E-01  1.5177684E-02 -3.7543735E+00 -6.7189204E+00 
      1115 SSD  1.9202430E+02 -3.8548128E+00 -2.5778586E+00  2.1232985E-01 -2.9254582E+01 -5.0865997E+01 
      1116      3.8153132E+01 -2.9771766E-01 -5.5695418E-01  1.6222922E-02 -9.8357261E-01 -7.8530411E+00 
      1116 SSD -1.3939326E+02 -1.5233087E+00 -4.6238396E+00  2.1905353E-01 -8.0217405E+00 -5.2318994E+01 
      1117      2.3562907E+01 -4.4816556E-01 -5.6445115E-01  1.6399868E-02 -1.7013778E+00 -6.2070631E+00 
      1117 SSD -2.4454926E+02 -3.7501801E+00 -4.6593447E+00  2.2981520E-01 -1.0755481E+01 -3.7960349E+01 
      1118      2.4708587E+02 -3.0582561E-01 -9.9984977E-02  1.5181628E-02 -3.9349377E+00 -3.9441677E+00 
      1118 SSD  1.6369784E+03 -1.9034512E+00  1.5525633E+00  2.0767575E-01 -4.3981898E+01 -4.3924184E+01 
      1119      1.9331035E+02 -3.0194154E-01 -2.5157245E-01  1.5223042E-02 -3.2450366E+00 -6.8607401E+00 
      1119 SSD  1.1004053E+03 -1.8040304E+00 -4.8870081E-01  2.0851570E-01 -3.3332031E+01 -6.4183719E+01 
      1120      1.9335768E+02 -4.5774333E-01 -1.0530140E-01  1.5154134E-02 -6.8604380E+00 -3.2541869E+00 
      1120 SSD  1.0999479E+03 -4.0129249E+00  1.4510660E+00  2.0662004E-01 -6.4152877E+01 -3.3202343E+01 
      1121      1.4880620E+02 -4.5344937E-01 -2.5768407E-01  1.5182235E-02 -5.5914053E+00 -5.5932939E+00 
      1121 SSD  6.8698096E+02 -3.9449494E+00 -5.5727540E-01  2.0805678E-01 -4.8527414E+01 -4.8647617E+01 

