      NODE            V1             V2             V3             VR1            VR2            VR3
      1001     -9.5183076E+01 -3.6334204E+00  2.6425862E+00  2.8052589E-01  8.2535811E-01 -8.3564842E-01 
      1001 SSD -8.7938286E+02 -2.3511387E+01  2.4887278E+01  1.3643528E+00  4.8417409E+00 -5.3037544E+00 
      1002     -9.5009942E+01 -3.4386090E+00  2.5978248E+00  9.5542472E-01  8.2915043E-02  2.7920206E+00 
      1002 SSD -8.7850564E+02 -2.1441088E+01  2.4520337E+01  5.8013065E+00  1.9072440E+00  1.7571502E+01 
      1003     -9.4810840E+01 -2.6942992E+00  2.6405487E+00  3.7681740E-01  6.1971932E-02  8.1393730E+00 
      1003 SSD -8.7750112E+02 -1.6026403E+01  2.4711756E+01  2.9096193E+00  1.1776790E+00  4.9542775E+01 
      1004     -9.4766583E+01 -2.2153993E+00  2.6333291E+00  2.8428862E-01 -1.8547595E-01  1.2968009E+01 
      1004 SSD -8.7710649E+02 -1.2437949E+01  2.4644953E+01  2.6929124E+00 -3.9431010E-01  7.8815770E+01 
      1005     -9.4714891E+01 -1.6720677E+00  2.6421666E+00  8.1447763E-02 -3.0585975E-01  1.6174193E+01 
      1005 SSD -8.7678571E+02 -8.4157821E+00  2.4713852E+01  1.4160024E+00 -2.0300202E+00  9.8168905E+01 
      1006     -9.4732425E+01 -1.1460665E+00  2.6505951E+00 -1.2542659E-01 -3.9295219E-01  1.7054161E+01 
      1006 SSD -8.7688194E+02 -4.3190451E+00  2.4833684E+01 -2.4517004E-01 -2.9546016E+00  1.0267178E+02 
      1007     -9.4822250E+01 -6.2236290E-01  2.6577236E+00 -2.8321514E-01 -3.6600486E-01  1.5507528E+01 
      1007 SSD -8.7768905E+02 -4.8796567E-02  2.4934903E+01 -1.7741599E+00 -2.8410467E+00  9.1642582E+01 
      1008     -9.5003881E+01 -1.1998651E-01  2.6557597E+00 -4.0310866E-01 -2.3782157E-01  1.1869731E+01 
      1008 SSD -8.7910522E+02  4.1439501E+00  2.4944156E+01 -2.8062029E+00 -2.1745421E+00  6.8545046E+01 
      1009     -9.5170482E+01  4.5135744E-01  2.6694478E+00 -2.7847904E-01 -1.6229855E-01  7.0833994E+00 
      1009 SSD -8.8053619E+02  8.8019451E+00  2.4988203E+01 -2.1719050E+00 -1.3560351E+00  4.0014257E+01 
      1010     -9.5492571E+01  8.6017366E-01  2.6582728E+00 -4.0163333E-01  3.6365521E-01  2.2610152E+00 
      1010 SSD -8.8233792E+02  1.2397503E+01  2.4891753E+01 -3.0657812E+00  1.7576427E+00  1.2509649E+01 
      1011     -9.5570550E+01  1.4203895E+00  2.6923295E+00  4.2905446E-01 -1.1159411E-01 -3.9160465E-01 
      1011 SSD -8.8320596E+02  1.6793524E+01  2.4962483E+01  2.1594748E+00 -6.2751733E-01 -1.7984872E+00 
      1012     -9.6055205E+01  1.4248107E+00 -2.5441698E+00  3.0342731E-01 -8.3907855E-01  7.6866422E-01 
      1012 SSD -8.8796479E+02  1.6691841E+01 -1.6572262E+01  1.5947605E+00 -4.9111563E+00  4.9268466E+00 
      1013     -9.5798856E+01  1.2357992E+00 -2.4959811E+00  8.1908413E-01 -8.2882179E-02 -2.6982781E+00 
      1013 SSD -8.8631633E+02  1.4642266E+01 -1.6184432E+01  5.0482788E+00 -1.8599423E+00 -1.7109622E+01 
      1014     -9.5524894E+01  5.3980094E-01 -2.5266578E+00  4.1429991E-01 -6.3532985E-02 -7.9140649E+00 
      1014 SSD -8.8458901E+02  9.5039415E+00 -1.6310917E+01  3.0922986E+00 -1.1347153E+00 -4.8466371E+01 
      1015     -9.5405130E+01  3.0629357E-02 -2.5189596E+00  2.8421517E-01  1.8406832E-01 -1.2620715E+01 
      1015 SSD -8.8348857E+02  5.7424764E+00 -1.6243196E+01  2.7128981E+00  4.4442967E-01 -7.7228337E+01 
      1016     -9.5274156E+01 -4.9888982E-01 -2.5247316E+00  8.7123350E-02  3.0542709E-01 -1.5716067E+01 
      1016 SSD -8.8243296E+02  1.7836293E+00 -1.6302263E+01  1.3886666E+00  2.0697408E+00 -9.6064124E+01 
      1017     -9.5212049E+01 -1.0235286E+00 -2.5322324E+00 -1.0249558E-01  4.0309136E-01 -1.6546121E+01 
      1017 SSD -8.8178869E+02 -2.2855813E+00 -1.6418207E+01 -1.7611718E-01  3.0640385E+00 -1.0030284E+02 
      1018     -9.5229090E+01 -1.5648887E+00 -2.5416011E+00 -2.4825235E-01  3.7245894E-01 -1.5038207E+01 
      1018 SSD -8.8191292E+02 -6.6732861E+00 -1.6532499E+01 -1.5475788E+00  2.9152619E+00 -8.9510036E+01 
      1019     -9.5338408E+01 -2.0741130E+00 -2.5427006E+00 -4.2235322E-01  2.3767736E-01 -1.1472524E+01 
      1019 SSD -8.8265442E+02 -1.0924749E+01 -1.6561018E+01 -2.9679816E+00  2.1796496E+00 -6.6713893E+01 
      1020     -9.5420453E+01 -2.6171762E+00 -2.5523014E+00 -3.1041629E-01  1.8357140E-01 -6.8027481E+00 
      1020 SSD -8.8331357E+02 -1.5400358E+01 -1.6577304E+01 -2.4083170E+00  1.4967442E+00 -3.8625089E+01 
      1021     -9.5657161E+01 -3.0682329E+00 -2.5402399E+00 -3.2679765E-01 -3.2306624E-01 -2.2098827E+00 
      1021 SSD -8.8436478E+02 -1.9229875E+01 -1.6463725E+01 -2.5785378E+00 -1.5668851E+00 -1.2273630E+01 
      1022     -9.5666836E+01 -3.6078827E+00 -2.5635618E+00  3.0703600E-01  6.5204281E-02  3.9821258E-01 
      1022 SSD -8.8452473E+02 -2.3523242E+01 -1.6479924E+01  1.5199897E+00  3.9085828E-01  1.8407506E+00 
      1023     -9.5456982E+01 -3.6314106E+00 -2.1532215E+00  5.0718990E-01 -2.0223016E+00 -1.9326102E-01 
      1023 SSD -8.8314806E+02 -2.3600262E+01 -1.2998596E+01  2.8602983E+00 -1.1741497E+01 -1.3024139E+00 
      1024     -9.5246434E+01 -3.6479664E+00 -1.5654376E+00  4.6157381E-01 -6.6922441E+00  7.2804574E-02 
      1024 SSD -8.8159619E+02 -2.3666938E+01 -8.6247011E+00  3.4796087E+00 -3.9096763E+01  9.1223254E-01 
      1025     -9.5059753E+01 -3.6559610E+00 -1.0436209E+00  3.4439568E-01 -1.1552565E+01  2.3285846E-01 
      1025 SSD -8.8007048E+02 -2.3703264E+01 -4.6970251E+00  3.0991667E+00 -6.8228443E+01  2.1979165E+00 
      1026     -9.4889885E+01 -3.6610289E+00 -5.2121271E-01  1.6651633E-01 -1.5139166E+01  3.7830871E-01 
      1026 SSD -8.7858651E+02 -2.3769263E+01 -7.9643295E-01  2.0475617E+00 -9.0347869E+01  3.1267800E+00 
      1027     -9.4801456E+01 -3.6666062E+00 -8.7392113E-03 -3.1238816E-02 -1.6662196E+01  3.9340057E-01 
      1027 SSD -8.7770407E+02 -2.3869727E+01  3.1466206E+00  4.9992025E-01 -1.0016817E+02  3.1114133E+00 
      1028     -9.4759876E+01 -3.6747501E+00  5.1158462E-01 -1.8553347E-01 -1.5863356E+01  2.7611712E-01 
      1028 SSD -8.7731312E+02 -2.3968827E+01  7.3463769E+00 -1.0312062E+00 -9.5124334E+01  1.9317631E+00 
      1029     -9.4803387E+01 -3.6788788E+00  1.0179241E+00 -3.6055205E-01 -1.2829880E+01  1.6879891E-01 
      1029 SSD -8.7749434E+02 -2.4009561E+01  1.1603108E+01 -2.6116034E+00 -7.5980058E+01  4.4760909E-01 
      1030     -9.4872160E+01 -3.6772390E+00  1.5601074E+00 -2.9793160E-01 -8.3374656E+00 -1.1486195E-01 
      1030 SSD -8.7796169E+02 -2.3952571E+01  1.6136660E+01 -2.4316280E+00 -4.8585290E+01 -1.5576888E+00 
      1031     -9.5062824E+01 -3.6712979E+00  1.9814238E+00 -5.2260690E-01 -3.0173390E+00 -5.5001887E-02 
      1031 SSD -8.7876616E+02 -2.3880335E+01  1.9754843E+01 -3.9406238E+00 -1.7263842E+01 -1.7836591E+00 
      1032     -9.5454240E+01  1.4408024E+00  2.2674987E+00  5.0877295E-01  2.0500742E+00  1.8019952E-01 
      1032 SSD -8.8280438E+02  1.6866633E+01  2.1403116E+01  2.8665674E+00  1.2040154E+01  1.2212728E+00 
      1033     -9.5330376E+01  1.4568283E+00  1.6881962E+00  4.7470720E-01  6.7752138E+00 -8.9320787E-02 
      1033 SSD -8.8218722E+02  1.6924030E+01  1.7047142E+01  3.5430317E+00  3.9927176E+01 -1.0300775E+00 
      1034     -9.5239292E+01  1.4647952E+00  1.1681428E+00  3.4210713E-01  1.1680078E+01 -2.4195008E-01 
      1034 SSD -8.8164451E+02  1.6956101E+01  1.3124345E+01  3.0735649E+00  6.9550914E+01 -2.2722831E+00 
      1035     -9.5167566E+01  1.4704730E+00  6.4817676E-01  1.5914880E-01  1.5259694E+01 -3.9418463E-01 
      1035 SSD -8.8116133E+02  1.7020696E+01  9.2336399E+00  1.9898545E+00  9.1812467E+01 -3.2701121E+00 
      1036     -9.5176451E+01  1.4772857E+00  1.3743395E-01 -4.1022293E-02  1.6741466E+01 -3.9010855E-01 
      1036 SSD -8.8125570E+02  1.7129620E+01  5.3134323E+00  4.3454633E-01  1.0152172E+02 -3.1193541E+00 
      1037     -9.5239195E+01  1.4848174E+00 -3.8367013E-01 -1.9573884E-01  1.5881006E+01 -2.9073616E-01 
      1037 SSD -8.8193365E+02  1.7222660E+01  1.1125207E+00 -1.1093739E+00  9.6072779E+01 -2.1442040E+00 
      1038     -9.5394723E+01  1.4881805E+00 -8.8918641E-01 -3.7113349E-01  1.2784359E+01 -1.8831139E-01 
      1038 SSD -8.8318356E+02  1.7269412E+01 -3.1126761E+00 -2.6731610E+00  7.6465733E+01 -5.5840619E-01 
      1039     -9.5561794E+01  1.4849659E+00 -1.4352385E+00 -2.9505846E-01  8.2849827E+00  1.2577419E-01 
      1039 SSD -8.8460711E+02  1.7212268E+01 -7.6607078E+00 -2.3943809E+00  4.8846474E+01  1.5841861E+00 
      1040     -9.5816253E+01  1.4838867E+00 -1.8326166E+00 -5.2909583E-01  2.9979143E+00  7.3164876E-02 
      1040 SSD -8.8623435E+02  1.7173432E+01 -1.1121410E+01 -3.9996070E+00  1.7363751E+01  1.7679056E+00 
      1041      1.0844781E+02 -1.1353075E+00  2.1281562E+00  5.3372706E-02  1.1202512E-01  2.4231410E+01 
      1041 SSD  4.5966616E+02 -4.0635963E+00  2.0655122E+01  4.1538532E-01  2.3091051E+00  1.6927406E+02 
      1042      3.5278260E+02 -1.1272434E+00  1.6105111E+00  5.2007653E-02  3.5003157E-01  2.5308609E+01 
      1042 SSD  2.2226498E+03 -3.8467662E+00  1.6541865E+01  4.1229133E-01  5.0202073E+00  1.8870445E+02 
      1043      5.7841058E+02 -1.1167562E+00  1.0937607E+00  5.1948583E-02  3.6033135E-01  2.0449430E+01 
      1043 SSD  3.9495713E+03 -3.6546286E+00  1.2431288E+01  4.1227443E-01  6.0484296E+00  1.6231729E+02 
      1044      7.3503732E+02 -1.1043660E+00  5.7837762E-01  5.1858056E-02  2.1434490E-01  1.1314059E+01 
      1044 SSD  5.2315230E+03 -3.4879577E+00  8.3308177E+00  4.1190502E-01  5.6622405E+00  9.8372191E+01 
      1045      7.9000445E+02 -1.0907563E+00  6.3494115E-02  5.1837863E-02 -5.4871338E-02 -1.6755700E-01 
      1045 SSD  5.7138311E+03 -3.3362169E+00  4.2362316E+00  4.1181134E-01 -4.7155196E-01 -8.6112389E-01 
      1046      7.3192566E+02 -1.0769045E+00 -4.5166787E-01  5.1878579E-02 -3.2118917E-01 -1.1606881E+01 
      1046 SSD  5.2153450E+03 -3.1837244E+00  1.4081111E-01  4.1199275E-01 -6.5561736E+00 -9.9895308E+01 
      1047      5.7306228E+02 -1.0637739E+00 -9.6792692E-01  5.2009219E-02 -4.5664664E-01 -2.0605074E+01 
      1047 SSD  3.9217101E+03 -3.0145613E+00 -3.9625563E+00  4.1263969E-01 -6.8014054E+00 -1.6312348E+02 
      1048      3.4688778E+02 -1.0519357E+00 -1.4865343E+00  5.2179081E-02 -4.1790457E-01 -2.5260626E+01 
      1048 SSD  2.1918355E+03 -2.8168248E+00 -8.0815141E+00  4.1340395E-01 -5.5025896E+00 -1.8847445E+02 
      1049      1.0411733E+02 -1.0418588E+00 -2.0082746E+00  5.3400340E-02 -1.3900868E-01 -2.3963643E+01 
      1049 SSD  4.3645481E+02 -2.5907253E+00 -1.2217834E+01  4.1542504E-01 -2.4624462E+00 -1.6798075E+02 
      1050      7.3388849E+02 -5.6911268E-01  7.9039054E-02  5.1784435E-02  1.1436599E+01  1.0779434E-01 
      1050 SSD  5.2267021E+03  8.0196285E-01  4.3965539E+00  4.1139909E-01  9.8946345E+01  5.2739954E+00 
      1051      5.7622966E+02 -4.9442760E-02  9.3714890E-02  5.1675486E-02  2.0537360E+01  2.6526728E-01 
      1051 SSD  3.9393125E+03  4.9277865E+00  4.5719930E+00  4.1050596E-01  1.6280083E+02  5.5475378E+00 
      1052      3.5012323E+02  4.6701879E-01  1.0714554E-01  5.1532925E-02  2.5323341E+01  2.8354311E-01 
      1052 SSD  2.2090895E+03  9.0349606E+00  4.7748778E+00  4.0907225E-01  1.8889447E+02  4.3689242E+00 
      1053      1.0614180E+02  9.8014322E-01  1.1904666E-01  5.2592151E-02  2.4150146E+01  7.2292265E-02 
      1053 SSD  4.4710290E+02  1.3121957E+01  5.0055224E+00  4.1225104E-01  1.6895858E+02  1.4987395E+00 
      1054      5.2789462E+02 -6.4442623E-02  6.0954796E-01  5.1693093E-02  1.9339985E+01  8.9213729E+00 
      1054 SSD  3.5252289E+03  4.8054847E+00  8.6419111E+00  4.1003114E-01  1.5043612E+02  7.2726502E+01 
      1055      4.0380337E+02 -7.7725022E-02  1.1275400E+00  5.1783345E-02  1.5813714E+01  1.5715370E+01 
      1055 SSD  2.5588078E+03  4.6743200E+00  1.2695306E+01  4.1179981E-01  1.1921456E+02  1.1899882E+02 
      1056      2.3051957E+02 -8.8640996E-02  1.6477651E+00  5.1818975E-02  1.0640804E+01  1.9067750E+01 
      1056 SSD  1.2851931E+03  4.5322910E+00  1.6770052E+01  4.1468929E-01  7.7001725E+01  1.3680985E+02 
      1057      4.9219218E+01 -9.6935338E-02  2.1703516E+00  5.5567787E-02  4.8053046E+00  1.7608718E+01 
      1057 SSD  2.7742095E+01  4.3888806E+00  2.0915109E+01  4.4745182E-01  3.2485893E+01  1.1804110E+02 
      1058      5.2901554E+02 -5.9554279E-01  1.1110856E+00  5.1869899E-02  9.0447236E+00  1.9238308E+01 
      1058 SSD  3.5298514E+03  5.0374936E-01  1.2559334E+01  4.1281377E-01  7.3332653E+01  1.5010354E+02 
      1059      6.7848625E+02 -5.8309760E-01  5.9439680E-01  5.1804417E-02  1.0920684E+01  1.0794022E+01 
      1059 SSD  4.7320951E+03  6.5869933E-01  8.4805063E+00  4.1157007E-01  9.2290925E+01  9.1753431E+01 
      1060      3.1685979E+02 -6.0582129E-01  1.6293963E+00  5.1903616E-02  6.1701796E+00  2.3606775E+01 
      1060 SSD  1.9290211E+03  3.3046228E-01  1.6652155E+01  4.1530858E-01  4.7997953E+01  1.7372376E+02 
      1061      9.0445791E+01 -6.1341089E-01  2.1486775E+00  5.4619613E-02  2.7727993E+00  2.2270588E+01 
      1061 SSD  3.1846774E+02  1.4733250E-01  2.0779748E+01  4.3636621E-01  2.0429544E+01  1.5317243E+02 
      1062      4.8349640E+01  9.4048387E-01  1.1546825E+00  4.9621839E-02  1.7660704E+01  4.7328835E+00 
      1062 SSD  2.9786232E+01  1.2866434E+01  1.2980749E+01  3.7726913E-01  1.1811130E+02  3.2032095E+01 
      1063      2.2993059E+02  4.3637491E-01  1.1425485E+00  5.1500956E-02  1.9087269E+01  1.0536862E+01 
      1063 SSD  1.2855062E+03  8.8253660E+00  1.2840738E+01  4.0626231E-01  1.3645038E+02  7.6662358E+01 
      1064      8.8793307E+01  9.6065039E-01  6.3421390E-01  5.1229243E-02  2.2256100E+01  2.6803876E+00 
      1064 SSD  3.1406486E+02  1.2998904E+01  9.0136222E+00  3.9289160E-01  1.5311829E+02  1.9428293E+01 
      1065      3.1514691E+02  4.5071591E-01  6.2319035E-01  5.1506664E-02  2.3625180E+01  6.0398954E+00 
      1065 SSD  1.9231067E+03  8.9321416E+00  8.8224324E+00  4.0637697E-01  1.7360338E+02  4.7091833E+01 
      1066     -5.9550473E+01  8.9643392E-01  2.2245299E+00  5.0917378E-02  5.1194939E+00  4.9164802E+00 
      1066 SSD -6.7144929E+02  1.2599889E+01  2.1209607E+01  4.1376449E-01  3.0399109E+01  3.0043364E+01 
      1067     -5.9490333E+00  9.1966709E-01  1.6808494E+00  4.8935404E-02  1.1440510E+01  5.6348365E+00 
      1067 SSD -3.3241385E+02  1.2735212E+01  1.7000002E+01  3.8181183E-01  7.3271190E+01  3.6377303E+01 
      1068     -5.2410521E+00  4.2725193E-01  2.1924568E+00  5.5241210E-02  5.5985507E+00  1.1285175E+01 
      1068 SSD -3.3342115E+02  8.6956594E+00  2.1039729E+01  4.4386500E-01  3.5775414E+01  7.2933461E+01 
      1069      1.1340140E+02  4.2667891E-01  1.6654117E+00  5.1512091E-02  1.2601968E+01  1.2579530E+01 
      1069 SSD  4.6004019E+02  8.7312913E+00  1.6890967E+01  4.0886920E-01  8.6551248E+01  8.6999895E+01 
      1070      6.0619806E+01  9.6444231E-03 -1.9600209E+00  5.0351728E-02  4.7769561E+00 -1.8690544E+01 
      1070 SSD  1.5308592E+02  5.5106283E+00 -1.1930417E+01  3.8688816E-01  3.1815711E+01 -1.2927721E+02 
      1071      2.4946278E+02  1.0179013E-03 -1.4471388E+00  5.1794999E-02  1.0281163E+01 -1.9469873E+01 
      1071 SSD  1.4954442E+03  5.3703210E+00 -7.8307300E+00  4.0917463E-01  7.4828064E+01 -1.4110954E+02 
      1072      4.2148013E+02 -1.5682994E-02 -9.3374025E-01  5.1722976E-02  1.5491541E+01 -1.5602672E+01 
      1072 SSD  2.7724110E+03  5.2036805E+00 -3.6799569E+00  4.1142183E-01  1.1793603E+02 -1.1831099E+02 
      1073      5.3834850E+02 -3.2868840E-02 -4.2110894E-01  5.1660742E-02  1.9166877E+01 -8.5180457E+00 
      1073 SSD  3.6678666E+03  5.0570387E+00  4.5874732E-01  4.1130974E-01  1.5100061E+02 -6.5889685E+01 
      1074      3.2515901E+02 -5.2652930E-01 -1.4671818E+00  5.2137321E-02  5.5119277E+00 -2.3796041E+01 
      1074 SSD  2.0486347E+03  1.3011893E+00 -7.9648825E+00  4.1108843E-01  4.0302770E+01 -1.7679348E+02 
      1075      9.5209157E+01 -5.1644718E-01 -1.9852691E+00  5.1501337E-02  2.5427768E+00 -2.2807150E+01 
      1075 SSD  3.8655465E+02  1.5073239E+00 -1.2077835E+01  3.9475213E-01  1.6864249E+01 -1.5997538E+02 
      1076      5.3694948E+02 -5.3962876E-01 -9.5042152E-01  5.1926124E-02  8.3475157E+00 -1.9267144E+01 
      1076 SSD  3.6612700E+03  1.1134038E+00 -3.8283353E+00  4.1174025E-01  6.4928187E+01 -1.5133691E+02 
      1077      6.8336938E+02 -5.5423914E-01 -4.3578740E-01  5.1808396E-02  1.0492365E+01 -1.0670927E+01 
      1077 SSD  4.8326075E+03  9.4917826E-01  2.9297032E-01  4.1160204E-01  8.6883119E+01 -8.7861498E+01 
      1078      9.7615106E+00  1.0627917E+00 -1.4313185E+00  5.2188805E-02  1.2512924E+01 -5.8063998E+00 
      1078 SSD -1.9983263E+02  1.3627751E+01 -7.6601050E+00  4.2845607E-01  8.4473951E+01 -3.8213681E+01 
      1079      1.3606914E+02  5.2832115E-01 -1.4301909E+00  5.1637623E-02  1.2863455E+01 -1.2999930E+01 
      1079 SSD  6.7880052E+02  9.4326823E+00 -7.6937310E+00  4.1229199E-01  9.0745511E+01 -9.0899200E+01 
      1080     -4.9512504E+01  1.1066174E+00 -1.9070697E+00  4.6812527E-02  5.4699510E+00 -5.6934994E+00 
      1080 SSD -5.8858657E+02  1.3870617E+01 -1.1606174E+01  3.9181412E-01  3.5582696E+01 -3.5813336E+01 
      1081      8.4172770E+00  5.4298862E-01 -1.9213654E+00  4.7912394E-02  5.7249226E+00 -1.2624893E+01 
      1081 SSD -2.0137445E+02  9.5345513E+00 -1.1692018E+01  3.8156942E-01  3.8132072E+01 -8.4638207E+01 
      1082      6.2082797E+01  1.0234337E+00 -9.1172580E-01  5.4047972E-02  1.8749778E+01 -4.7229153E+00 
      1082 SSD  1.5370588E+02  1.3387017E+01 -3.3732559E+00  4.4099702E-01  1.2975754E+02 -3.1574307E+01 
      1083      2.5057939E+02  5.0515248E-01 -9.1964158E-01  5.1616610E-02  1.9361184E+01 -1.0375092E+01 
      1083 SSD  1.4977020E+03  9.2747212E+00 -3.5184523E+00  4.1410990E-01  1.4104355E+02 -7.5119042E+01 
      1084      9.6721151E+01  1.0014165E+00 -3.9894402E-01  5.3687581E-02  2.2917918E+01 -2.5715893E+00 
      1084 SSD  3.8974280E+02  1.3254323E+01  8.4767109E-01  4.3101605E-01  1.6059413E+02 -1.7468336E+01 
      1085      3.2719565E+02  4.8529220E-01 -4.0858930E-01  5.1549642E-02  2.3784930E+01 -5.6242751E+00 
      1085 SSD  2.0561116E+03  9.1462708E+00  6.4513994E-01  4.1240456E-01  1.7702015E+02 -4.1158847E+01 
      1086      1.0549597E+02 -3.1645984E+00  8.5538661E-03  5.2581811E-02 -2.4036505E+01 -1.5947665E-01 
      1086 SSD  4.3888878E+02 -1.9816245E+01  3.4542731E+00  4.1662152E-01 -1.6798508E+02 -1.9804577E+00 
      1087      3.4859841E+02 -2.6506072E+00  1.9819497E-02  5.1615022E-02 -2.5261011E+01 -4.7057972E-01 
      1087 SSD  2.1942566E+03 -1.5721828E+01  3.6881427E+00  4.1092868E-01 -1.8854300E+02 -5.3566820E+00 
      1088      5.7457840E+02 -2.1333070E+00  3.3141091E-02  5.1722562E-02 -2.0565976E+01 -5.3608880E-01 
      1088 SSD  3.9247110E+03 -1.1608522E+01  3.8955613E+00  4.1099095E-01 -1.6315543E+02 -6.9613957E+00 
      1089      7.3286187E+02 -1.6127705E+00  4.7885358E-02  5.1812034E-02 -1.1525195E+01 -4.2583376E-01 
      1089 SSD  5.2179462E+03 -7.4769584E+00  4.0745313E+00  4.1181640E-01 -9.9737112E+01 -6.9142251E+00 
      1090      3.2747442E+02 -2.6683185E+00  5.3509897E-01  5.1603679E-02 -2.3818387E+01  5.4482289E+00 
      1090 SSD  2.0516838E+03 -1.5826914E+01  7.8219323E+00  4.1385482E-01 -1.7716267E+02  4.0042589E+01 
      1091      2.5238341E+02 -2.6870978E+00  1.0460068E+00  5.1947903E-02 -1.9469723E+01  1.0245769E+01 
      1091 SSD  1.5033274E+03 -1.5948606E+01  1.1994519E+01  4.1650443E-01 -1.4154857E+02  7.4201822E+01 
      1092      1.3864215E+02 -2.7084038E+00  1.5558017E+00  5.2068025E-02 -1.2983470E+01  1.2984208E+01 
      1092 SSD  6.9103181E+02 -1.6096911E+01  1.6171794E+01  4.1403221E-01 -9.1303361E+01  9.0521703E+01 
      1093      1.0647282E+01 -2.7216426E+00  2.0468326E+00  5.0630232E-02 -5.8234524E+00  1.2719835E+01 
      1093 SSD -1.8814729E+02 -1.6193123E+01  2.0174637E+01  3.9692595E-01 -3.8581266E+01  8.4853486E+01 
      1094      6.3085126E+01 -3.2097624E+00  1.0387478E+00  5.3928291E-02 -1.8803381E+01  4.6673516E+00 
      1094 SSD  1.5665795E+02 -2.0088313E+01  1.1853894E+01  4.4104603E-01 -1.2976179E+02  3.1074876E+01 
      1095      9.6964885E+01 -3.1860823E+00  5.2619740E-01  5.3444782E-02 -2.2896361E+01  2.4893888E+00 
      1095 SSD  3.8708003E+02 -1.9946444E+01  7.6188017E+00  4.3337056E-01 -1.6009127E+02  1.6873037E+01 
      1096      1.1192013E+01 -3.2482702E+00  1.5594721E+00  5.1446986E-02 -1.2630453E+01  5.7853781E+00 
      1096 SSD -1.9252460E+02 -2.0323757E+01  1.6155687E+01  4.2224044E-01 -8.4925936E+01  3.7842503E+01 
      1097     -4.8166772E+01 -3.2991166E+00  2.0434253E+00  4.5709651E-02 -5.5657589E+00  5.7385377E+00 
      1097 SSD -5.7929044E+02 -2.0611577E+01  2.0156748E+01  3.8238634E-01 -3.6002293E+01  3.5801924E+01 
      1098      5.4116559E+02 -1.6404100E+00  1.0761443E+00  5.1935355E-02 -8.4783053E+00  1.9101417E+01 
      1098 SSD  3.6810479E+03 -7.7779411E+00  1.2298663E+01  4.1176010E-01 -6.5802079E+01  1.5037047E+02 
      1099      4.2442423E+02 -2.1656319E+00  1.0598666E+00  5.1730490E-02 -1.5616775E+01  1.5447434E+01 
      1099 SSD  2.7841694E+03 -1.1874064E+01  1.2153854E+01  4.1171862E-01 -1.1867105E+02  1.1730479E+02 
      1100      6.8533395E+02 -1.6269314E+00  5.6236281E-01  5.1814222E-02 -1.0610832E+01  1.0386314E+01 
      1100 SSD  4.8397710E+03 -7.6193179E+00  8.1785342E+00  4.1185228E-01 -8.7783805E+01  8.6311134E+01 
      1101      5.3926235E+02 -2.1492018E+00  5.4767825E-01  5.1691717E-02 -1.9256840E+01  8.2704871E+00 
      1101 SSD  3.6673932E+03 -1.1731803E+01  8.0115809E+00  4.1175994E-01 -1.5162378E+02  6.4460251E+01 
      1102      9.9067571E+01 -1.6599689E+00  2.1066887E+00  5.1622914E-02 -2.6186826E+00  2.3024113E+01 
      1102 SSD  4.0725280E+02 -8.1558438E+00  2.0530452E+01  3.9436968E-01 -1.7232336E+01  1.6092479E+02 
      1103      3.3014774E+02 -1.6518235E+00  1.5912583E+00  5.2138439E-02 -5.6280166E+00  2.3811368E+01 
      1103 SSD  2.0736786E+03 -7.9582432E+00  1.6429024E+01  4.1056476E-01 -4.0984169E+01  1.7672849E+02 
      1104      6.3714132E+01 -2.1909474E+00  2.0857252E+00  5.0340515E-02 -4.8649426E+00  1.8850321E+01 
      1104 SSD  1.7019626E+02 -1.2184809E+01  2.0408688E+01  3.8663152E-01 -3.2191263E+01  1.2987299E+02 
      1105      2.5325480E+02 -2.1818219E+00  1.5723468E+00  5.1764098E-02 -1.0410916E+01  1.9459723E+01 
      1105 SSD  1.5138139E+03 -1.2039080E+01  1.6303947E+01  4.0917103E-01 -7.5507888E+01  1.4080250E+02 
      1106     -7.7557228E+00 -2.6093579E+00 -2.0724512E+00  5.5635781E-02 -5.4641203E+00 -1.1116740E+01 
      1106 SSD -3.4806361E+02 -1.5393846E+01 -1.2611669E+01  4.4842433E-01 -3.5135334E+01 -7.1928577E+01 
      1107      1.0951775E+02 -2.6106883E+00 -1.5418082E+00  5.1851875E-02 -1.2381970E+01 -1.2484831E+01 
      1107 SSD  4.3661713E+02 -1.5435890E+01 -8.4484944E+00  4.1221202E-01 -8.5443504E+01 -8.6280099E+01 
      1108      2.2570542E+02 -2.6206827E+00 -1.0170577E+00  5.1713650E-02 -1.8869141E+01 -1.0577038E+01 
      1108 SSD  1.2583152E+03 -1.5526183E+01 -4.3905313E+00  4.0796092E-01 -1.3532753E+02 -7.6680696E+01 
      1109      3.1189579E+02 -2.6347149E+00 -4.9655249E-01  5.1583308E-02 -2.3474669E+01 -6.2050884E+00 
      1109 SSD  1.8996528E+03 -1.5625683E+01 -3.6569576E-01  4.0762864E-01 -1.7280058E+02 -4.7859662E+01 
      1110     -7.5304182E+00 -3.1099494E+00 -1.5573549E+00  4.8961471E-02 -1.1185121E+01 -5.5947342E+00 
      1110 SSD -3.4330145E+02 -1.9479000E+01 -8.5657984E+00  3.8021927E-01 -7.1819183E+01 -3.6018498E+01 
      1111     -6.0515030E+01 -3.0936147E+00 -2.1056055E+00  5.2487775E-02 -4.9349250E+00 -4.8430071E+00 
      1111 SSD -6.7794259E+02 -1.9386976E+01 -1.2789916E+01  4.2000990E-01 -2.9408770E+01 -2.9529160E+01 
      1112      4.6535593E+01 -3.1271959E+00 -1.0293014E+00  5.0012941E-02 -1.7384408E+01 -4.7396971E+00 
      1112 SSD  1.6391828E+01 -1.9584532E+01 -4.5405271E+00  3.8290159E-01 -1.1642692E+02 -3.1939330E+01 
      1113      8.7347122E+01 -3.1455309E+00 -5.0721652E-01  5.1150859E-02 -2.2037222E+01 -2.7527083E+00 
      1113 SSD  3.0179698E+02 -1.9699994E+01 -5.6421974E-01  3.9541415E-01 -1.5164432E+02 -1.9768111E+01 
      1114      3.1069064E+02 -1.5768448E+00 -1.5052651E+00  5.2149888E-02 -6.1572040E+00 -2.3519602E+01 
      1114 SSD  1.8954809E+03 -7.0204071E+00 -8.1946368E+00  4.1623714E-01 -4.8061382E+01 -1.7316262E+02 
      1115      2.2499039E+02 -2.0955560E+00 -1.5239438E+00  5.1983005E-02 -1.0524539E+01 -1.8954195E+01 
      1115 SSD  1.2538493E+03 -1.1236336E+01 -8.3195962E+00  4.1680397E-01 -7.6510451E+01 -1.3601291E+02 
      1116      8.6195315E+01 -1.5696600E+00 -2.0275857E+00  5.4733502E-02 -2.7328965E+00 -2.1973569E+01 
      1116 SSD  2.9553065E+02 -6.8449574E+00 -1.2339267E+01  4.3614725E-01 -2.0224089E+01 -1.5160623E+02 
      1117      4.5599997E+01 -2.0875881E+00 -2.0476387E+00  5.5577678E-02 -4.7180594E+00 -1.7344049E+01 
      1117 SSD  7.8085269E+00 -1.1101020E+01 -1.2466238E+01  4.5014973E-01 -3.2080928E+01 -1.1656157E+02 
      1118      6.7452345E+02 -1.5991432E+00 -4.6768280E-01  5.1866490E-02 -1.0978734E+01 -1.1070080E+01 
      1118 SSD  4.7083184E+03 -7.3380370E+00 -1.1373338E-02  4.1204029E-01 -9.2904675E+01 -9.3134708E+01 
      1119      5.2304684E+02 -1.5868816E+00 -9.8522220E-01  5.1995770E-02 -9.0714972E+00 -1.9366472E+01 
      1119 SSD  3.4963485E+03 -7.1877643E+00 -4.0938882E+00  4.1339034E-01 -7.3715870E+01 -1.5066512E+02 
      1120      5.2376847E+02 -2.1187830E+00 -4.8296106E-01  5.1779441E-02 -1.9306711E+01 -9.1552363E+00 
      1120 SSD  3.4980971E+03 -1.1492628E+01 -1.7834640E-01  4.1067228E-01 -1.5046809E+02 -7.3859265E+01 
      1121      3.9810685E+02 -2.1059409E+00 -1.0019553E+00  5.1896325E-02 -1.5728867E+01 -1.5801038E+01 
      1121 SSD  2.5247523E+03 -1.1369136E+01 -4.2370568E+00  4.1249090E-01 -1.1894054E+02 -1.1926157E+02 

