      NODE            V1             V2             V3             VR1            VR2            VR3
      1001     -1.8550910E+02 -7.8197755E+00  4.8747416E+00  5.3745861E-01  1.5661765E+00 -1.5876436E+00 
      1001 SSD -1.2105210E+03 -3.6500745E+01  3.3497522E+01  2.3602935E+00  7.6897574E+00 -8.1956558E+00 
      1002     -1.8518404E+02 -7.4233805E+00  4.7914795E+00  1.8169152E+00  1.5335366E-01  5.3021156E+00 
      1002 SSD -1.2090471E+03 -3.3759862E+01  3.2992184E+01  9.1222491E+00  2.1837623E+00  2.7151717E+01 
      1003     -1.8480965E+02 -5.9916619E+00  4.8724277E+00  7.1832530E-01  1.1273348E-01  1.5478644E+01 
      1003 SSD -1.2073716E+03 -2.5850154E+01  3.3329217E+01  4.2143841E+00  1.3749003E+00  7.7650727E+01 
      1004     -1.8472791E+02 -5.0590843E+00  4.8591639E+00  5.4010868E-01 -3.5582690E-01  2.4670939E+01 
      1004 SSD -1.2068206E+03 -2.0646685E+01  3.3241519E+01  3.6697053E+00 -1.0428705E+00  1.2366450E+02 
      1005     -1.8463231E+02 -4.0054240E+00  4.8760746E+00  1.5351644E-01 -5.7935871E-01  3.0774336E+01 
      1005 SSD -1.2063251E+03 -1.4794434E+01  3.3342328E+01  1.6800401E+00 -3.0813086E+00  1.5415164E+02 
      1006     -1.8466863E+02 -2.9868309E+00  4.8918071E+00 -2.3839931E-01 -7.4506584E-01  3.2460678E+01 
      1006 SSD -1.2064872E+03 -8.9342375E+00  3.3491057E+01 -6.9321856E-01 -4.3082630E+00  1.6177795E+02 
      1007     -1.8483932E+02 -1.9735385E+00  4.9053087E+00 -5.3701781E-01 -6.9532855E-01  2.9536722E+01 
      1007 SSD -1.2076004E+03 -2.9101855E+00  3.3617579E+01 -2.7659442E+00 -4.1075502E+00  1.4549297E+02 
      1008     -1.8518401E+02 -1.0006839E+00  4.9016951E+00 -7.6656919E-01 -4.4982374E-01  2.2622906E+01 
      1008 SSD -1.2096345E+03  2.9644833E+00  3.3622210E+01 -4.2162315E+00 -2.9949846E+00  1.0985551E+02 
      1009     -1.8549965E+02  1.0252270E-01  4.9277726E+00 -5.2781069E-01 -3.0677273E-01  1.3507633E+01 
      1009 SSD -1.2116393E+03  9.5323614E+00  3.3713656E+01 -3.1482424E+00 -1.9194942E+00  6.4726779E+01 
      1010     -1.8611557E+02  8.9590085E-01  4.9059288E+00 -7.6444783E-01  7.0523169E-01  4.3082474E+00 
      1010 SSD -1.2145538E+03  1.4492920E+01  3.3580099E+01 -4.4693079E+00  3.0598299E+00  2.0409683E+01 
      1011     -1.8625596E+02  1.9768969E+00  4.9721232E+00  8.2921653E-01 -2.1403879E-01 -7.5632641E-01 
      1011 SSD -1.2156892E+03  2.0764054E+01  3.3771314E+01  3.6714483E+00 -1.0366629E+00 -3.1835278E+00 
      1012     -1.8724493E+02  1.9890322E+00 -5.1677251E+00  5.7997418E-01 -1.5875592E+00  1.4530469E+00 
      1012 SSD -1.2221703E+03  2.0710541E+01 -2.5316804E+01  2.6630802E+00 -7.8030817E+00  7.5804282E+00 
      1013     -1.8676086E+02  1.6038953E+00 -5.0781730E+00  1.5521817E+00 -1.6062143E-01 -5.0838734E+00 
      1013 SSD -1.2196369E+03  1.8012407E+01 -2.4779746E+01  7.8959171E+00 -2.1420275E+00 -2.6336506E+01 
      1014     -1.8624371E+02  2.6622515E-01 -5.1361308E+00  7.9090746E-01 -1.2225163E-01 -1.4931716E+01 
      1014 SSD -1.2169789E+03  1.0538794E+01 -2.5012292E+01  4.5261080E+00 -1.3428299E+00 -7.5704246E+01 
      1015     -1.8601566E+02 -7.2035607E-01 -5.1218811E+00  5.4504648E-01  3.4476169E-01 -2.3815017E+01 
      1015 SSD -1.2154581E+03  5.0667787E+00 -2.4921938E+01  3.6932165E+00  1.0811740E+00 -1.2072211E+02 
      1016     -1.8576726E+02 -1.7454805E+00 -5.1329343E+00  1.7154588E-01  5.7182094E-01 -2.9650192E+01 
      1016 SSD -1.2139514E+03 -6.7430233E-01 -2.5002755E+01  1.6787965E+00  3.1140792E+00 -1.5026198E+02 
      1017     -1.8564982E+02 -2.7603493E+00 -5.1471038E+00 -1.8727802E-01  7.6064768E-01 -3.1218292E+01 
      1017 SSD -1.2130956E+03 -6.5023961E+00 -2.5144927E+01 -5.3859596E-01  4.4491571E+00 -1.5743118E+02 
      1018     -1.8567993E+02 -3.8065579E+00 -5.1650024E+00 -4.6464211E-01  7.0763918E-01 -2.8384716E+01 
      1018 SSD -1.2132716E+03 -1.2701287E+01 -2.5292186E+01 -2.4154399E+00  4.2042975E+00 -1.4152534E+02 
      1019     -1.8588417E+02 -4.7937625E+00 -5.1674483E+00 -7.9808291E-01  4.5514013E-01 -2.1665177E+01 
      1019 SSD -1.2143778E+03 -1.8657897E+01 -2.5326305E+01 -4.4391679E+00  3.0040871E+00 -1.0648504E+02 
      1020     -1.8603932E+02 -5.8450757E+00 -5.1856382E+00 -5.8905756E-01  3.5234297E-01 -1.2856031E+01 
      1020 SSD -1.2153189E+03 -2.4953032E+01 -2.5376694E+01 -3.4940164E+00  2.1378710E+00 -6.2272277E+01 
      1021     -1.8648348E+02 -6.7228635E+00 -5.1633657E+00 -6.2290335E-01 -6.0371966E-01 -4.1838124E+00 
      1021 SSD -1.2171797E+03 -3.0291867E+01 -2.5224560E+01 -3.7259422E+00 -2.7081766E+00 -1.9974154E+01 
      1022     -1.8650249E+02 -7.7695495E+00 -5.2079594E+00  5.7940830E-01  1.2611071E-01  7.4647722E-01 
      1022 SSD -1.2173758E+03 -3.6395769E+01 -2.5324629E+01  2.5968933E+00  6.3950073E-01  3.2308048E+00 
      1023     -1.8610098E+02 -7.8134706E+00 -4.4054865E+00  9.6276536E-01 -3.8444234E+00 -3.7304577E-01 
      1023 SSD -1.2152695E+03 -3.6557168E+01 -2.0472427E+01  4.6480654E+00 -1.8789475E+01 -1.9927815E+00 
      1024     -1.8569589E+02 -7.8437715E+00 -3.2675888E+00  8.7803646E-01 -1.2717606E+01  1.3636561E-01 
      1024 SSD -1.2129917E+03 -3.6678537E+01 -1.4108745E+01  5.0734671E+00 -6.2392476E+01  1.1598150E+00 
      1025     -1.8533464E+02 -7.8583657E+00 -2.2565520E+00  6.5617702E-01 -2.1946451E+01  4.4127777E-01 
      1025 SSD -1.2108180E+03 -3.6742997E+01 -8.4304804E+00  4.2798256E+00 -1.0836553E+02  2.9986736E+00 
      1026     -1.8500565E+02 -7.8676287E+00 -1.2443422E+00  3.1798246E-01 -2.8746631E+01  7.1896724E-01 
      1026 SSD -1.2087507E+03 -3.6826858E+01 -2.7707604E+00  2.5981209E+00 -1.4286250E+02  4.4313705E+00 
      1027     -1.8483017E+02 -7.8780417E+00 -2.5136437E-01 -5.7621623E-02 -3.1623126E+01  7.4533147E-01 
      1027 SSD -1.2075601E+03 -3.6947311E+01  2.8942215E+00  3.6504578E-01 -1.5788812E+02  4.4623969E+00 
      1028     -1.8474211E+02 -7.8937348E+00  7.5498596E-01 -3.4930084E-01 -3.0101245E+01  5.2195988E-01 
      1028 SSD -1.2070217E+03 -3.7075502E+01  8.8375001E+00 -1.6957492E+00 -1.5003227E+02  2.8790616E+00 
      1029     -1.8481574E+02 -7.9021345E+00  1.7341294E+00 -6.8124634E-01 -2.4349395E+01  3.2130752E-01 
      1029 SSD -1.2073469E+03 -3.7132697E+01  1.4786486E+01 -3.8733881E+00 -1.2037779E+02  1.0343202E+00 
      1030     -1.8493742E+02 -7.8997089E+00  2.7817694E+00 -5.6334061E-01 -1.5826542E+01 -2.1610982E-01 
      1030 SSD -1.2080470E+03 -3.7073284E+01  2.1131128E+01 -3.4716977E+00 -7.7421747E+01 -1.9422245E+00 
      1031     -1.8529087E+02 -7.8891887E+00  3.6020641E+00 -9.9156079E-01 -5.7262288E+00 -1.0133202E-01 
      1031 SSD -1.2094981E+03 -3.6984952E+01  2.6160916E+01 -5.7501384E+00 -2.7671467E+01 -1.9575887E+00 
      1032     -1.8604189E+02  2.0163879E+00  4.1471953E+00  9.7217094E-01  3.8870450E+00  3.3806653E-01 
      1032 SSD -1.2148852E+03  2.0912002E+01  2.8798070E+01  4.6661737E+00  1.9175774E+01  1.8588717E+00 
      1033     -1.8581591E+02  2.0471863E+00  3.0266513E+00  9.0567116E-01  1.2843045E+01 -1.7313229E-01 
      1033 SSD -1.2138516E+03  2.1024095E+01  2.2482906E+01  5.1837714E+00  6.3481564E+01 -1.3389251E+00 
      1034     -1.8565109E+02  2.0627908E+00  2.0190455E+00  6.5198786E-01  2.2132439E+01 -4.6081267E-01 
      1034 SSD -1.2130002E+03  2.1085624E+01  1.6815985E+01  4.2468846E+00  1.1007740E+02 -3.1071159E+00 
      1035     -1.8552439E+02  2.0738601E+00  1.0105718E+00  3.0293195E-01  2.8900637E+01 -7.4814650E-01 
      1035 SSD -1.2122832E+03  2.1171149E+01  1.1173444E+01  2.5140968E+00  1.4467353E+02 -4.6285333E+00 
      1036     -1.8555005E+02  2.0868672E+00  1.9135931E-02 -7.8172600E-02  3.1689413E+01 -7.3645425E-01 
      1036 SSD -1.2124177E+03  2.1304535E+01  5.5348069E+00  2.6425617E-01  1.5943432E+02 -4.4575600E+00 
      1037     -1.8567608E+02  2.1013328E+00 -9.9075569E-01 -3.7112735E-01  3.0053510E+01 -5.4531734E-01 
      1037 SSD -1.2133179E+03  2.1424804E+01 -4.1432474E-01 -1.8106467E+00  1.5096425E+02 -3.1362725E+00 
      1038     -1.8597793E+02  2.1077675E+00 -1.9705883E+00 -7.0402263E-01  2.4196358E+01 -3.5388092E-01 
      1038 SSD -1.2151066E+03  2.1484732E+01 -6.3321585E+00 -3.9729029E+00  1.2064479E+02 -1.2080320E+00 
      1039     -1.8630259E+02  2.1013273E+00 -3.0275171E+00 -5.6062821E-01  1.5682559E+01  2.3897937E-01 
      1039 SSD -1.2171150E+03  2.1418577E+01 -1.2706073E+01 -3.4276520E+00  7.7459264E+01  2.0063107E+00 
      1040     -1.8678992E+02  2.0990537E+00 -3.8030554E+00 -1.0052725E+00  5.6737288E+00  1.3982505E-01 
      1040 SSD -1.2196213E+03  2.1378271E+01 -1.7501039E+01 -5.8306109E+00  2.7690374E+01  2.0093013E+00 
      1041      2.0140531E+02 -2.9681616E+00  3.8806400E+00  1.0332173E-01  1.9419813E-01  4.5983518E+01 
      1041 SSD  8.3316160E+02 -8.6459608E+00  2.7562089E+01  5.9450899E-01  2.5941020E+00  2.5300688E+02 
      1042      6.6463352E+02 -2.9544203E+00  2.8779893E+00  1.0073277E-01  6.2893978E-01  4.7935143E+01 
      1042 SSD  3.4392793E+03 -8.4048583E+00  2.1712295E+01  5.8674453E-01  6.0386949E+00  2.7590825E+02 
      1043      1.0915467E+03 -2.9357714E+00  1.8770538E+00  1.0062036E-01  6.3998202E-01  3.8639449E+01 
      1043 SSD  5.9427268E+03 -8.1793832E+00  1.5868278E+01  5.8653013E-01  7.0805632E+00  2.3258092E+02 
      1044      1.3870255E+03 -2.9131447E+00  8.7865523E-01  1.0044914E-01  3.6655493E-01  2.1279186E+01 
      1044 SSD  7.7620107E+03 -7.9719692E+00  1.0038777E+01  5.8586162E-01  6.2325266E+00  1.3706975E+02 
      1045      1.4900774E+03 -2.8878484E+00 -1.1889746E-01  1.0041153E-01 -9.1234078E-02 -3.8166595E-01 
      1045 SSD  8.4320478E+03 -7.7746349E+00  4.2166141E+00  5.8570398E-01 -6.4927261E-01 -1.4925664E+00 
      1046      1.3799448E+03 -2.8617993E+00 -1.1170726E+00  1.0048794E-01 -5.4642483E-01 -2.1948157E+01 
      1046 SSD  7.7341227E+03 -7.5754439E+00 -1.6074402E+00  5.8602212E-01 -7.4752898E+00 -1.3969583E+02 
      1047      1.0793174E+03 -2.8369085E+00 -2.1173842E+00  1.0073139E-01 -8.0782714E-01 -3.9006481E+01 
      1047 SSD  5.8947072E+03 -7.3622050E+00 -7.4431174E+00  5.8710154E-01 -8.1540231E+00 -2.3398090E+02 
      1048      6.5100984E+02 -2.8143426E+00 -3.1221463E+00  1.0104471E-01 -7.5341419E-01 -4.7845043E+01 
      1048 SSD  3.3861473E+03 -7.1253041E+00 -1.3302155E+01  5.8842476E-01 -6.7527719E+00 -2.7551113E+02 
      1049      1.9125082E+02 -2.7950601E+00 -4.1327149E+00  1.0328492E-01 -2.5053472E-01 -4.5370894E+01 
      1049 SSD  7.9345122E+02 -6.8665852E+00 -1.9188914E+01  5.9459844E-01 -2.8458459E+00 -2.5070419E+02 
      1050      1.3841537E+03 -1.8777440E+00 -8.9734495E-02  1.0031260E-01  2.1579006E+01  9.3825875E-02 
      1050 SSD  7.7527036E+03 -1.8870357E+00  4.4289973E+00  5.8512002E-01  1.3811099E+02  5.4169661E+00 
      1051      1.0861847E+03 -8.7150156E-01 -6.2185048E-02  1.0011356E-01  3.8849755E+01  4.0624104E-01 
      1051 SSD  5.9241199E+03  3.9815440E+00  4.6532303E+00  5.8387915E-01  2.3338809E+02  6.2088913E+00 
      1052      6.5814078E+02  1.2867263E-01 -3.7033201E-02  9.9858462E-02  4.7965900E+01  4.7350792E-01 
      1052 SSD  3.4156442E+03  9.8207821E+00  4.9000637E+00  5.8200226E-01  2.7614665E+02  5.1400036E+00 
      1053      1.9585172E+02  1.1227326E+00 -1.4876919E-02  1.0191442E-01  4.5769939E+01  1.1379584E-01 
      1053 SSD  8.1192612E+02  1.5629102E+01  5.1687962E+00  5.8914255E-01  2.5237396E+02  1.6568147E+00 
      1054      9.9564321E+02 -8.9947089E-01  9.3767635E-01  1.0013929E-01  3.6618419E+01  1.6793173E+01 
      1054 SSD  5.3460777E+03  3.8082731E+00  1.0455041E+01  5.8346536E-01  2.1694813E+02  1.0320096E+02 
      1055      7.6133476E+02 -9.2393359E-01  1.9414959E+00  1.0029176E-01  2.9974845E+01  2.9721022E+01 
      1055 SSD  3.9538281E+03  3.6324978E+00  1.6247899E+01  5.8548759E-01  1.7365314E+02  1.7305366E+02 
      1056      4.3318256E+02 -9.4367560E-01  2.9492202E+00  1.0033199E-01  2.0193309E+01  3.6145055E+01 
      1056 SSD  2.0828539E+03  3.4544519E+00  2.2068846E+01  5.8840669E-01  1.1367904E+02  2.0265321E+02 
      1057      8.9155729E+01 -9.5832081E-01  3.9608775E+00  1.0744033E-01  9.1317964E+00  3.3446830E+01 
      1057 SSD  1.9807429E+02  3.2841919E+00  2.7966561E+01  6.3417774E-01  4.9076924E+01  1.7909159E+02 
      1058      9.9841264E+02 -1.9264823E+00  1.9100953E+00  1.0045834E-01  1.7094424E+01  3.6364762E+01 
      1058 SSD  5.3549780E+03 -2.2734331E+00  1.6055678E+01  5.8678137E-01  1.0427697E+02  2.1622745E+02 
      1059      1.2804700E+03 -1.9037256E+00  9.0897371E-01  1.0034585E-01  2.0616771E+01  2.0302958E+01 
      1059 SSD  7.0699021E+03 -2.0773126E+00  1.0242636E+01  5.8535065E-01  1.2965322E+02  1.2862834E+02 
      1060      5.9684079E+02 -1.9448433E+00  2.9141062E+00  1.0050236E-01  1.1672782E+01  4.4729190E+01 
      1060 SSD  3.0235386E+03 -2.4797982E+00  2.1887742E+01  5.8932110E-01  6.9106855E+01  2.5513662E+02 
      1061      1.6739736E+02 -1.9579403E+00  3.9196747E+00  1.0563669E-01  5.2510825E+00  4.2284274E+01 
      1061 SSD  6.3074420E+02 -2.6864531E+00  2.7756984E+01  6.1973022E-01  2.9919765E+01  2.3025035E+02 
      1062      8.6796570E+01  1.0479867E+00  1.9934046E+00  9.6214055E-02  3.3539495E+01  8.9564877E+00 
      1062 SSD  1.9649772E+02  1.5238041E+01  1.6626037E+01  5.4378301E-01  1.7934425E+02  4.8355048E+01 
      1063      4.3152991E+02  7.1429896E-02  1.9701695E+00  9.9771472E-02  3.6228044E+01  1.9935594E+01 
      1063 SSD  2.0807285E+03  9.5063329E+00  1.6444510E+01  5.7910990E-01  2.0240416E+02  1.1294320E+02 
      1064      1.6324776E+02  1.0859731E+00  9.8433239E-01  9.9321403E-02  4.2221078E+01  5.0523668E+00 
      1064 SSD  6.1990949E+02  1.5439407E+01  1.0908403E+01  5.6514218E-01  2.3012756E+02  2.8599572E+01 
      1065      5.9252951E+02  9.8098743E-02  9.6350401E-01  9.9801998E-02  4.4791427E+01  1.1376242E+01 
      1065 SSD  3.0110171E+03  9.6620329E+00  1.0681012E+01  5.7926104E-01  2.5510487E+02  6.7726873E+01 
      1066     -1.1777300E+02  9.6476419E-01  4.0645576E+00  9.8542081E-02  9.7530812E+00  9.3296141E+00 
      1066 SSD -8.7847233E+02  1.4819482E+01  2.8449990E+01  5.8447930E-01  4.8235405E+01  4.7130383E+01 
      1067     -1.6078759E+01  1.0086964E+00  3.0126226E+00  9.4830633E-02  2.1754173E+01  1.0681478E+01 
      1067 SSD -3.5342806E+02  1.5035338E+01  2.2412132E+01  5.4562129E-01  1.1302979E+02  5.5893366E+01 
      1068     -1.4398016E+01  5.5669058E-02  4.0031315E+00  1.0680860E-01  1.0654655E+01  2.1436034E+01 
      1068 SSD -3.5164025E+02  9.3451096E+00  2.8168053E+01  6.2957156E-01  5.5203206E+01  1.1212696E+02 
      1069      2.1077402E+02  5.3742063E-02  2.9830169E+00  9.9755851E-02  2.3948045E+01  2.3851522E+01 
      1069 SSD  8.5300926E+02  9.3792481E+00  2.2250409E+01  5.8162701E-01  1.3018486E+02  1.3050598E+02 
      1070      1.0894318E+02 -7.5994054E-01 -4.0421146E+00  9.7503117E-02  9.0284992E+00 -3.5369098E+01 
      1070 SSD  3.5888337E+02  4.7647268E+00 -1.8737552E+01  5.5547234E-01  4.8318443E+01 -1.9368939E+02 
      1071      4.6643746E+02 -7.7632712E-01 -3.0484988E+00  1.0031882E-01  1.9449162E+01 -3.6869619E+01 
      1071 SSD  2.3519543E+03  4.5953842E+00 -1.2917424E+01  5.8295513E-01  1.1029820E+02 -2.0819151E+02 
      1072      7.9221428E+02 -8.0792807E-01 -2.0536425E+00  1.0019284E-01  2.9303386E+01 -2.9555526E+01 
      1072 SSD  4.2216411E+03  4.3723605E+00 -7.0453986E+00  5.8491558E-01  1.7127407E+02 -1.7208369E+02 
      1073      1.0137531E+03 -8.4035806E-01 -1.0600608E+00  1.0008313E-01  3.6243928E+01 -1.6171555E+01 
      1073 SSD  5.5203336E+03  4.1672923E+00 -1.1875212E+00  5.8460958E-01  2.1689195E+02 -9.5346930E+01 
      1074      6.0967015E+02 -1.7974355E+00 -3.0859723E+00  1.0096466E-01  1.0435229E+01 -4.5058801E+01 
      1074 SSD  3.1666443E+03 -1.2449836E+00 -1.3119554E+01  5.8602111E-01  5.9391704E+01 -2.5875688E+02 
      1075      1.7433242E+02 -1.7783666E+00 -4.0895351E+00  9.9689658E-02  4.8053811E+00 -4.3164719E+01 
      1075 SSD  7.1204519E+02 -1.0063742E+00 -1.8970655E+01  5.6744117E-01  2.5685983E+01 -2.3861953E+02 
      1076      1.0106626E+03 -1.8222425E+00 -2.0847498E+00  1.0057378E-01  1.5801933E+01 -3.6472100E+01 
      1076 SSD  5.5084188E+03 -1.4762000E+00 -7.2497603E+00  5.8593359E-01  9.3749401E+01 -2.1762137E+02 
      1077      1.2879002E+03 -1.8498280E+00 -1.0874487E+00  1.0035664E-01  1.9829851E+01 -2.0217735E+01 
      1077 SSD  7.1835787E+03 -1.6895679E+00 -1.4020771E+00  5.8539941E-01  1.2295335E+02 -1.2459826E+02 
      1078      1.2999448E+01  1.2783456E+00 -3.0195128E+00  1.0115229E-01  2.3668817E+01 -1.1000190E+01 
      1078 SSD -1.6928537E+02  1.6415592E+01 -1.2692878E+01  6.0394096E-01  1.2755362E+02 -5.8285279E+01 
      1079      2.5193341E+02  2.4433103E-01 -3.0169294E+00  1.0001340E-01  2.4334768E+01 -2.4624144E+01 
      1079 SSD  1.1443786E+03  1.0427858E+01 -1.2723031E+01  5.8545154E-01  1.3507472E+02 -1.3574479E+02 
      1080     -9.9248872E+01  1.3609794E+00 -3.9426600E+00  9.0850678E-02  1.0332638E+01 -1.0776014E+01 
      1080 SSD -7.6265116E+02  1.6808031E+01 -1.8233114E+01  5.4799590E-01  5.4388155E+01 -5.5444803E+01 
      1081      1.0251228E+01  2.7211963E-01 -3.9694778E+00  9.2891423E-02  1.0823201E+01 -2.3888681E+01 
      1081 SSD -1.7582873E+02  1.0579826E+01 -1.8368338E+01  5.4153456E-01  5.7898075E+01 -1.2812553E+02 
      1082      1.1213464E+02  1.2042168E+00 -2.0128626E+00  1.0467270E-01  3.5491336E+01 -8.9487776E+00 
      1082 SSD  3.6516829E+02  1.6041821E+01 -6.6664705E+00  6.2264908E-01  1.9437341E+02 -4.7918806E+01 
      1083      4.6888984E+02  2.0053420E-01 -2.0274337E+00  9.9995961E-02  3.6638576E+01 -1.9664550E+01 
      1083 SSD  2.3584997E+03  1.0191156E+01 -6.8371531E+00  5.8718184E-01  2.0771673E+02 -1.1095821E+02 
      1084      1.7781902E+02  1.1628345E+00 -1.0189478E+00  1.0398200E-01  4.3404033E+01 -4.8788732E+00 
      1084 SSD  7.2125390E+02  1.5834041E+01 -7.2715979E-01  6.1156299E-01  2.3965028E+02 -2.6399687E+01 
      1085      6.1422755E+02  1.6307922E-01 -1.0367755E+00  9.9882607E-02  4.5024898E+01 -1.0683942E+01 
      1085 SSD  3.1819828E+03  9.9947817E+00 -9.6025799E-01  5.8531402E-01  2.5892442E+02 -6.0671410E+01 
      1086      1.9509780E+02 -6.9056159E+00 -2.2011836E-01  1.0176317E-01 -4.5572113E+01 -2.9487451E-01 
      1086 SSD  8.0194182E+02 -3.1211594E+01  3.2556413E+00  5.9325409E-01 -2.5102514E+02 -2.4534393E+00 
      1087      6.5576890E+02 -5.9096944E+00 -1.9982157E-01  9.9969657E-02 -4.7842227E+01 -8.8244652E-01 
      1087 SSD  3.3960502E+03 -2.5392768E+01  3.5247467E+00  5.8406002E-01 -2.7557363E+02 -6.8215650E+00 
      1088      1.0834619E+03 -4.9073130E+00 -1.7540485E-01  1.0019024E-01 -3.8885510E+01 -1.0115532E+00 
      1088 SSD  5.9042038E+03 -1.9543980E+01  3.7751550E+00  5.8450453E-01 -2.3382268E+02 -8.6355483E+00 
      1089      1.3824260E+03 -3.8988708E+00 -1.4806467E-01  1.0036179E-01 -2.1723038E+01 -8.1530141E-01 
      1089 SSD  7.7406058E+03 -1.3666232E+01  4.0027692E+00  5.8562039E-01 -1.3918549E+02 -8.2540273E+00 
      1090      6.1573933E+02 -5.9432330E+00  7.9763117E-01  9.9935556E-02 -4.5120819E+01  1.0313264E+01 
      1090 SSD  3.1794031E+03 -2.5558869E+01  9.3859901E+00  5.8686247E-01 -2.5920665E+02  5.8920343E+01 
      1091      4.7356403E+02 -5.9785923E+00  1.7865850E+00  1.0059947E-01 -3.6906944E+01  1.9406251E+01 
      1091 SSD  2.3714178E+03 -2.5744787E+01  1.5269646E+01  5.9063675E-01 -2.0864398E+02  1.0959000E+02 
      1092      2.5806921E+02 -6.0185964E+00  2.7736684E+00  1.0086560E-01 -2.4635231E+01  2.4613716E+01 
      1092 SSD  1.1665147E+03 -2.5965318E+01  2.1153880E+01  5.8867878E-01 -1.3610416E+02  1.3533231E+02 
      1093      1.5387280E+01 -6.0433042E+00  3.7259214E+00  9.8126008E-02 -1.1068094E+01  2.4127618E+01 
      1093 SSD -1.5419279E+02 -2.6106465E+01  2.6803077E+01  5.6601212E-01 -5.8733076E+01  1.2871817E+02 
      1094      1.1468402E+02 -6.9910883E+00  1.7731025E+00  1.0434007E-01 -3.5657642E+01  8.8493630E+00 
      1094 SSD  3.7215803E+02 -3.1637763E+01  1.5105388E+01  6.2213273E-01 -1.9461862E+02  4.7235364E+01 
      1095      1.7889252E+02 -6.9463204E+00  7.8148869E-01  1.0338451E-01 -4.3410054E+01  4.7175949E+00 
      1095 SSD  7.2000395E+02 -3.1415259E+01  9.1550482E+00  6.1286956E-01 -2.3911610E+02  2.5518498E+01 
      1096      1.6296502E+01 -7.0638939E+00  2.7805292E+00  9.9724395E-02 -2.3960197E+01  1.0974711E+01 
      1096 SSD -1.5654341E+02 -3.2003591E+01  2.1148836E+01  5.9522113E-01 -1.2846563E+02  5.7856709E+01 
      1097     -9.6297885E+01 -7.1601033E+00  3.7190635E+00  8.8858667E-02 -1.0564503E+01  1.0888651E+01 
      1097 SSD -7.4839449E+02 -3.2463710E+01  2.6770628E+01  5.3509536E-01 -5.5176689E+01  5.5614077E+01 
      1098      1.0207235E+03 -3.9501307E+00  1.8435190E+00  1.0060440E-01 -1.6067208E+01  3.6100600E+01 
      1098 SSD  5.5444363E+03 -1.4059693E+01  1.5675401E+01  5.8598940E-01 -9.5087420E+01  2.1603953E+02 
      1099      7.9956204E+02 -4.9678741E+00  1.8126674E+00  1.0021074E-01 -2.9585128E+01  2.9225396E+01 
      1099 SSD  4.2450189E+03 -1.9919296E+01  1.5475353E+01  5.8523194E-01 -1.7247580E+02  1.7051653E+02 
      1100      1.2929144E+03 -3.9253308E+00  8.4844467E-01  1.0036654E-01 -2.0051068E+01  1.9578149E+01 
      1100 SSD  7.1986000E+03 -1.3856364E+01  9.8324839E+00  5.8565893E-01 -1.2425779E+02  1.2198568E+02 
      1101      1.0167042E+03 -4.9372398E+00  8.2093271E-01  1.0012722E-01 -3.6429995E+01  1.5629932E+01 
      1101 SSD  5.5240612E+03 -1.9721558E+01  9.6166004E+00  5.8514012E-01 -2.1783464E+02  9.3007020E+01 
      1102      1.8344250E+02 -3.9845624E+00  3.8396861E+00  1.0007103E-01 -4.9828212E+00  4.3678647E+01 
      1102 SSD  7.4748733E+02 -1.4498830E+01  2.7363413E+01  5.6759764E-01 -2.6343054E+01  2.4040133E+02 
      1103      6.2144599E+02 -3.9706295E+00  2.8411631E+00  1.0100937E-01 -1.0687851E+01  4.5096854E+01 
      1103 SSD  3.2107707E+03 -1.4276673E+01  2.1532918E+01  5.8553805E-01 -6.0499944E+01  2.5875444E+02 
      1104      1.1622349E+02 -5.0140318E+00  3.7996959E+00  9.7642721E-02 -9.2493277E+00  3.5757049E+01 
      1104 SSD  3.8779076E+02 -2.0313314E+01  2.7169393E+01  5.5534551E-01 -4.9041771E+01  1.9490598E+02 
      1105      4.7550961E+02 -4.9977569E+00  2.8050913E+00  1.0030618E-01 -1.9754564E+01  3.6867823E+01 
      1105 SSD  2.3849293E+03 -2.0138129E+01  2.1342774E+01  5.8288574E-01 -1.1147297E+02  2.0786708E+02 
      1106     -2.0024583E+01 -5.8305102E+00 -4.2528846E+00  1.0772294E-01 -1.0332606E+01 -2.1090384E+01 
      1106 SSD -3.7564984E+02 -2.4920103E+01 -1.9801530E+01  6.3559566E-01 -5.4041449E+01 -1.1051790E+02 
      1107      2.0249454E+02 -5.8334203E+00 -3.2246790E+00  1.0049103E-01 -2.3446044E+01 -2.3696920E+01 
      1107 SSD  8.1543986E+02 -2.4968117E+01 -1.3855923E+01  5.8619703E-01 -1.2824518E+02 -1.2947956E+02 
      1108      4.2294575E+02 -5.8526541E+00 -2.2080824E+00  1.0020568E-01 -3.5740743E+01 -2.0062819E+01 
      1108 SSD  2.0385006E+03 -2.5093408E+01 -8.0355977E+00  5.8153837E-01 -2.0046397E+02 -1.1314401E+02 
      1109      5.8632277E+02 -5.8794487E+00 -1.1998393E+00  9.9935310E-02 -4.4461988E+01 -1.1749026E+01 
      1109 SSD  2.9763497E+03 -2.5241577E+01 -2.2623051E+00  5.8074179E-01 -2.5374290E+02 -6.9117311E+01 
      1110     -1.9270393E+01 -6.8020617E+00 -3.2532394E+00  9.4998182E-02 -2.1201142E+01 -1.0625282E+01 
      1110 SSD -3.6990736E+02 -3.0685861E+01 -1.4024895E+01  5.4421054E-01 -1.1063994E+02 -5.5412762E+01 
      1111     -1.1986647E+02 -6.7709658E+00 -4.3153025E+00  1.0182668E-01 -9.3371893E+00 -9.1963834E+00 
      1111 SSD -8.8849201E+02 -3.0535961E+01 -2.0094455E+01  5.9637875E-01 -4.6555842E+01 -4.6369231E+01 
      1112      8.3367843E+01 -6.8347666E+00 -2.2303303E+00  9.6965208E-02 -3.2967878E+01 -8.9948758E+00 
      1112 SSD  1.7688649E+02 -3.0851274E+01 -8.2260357E+00  5.5077806E-01 -1.7666706E+02 -4.8309000E+01 
      1113      1.6076052E+02 -6.8694722E+00 -1.2190016E+00  9.9097559E-02 -4.1789926E+01 -5.2124882E+00 
      1113 SSD  6.0291409E+02 -3.1029894E+01 -2.4946498E+00  5.6725396E-01 -2.2788593E+02 -2.9210113E+01 
      1114      5.8292030E+02 -3.8303678E+00 -3.1570189E+00  1.0100269E-01 -1.1606470E+01 -4.4575294E+01 
      1114 SSD  2.9668985E+03 -1.3088023E+01 -1.3478932E+01  5.9111905E-01 -6.9094361E+01 -2.5428214E+02 
      1115      4.2102764E+02 -4.8351124E+00 -3.1916497E+00  1.0071682E-01 -1.9899300E+01 -3.5949778E+01 
      1115 SSD  2.0310521E+03 -1.9042057E+01 -1.3666973E+01  5.9113698E-01 -1.1272711E+02 -2.0147983E+02 
      1116      1.5751844E+02 -3.8162476E+00 -4.1688525E+00  1.0584520E-01 -5.1498932E+00 -4.1630061E+01 
      1116 SSD  5.9166421E+02 -1.2888580E+01 -1.9376027E+01  6.1988486E-01 -2.9559218E+01 -2.2758530E+02 
      1117      8.0865139E+01 -4.8195591E+00 -4.2063445E+00  1.0754181E-01 -8.9123100E+00 -3.2881935E+01 
      1117 SSD  1.6448214E+02 -1.8879387E+01 -1.9571301E+01  6.3694590E-01 -4.8326892E+01 -1.7664554E+02 
      1118      1.2720568E+03 -3.8731187E+00 -1.1468294E+00  1.0046755E-01 -2.0687544E+01 -2.0937217E+01 
      1118 SSD  7.0317189E+03 -1.3481016E+01 -1.8131798E+00  5.8603222E-01 -1.3043425E+02 -1.3105409E+02 
      1119      9.8528912E+02 -3.8497264E+00 -2.1494968E+00  1.0071379E-01 -1.7099329E+01 -3.6683986E+01 
      1119 SSD  5.2993989E+03 -1.3289156E+01 -7.6327701E+00  5.8780311E-01 -1.0471678E+02 -2.1729334E+02 
      1120      9.8733298E+02 -4.8797324E+00 -1.1750172E+00  1.0030882E-01 -3.6506190E+01 -1.7328081E+01 
      1120 SSD  5.3043256E+03 -1.9378156E+01 -2.0307275E+00  5.8440058E-01 -2.1682328E+02 -1.0521939E+02 
      1121      7.4927480E+02 -4.8551638E+00 -2.1803869E+00  1.0054141E-01 -2.9744310E+01 -2.9952305E+01 
      1121 SSD  3.8990758E+03 -1.9210508E+01 -7.8319597E+00  5.8659603E-01 -1.7302906E+02 -1.7366991E+02 

