      NODE            V1             V2             V3             VR1            VR2            VR3
      1001     -2.7312163E+03 -5.2446333E+01  3.1332299E+01  8.4135442E+00  2.2821620E+01 -2.2867988E+01 
      1001 SSD  3.6797455E+03  2.9290002E+02  6.6446254E+01 -1.2742524E+01 -3.3628545E+01  3.3385972E+01 
      1002     -2.7267604E+03 -4.6653354E+01  3.0300042E+01  2.6318072E+01  2.2688786E+00  7.3664223E+01 
      1002 SSD  3.6727202E+03  2.8490470E+02  6.7816285E+01 -3.8742570E+01 -5.3990288E-01 -1.0947806E+02 
      1003     -2.7217174E+03 -2.6545771E+01  3.1483813E+01  1.0599207E+01  1.7356592E+00  2.1778648E+02 
      1003 SSD  3.6646698E+03  2.5586806E+02  6.5946079E+01 -1.4347196E+01 -6.6976889E-01 -3.2609361E+02 
      1004     -2.7207789E+03 -1.3233442E+01  3.1349764E+01  7.9078523E+00 -4.9840185E+00  3.4771399E+02 
      1004 SSD  3.6633195E+03  2.3642106E+02  6.6082771E+01 -9.6587506E+00  9.1793340E+00 -5.2165272E+02 
      1005     -2.7197092E+03  1.7460784E+00  3.1613582E+01  2.3162826E+00 -8.1693374E+00  4.3388632E+02 
      1005 SSD  3.6615108E+03  2.1462132E+02  6.5689316E+01 -1.4039395E+00  1.2475538E+01 -6.5221588E+02 
      1006     -2.7205479E+03  1.6262447E+01  3.1850310E+01 -3.3408515E+00 -1.0669049E+01  4.5785373E+02 
      1006 SSD  3.6624998E+03  1.9385492E+02  6.5433103E+01  6.3744180E+00  1.5216735E+01 -6.9019492E+02 
      1007     -2.7232716E+03  3.0726699E+01  3.2050454E+01 -7.6933756E+00 -1.0072778E+01  4.1696734E+02 
      1007 SSD  3.6658448E+03  1.7353292E+02  6.5232755E+01  1.1749379E+01  1.3825006E+01 -6.3123731E+02 
      1008     -2.7284196E+03  4.4663267E+01  3.2008716E+01 -1.1093820E+01 -6.6478451E+00  3.1972666E+02 
      1008 SSD  3.6727227E+03  1.5421911E+02  6.5369912E+01  1.6046871E+01  8.0339074E+00 -4.8608315E+02 
      1009     -2.7332897E+03  6.0371048E+01  3.2347891E+01 -7.7701589E+00 -4.5285435E+00  1.9124510E+02 
      1009 SSD  3.6786118E+03  1.3233642E+02  6.4822789E+01  1.0423860E+01  5.3877802E+00 -2.9123470E+02 
      1010     -2.7421090E+03  7.1818041E+01  3.2044777E+01 -1.1182499E+01  9.9704119E+00  6.1177545E+01 
      1010 SSD  3.6920398E+03  1.1711118E+02  6.5417778E+01  1.5281337E+01 -1.8056784E+01 -9.1866416E+01 
      1011     -2.7446266E+03  8.7196334E+01  3.2926064E+01  1.1632348E+01 -3.1767572E+00 -1.0552242E+01 
      1011 SSD  3.6932591E+03  9.6009215E+01  6.3821199E+01 -1.9874731E+01  4.6516524E+00  1.8553189E+01 
      1012     -2.7596800E+03  8.7561851E+01 -1.1136965E+02  8.1178597E+00 -2.2447288E+01  2.0994827E+01 
      1012 SSD  3.7200113E+03  9.5183983E+01  2.6754448E+02 -1.1621259E+01  3.1380689E+01 -2.8722531E+01 
      1013     -2.7524964E+03  8.1692971E+01 -1.1015316E+02  2.2503627E+01 -2.2163022E+00 -7.4843545E+01 
      1013 SSD  3.7104556E+03  1.0345006E+02  2.6586915E+02 -3.1054023E+01  2.8520100E+00  1.0118117E+02 
      1014     -2.7450149E+03  6.2544939E+01 -1.1094467E+02  1.1219969E+01 -1.4251855E+00 -2.1947058E+02 
      1014 SSD  3.7004564E+03  1.3024885E+02  2.6697850E+02 -1.5613764E+01  2.1611171E+00  2.9773832E+02 
      1015     -2.7414065E+03  4.8424742E+01 -1.1073942E+02  7.7020751E+00  5.1726508E+00 -3.5031980E+02 
      1015 SSD  3.6959505E+03  1.5012972E+02  2.6666602E+02 -1.0712128E+01 -6.8586184E+00  4.7453768E+02 
      1016     -2.7375707E+03  3.3744903E+01 -1.1089536E+02  2.2273103E+00  8.3376669E+00 -4.3655923E+02 
      1016 SSD  3.6910903E+03  1.7076152E+02  2.6683047E+02 -3.3282565E+00 -1.0612881E+01  5.9024494E+02 
      1017     -2.7356111E+03  1.9317590E+01 -1.1109268E+02 -2.8893285E+00  1.0941791E+01 -4.6037224E+02 
      1017 SSD  3.6888413E+03  1.9097421E+02  2.6703519E+02  3.4644488E+00 -1.4330772E+01  6.2216120E+02 
      1018     -2.7357206E+03  4.5106633E+00 -1.1135394E+02 -6.8578825E+00  1.0149089E+01 -4.1945435E+02 
      1018 SSD  3.6892403E+03  2.1164726E+02  2.6735617E+02  8.7433815E+00 -1.3677019E+01  5.6780727E+02 
      1019     -2.7383180E+03 -9.4247217E+00 -1.1140568E+02 -1.1607648E+01  6.3854718E+00 -3.2101314E+02 
      1019 SSD  3.6930195E+03  2.3126711E+02  2.6745009E+02  1.5341411E+01 -9.0016318E+00  4.3581983E+02 
      1020     -2.7402315E+03 -2.4281350E+01 -1.1169983E+02 -8.4804962E+00  4.9958616E+00 -1.9104508E+02 
      1020 SSD  3.6961725E+03  2.5215303E+02  2.6789993E+02  1.1489188E+01 -7.3499464E+00  2.6073773E+02 
      1021     -2.7465095E+03 -3.6656798E+01 -1.1140444E+02 -8.9817650E+00 -9.4058639E+00 -6.2221470E+01 
      1021 SSD  3.7049440E+03  2.6996014E+02  2.6768783E+02  1.2253451E+01  1.0470459E+01  8.6752786E+01 
      1022     -2.7463860E+03 -5.1483855E+01 -1.1212463E+02  8.9301963E+00  2.0436364E+00  1.1428687E+01 
      1022 SSD  3.7063864E+03  2.9157383E+02  2.6872777E+02 -1.0983250E+01 -3.0322530E+00 -1.3900316E+01 
      1023     -2.7403976E+03 -5.2191026E+01 -1.0080701E+02  1.4499722E+01 -5.6512147E+01 -5.4675782E+00 
      1023 SSD  3.6978733E+03  2.9242726E+02  2.5213720E+02 -2.0163245E+01  8.3488130E+01  9.0420557E+00 
      1024     -2.7345062E+03 -5.2651405E+01 -8.4442503E+01  1.2689864E+01 -1.8675180E+02  1.8450666E+00 
      1024 SSD  3.6889785E+03  2.9293482E+02  2.2863926E+02 -1.7102701E+01  2.7534541E+02 -1.3909939E+00 
      1025     -2.7292553E+03 -5.2896560E+01 -6.9979354E+01  9.2831302E+00 -3.2169843E+02  6.1800764E+00 
      1025 SSD  3.6811133E+03  2.9316674E+02  2.0792930E+02 -1.2122466E+01  4.7366607E+02 -7.6860160E+00 
      1026     -2.7245393E+03 -5.3048087E+01 -5.5426335E+01  4.1960932E+00 -4.2077937E+02  1.0177915E+01 
      1026 SSD  3.6739219E+03  2.9327212E+02  1.8720184E+02 -4.9631298E+00  6.1864637E+02 -1.3837952E+01 
      1027     -2.7219962E+03 -5.3207152E+01 -4.1189356E+01 -1.2592650E+00 -4.6234725E+02  1.0571498E+01 
      1027 SSD  3.6697381E+03  2.9339149E+02  1.6714276E+02  2.3500786E+00  6.7899463E+02 -1.4847816E+01 
      1028     -2.7207240E+03 -5.3428229E+01 -2.6808156E+01 -5.4170103E+00 -4.3974414E+02  7.4342154E+00 
      1028 SSD  3.6670829E+03  2.9367104E+02  1.4720132E+02  7.5139024E+00  6.4611290E+02 -1.1021178E+01 
      1029     -2.7217401E+03 -5.3542774E+01 -1.2882295E+01 -1.0114010E+01 -3.5555195E+02  4.6724701E+00 
      1029 SSD  3.6677064E+03  2.9387826E+02  1.2810775E+02  1.3584835E+01  5.2359529E+02 -8.0989504E+00 
      1030     -2.7234492E+03 -5.3493137E+01  1.9727320E+00 -8.2161847E+00 -2.3090919E+02 -2.9836068E+00 
      1030 SSD  3.6691160E+03  2.9398572E+02  1.0774128E+02  1.0587195E+01  3.4107438E+02  2.7892926E+00 
      1031     -2.7283635E+03 -5.3338001E+01  1.3564324E+01 -1.4346838E+01 -8.3253961E+01 -1.2131734E+00 
      1031 SSD  3.6761251E+03  2.9390531E+02  9.1639927E+01  1.9350751E+01  1.2339461E+02 -7.3002628E-01 
      1032     -2.7416862E+03  8.7758470E+01  2.1156729E+01  1.4014365E+01  5.5642487E+01  5.0546578E+00 
      1032 SSD  3.6889170E+03  9.4974492E+01  7.9738665E+01 -2.0934231E+01 -7.7497267E+01 -5.6173171E+00 
      1033     -2.7386131E+03  8.8151921E+01  5.1379037E+00  1.2996659E+01  1.8352073E+02 -2.5448322E+00 
      1033 SSD  3.6851710E+03  9.4182258E+01  1.0229521E+02 -1.8327412E+01 -2.5589789E+02  3.8596081E+00 
      1034     -2.7363075E+03  8.8356451E+01 -9.1390860E+00  9.4812368E+00  3.1563940E+02 -6.7767435E+00 
      1034 SSD  3.6826927E+03  9.3753181E+01  1.2264018E+02 -1.2666358E+01 -4.3954670E+02  9.0698445E+00 
      1035     -2.7345713E+03  8.8506160E+01 -2.3452346E+01  4.4527946E+00  4.1151362E+02 -1.0917783E+01 
      1035 SSD  3.6812057E+03  9.3506045E+01  1.4316863E+02 -5.3868350E+00 -5.7205021E+02  1.4442444E+01 
      1036     -2.7349780E+03  8.8696906E+01 -3.7515721E+01 -1.0074563E+00  4.5064251E+02 -1.0670220E+01 
      1036 SSD  3.6826805E+03  9.3280867E+01  1.6336681E+02  2.1651985E+00 -6.2548765E+02  1.3871692E+01 
      1037     -2.7368174E+03  8.8921679E+01 -5.1830706E+01 -5.2418987E+00  4.2702876E+02 -7.8613581E+00 
      1037 SSD  3.6859381E+03  9.3029654E+01  1.8376352E+02  7.6685527E+00 -5.9289782E+02  1.0059158E+01 
      1038     -2.7411586E+03  8.9043607E+01 -6.5754474E+01 -1.0043125E+01  3.4366564E+02 -5.0856292E+00 
      1038 SSD  3.6926620E+03  9.2937872E+01  2.0348522E+02  1.4073848E+01 -4.7812548E+02  6.9622818E+00 
      1039     -2.7459004E+03  8.8997223E+01 -8.0752057E+01 -8.1239438E+00  2.2255416E+02  3.3983375E+00 
      1039 SSD  3.6998886E+03  9.3092027E+01  2.2469708E+02  1.1243259E+01 -3.1043647E+02 -4.5388885E+00 
      1040     -2.7529296E+03  8.9019845E+01 -9.1967217E+01 -1.4466728E+01  8.0267801E+01  2.1049525E+00 
      1040 SSD  3.7102573E+03  9.3134322E+01  2.4044481E+02  2.0027468E+01 -1.1238669E+02 -2.4090894E+00 
      1041      2.7716440E+03  1.6565336E+01  1.7431072E+01  1.4719915E+00  2.7984694E+00  6.5801299E+02 
      1041 SSD -4.3017355E+03  1.9388770E+02  8.5728438E+01 -2.1011553E+00 -1.9553970E+00 -9.2819644E+02 
      1042      9.4148189E+03  1.6798239E+01  3.1519981E+00  1.4352484E+00  9.3967387E+00  6.8877644E+02 
      1042 SSD -1.3542234E+04  1.9397241E+02  1.0584875E+02 -2.0292779E+00 -1.2198767E+01 -9.4489214E+02 
      1043      1.5557281E+04  1.7093590E+01 -1.1093651E+01  1.4330400E+00  1.0278238E+01  5.5671941E+02 
      1043 SSD -2.1877025E+04  1.9387278E+02  1.2589569E+02 -2.0235285E+00 -1.4688349E+01 -7.4417383E+02 
      1044      1.9823500E+04  1.7433706E+01 -2.5304025E+01  1.4303956E+00  7.1794198E+00  3.0827373E+02 
      1044 SSD -2.7493754E+04  1.9360246E+02  1.4590155E+02 -2.0185105E+00 -1.1387645E+01 -3.9353236E+02 
      1045      2.1339704E+04  1.7795452E+01 -3.9509248E+01  1.4298622E+00  1.9160781E+00 -8.7028603E-01 
      1045 SSD -2.9351633E+04  1.9320373E+02  1.6592885E+02 -2.0173876E+00 -9.6032120E+00  1.6963459E+01 
      1046      1.9808623E+04  1.8147863E+01 -5.3731486E+01  1.4309553E+00 -3.7593265E+00 -3.0963438E+02 
      1046 SSD -2.7183110E+04  1.9274302E+02  1.8601290E+02 -2.0187939E+00 -5.9797831E+00  4.2357699E+02 
      1047      1.5535626E+04  1.8461935E+01 -6.7989444E+01  1.4342068E+00 -7.9157979E+00 -5.5673957E+02 
      1047 SSD -2.1332785E+04  1.9228848E+02  2.0617160E+02 -2.0228620E+00  2.3406167E+00  7.6215501E+02 
      1048      9.3993971E+03  1.8721772E+01 -8.2308423E+01  1.4380608E+00 -8.1662993E+00 -6.8748646E+02 
      1048 SSD -1.2916860E+04  1.9188737E+02  2.2642245E+02 -2.0268545E+00  6.3469965E+00  9.4351707E+02 
      1049      2.7662003E+03  1.8918863E+01 -9.6698142E+01  1.4705921E+00 -2.4031696E+00 -6.5729464E+02 
      1049 SSD -3.8143838E+03  1.9156982E+02  2.4674741E+02 -2.0652627E+00  1.9468953E+00  9.0097536E+02 
      1050      1.9795048E+04  3.2183777E+01 -3.9096368E+01  1.4285237E+00  3.1128586E+02  4.5169860E+00 
      1050 SSD -2.7247473E+04  1.7292870E+02  1.6539413E+02 -2.0159798E+00 -4.1806558E+02  1.3159412E+01 
      1051      1.5503546E+04  4.6531622E+01 -3.8698271E+01  1.4254390E+00  5.5884867E+02  7.8214522E+00 
      1051 SSD -2.1434298E+04  1.5275073E+02  1.6486299E+02 -2.0132000E+00 -7.6038407E+02  4.3177168E+00 
      1052      9.3494099E+03  6.0797833E+01 -3.8329469E+01  1.4209702E+00  6.8917453E+02  7.5745302E+00 
      1052 SSD -1.3015962E+04  1.3269441E+02  1.6437837E+02 -2.0107016E+00 -9.4613421E+02 -1.5163293E+00 
      1053      2.7143370E+03  7.4966910E+01 -3.8001645E+01  1.4483628E+00  6.5613517E+02  1.6267636E+00 
      1053 SSD -3.8713455E+03  1.1272527E+02  1.6397029E+02 -2.0606185E+00 -9.0706081E+02  4.6732680E-01 
      1054      1.4189011E+04  4.6144137E+01 -2.4487157E+01  1.4259713E+00  5.2572164E+02  2.4209342E+02 
      1054 SSD -1.9802265E+04  1.5318477E+02  1.4468887E+02 -2.0120786E+00 -7.2247691E+02 -3.1333384E+02 
      1055      1.0817578E+04  4.5793271E+01 -1.0218010E+01  1.4288473E+00  4.2945860E+02  4.2720285E+02 
      1055 SSD -1.5327047E+04  1.5349244E+02  1.2445745E+02 -2.0117644E+00 -5.9802749E+02 -5.7422589E+02 
      1056      6.1048833E+03  4.5498326E+01  4.1174532E+00  1.4304231E+00  2.8845309E+02  5.1874931E+02 
      1056 SSD -8.9077310E+03  1.5364354E+02  1.0420520E+02 -2.0068624E+00 -4.0845324E+02 -7.1324589E+02 
      1057      1.1752345E+03  4.5268727E+01  1.8531446E+01  1.5358394E+00  1.2967250E+02  4.7855926E+02 
      1057 SSD -2.0284459E+03  1.5365323E+02  8.3982639E+01 -2.1473636E+00 -1.8859522E+02 -6.7717021E+02 
      1058      1.4216003E+04  3.1486084E+01 -1.0647104E+01  1.4312452E+00  2.4513465E+02  5.2333603E+02 
      1058 SSD -2.0035224E+04  1.7356631E+02  1.2517050E+02 -2.0168502E+00 -3.3781669E+02 -7.0051922E+02 
      1059      1.8281346E+04  3.1820080E+01 -2.4888043E+01  1.4291190E+00  2.9647847E+02  2.9339289E+02 
      1059 SSD -2.5399033E+04  1.7331383E+02  1.4529289E+02 -2.0159720E+00 -4.0252664E+02 -3.7600881E+02 
      1060      8.4436864E+03  3.1201934E+01  3.6408179E+00  1.4328898E+00  1.6671959E+02  6.4230377E+02 
      1060 SSD -1.2196541E+04  1.7365342E+02  1.0502131E+02 -2.0153985E+00 -2.3311677E+02 -8.8129781E+02 
      1061      2.2878044E+03  3.0983243E+01  1.7966965E+01  1.5079965E+00  7.4493324E+01  6.0502310E+02 
      1061 SSD -3.6256079E+03  1.7357529E+02  8.4875854E+01 -2.1255458E+00 -1.0608187E+02 -8.5453452E+02 
      1062      1.1555720E+03  7.3930984E+01 -9.4996935E+00  1.3657687E+00  4.7999852E+02  1.2792208E+02 
      1062 SSD -1.7855254E+03  1.1411654E+02  1.2323360E+02 -1.9436377E+00 -6.7700483E+02 -1.7463510E+02 
      1063      6.0919565E+03  5.9998639E+01 -9.8229357E+00  1.4207225E+00  5.1904232E+02  2.8599991E+02 
      1063 SSD -8.7257409E+03  1.3361990E+02  1.2379139E+02 -2.0031755E+00 -7.2770794E+02 -3.8649183E+02 
      1064      2.2482438E+03  7.4456721E+01 -2.3823016E+01  1.4109699E+00  6.0484984E+02  7.2038291E+01 
      1064 SSD -3.2643489E+03  1.1341111E+02  1.4369836E+02 -2.0108397E+00 -8.4295001E+02 -9.6021678E+01 
      1065      8.4029897E+03  6.0374676E+01 -2.4121674E+01  1.4204109E+00  6.4268848E+02  1.6339096E+02 
      1065 SSD -1.1816789E+04  1.3321607E+02  1.4413856E+02 -2.0078927E+00 -8.9004940E+02 -2.1377563E+02 
      1066     -1.7690227E+03  7.2769973E+01  1.9972067E+01  1.4103778E+00  1.3856299E+02  1.3327535E+02 
      1066 SSD  2.2760016E+03  1.1570470E+02  8.1647669E+01 -1.9361742E+00 -2.0650308E+02 -1.8770312E+02 
      1067     -3.1555583E+02  7.3385270E+01  4.9732780E+00  1.3486268E+00  3.1066691E+02  1.5267461E+02 
      1067 SSD  2.3993614E+02  1.1485715E+02  1.0267887E+02 -1.8950857E+00 -4.4656685E+02 -2.1140932E+02 
      1068     -2.9824663E+02  5.9747713E+01  1.9115587E+01  1.5275279E+00  1.5146107E+02  3.0660238E+02 
      1068 SSD  1.1405023E+02  1.3354768E+02  8.3036993E+01 -2.1239742E+00 -2.2264551E+02 -4.3409151E+02 
      1069      2.9258852E+03  5.9739683E+01  4.5763774E+00  1.4214193E+00  3.4231224E+02  3.4199554E+02 
      1069 SSD -4.3955463E+03  1.3379798E+02  1.0340356E+02 -1.9951966E+00 -4.8830236E+02 -4.7131266E+02 
      1070      1.5452793E+03  4.7925445E+01 -9.5380505E+01  1.3923557E+00  1.3238526E+02 -5.1005473E+02 
      1070 SSD -2.1518845E+03  1.5083859E+02  2.4503539E+02 -1.9612461E+00 -1.7930665E+02  6.9886898E+02 
      1071      6.6817851E+03  4.7755726E+01 -8.1196741E+01  1.4314167E+00  2.8330225E+02 -5.2811884E+02 
      1071 SSD -9.1967969E+03  1.5109109E+02  2.2504017E+02 -2.0170147E+00 -3.8429341E+02  7.2495215E+02 
      1072      1.1337931E+04  4.7365991E+01 -6.7024225E+01  1.4279695E+00  4.2440267E+02 -4.2148093E+02 
      1072 SSD -1.5587308E+04  1.5164563E+02  2.0501050E+02 -2.0145669E+00 -5.7564642E+02  5.7872869E+02 
      1073      1.4488587E+04  4.6948171E+01 -5.2885558E+01  1.4254495E+00  5.2276462E+02 -2.2912341E+02 
      1073 SSD -1.9936477E+04  1.5221781E+02  1.8498806E+02 -2.0127375E+00 -7.0825508E+02  3.1953841E+02 
      1074      8.7752702E+03  3.3188087E+01 -8.1762612E+01  1.4388529E+00  1.5336830E+02 -6.4640381E+02 
      1074 SSD -1.2039952E+04  1.7156916E+02  2.2574843E+02 -2.0274643E+00 -2.0872819E+02  8.8549267E+02 
      1075      2.5072690E+03  3.3378593E+01 -9.6066661E+01  1.4219816E+00  7.1141419E+01 -6.2391081E+02 
      1075 SSD -3.4548304E+03  1.7128520E+02  2.4593202E+02 -2.0010433E+00 -9.6083408E+01  8.5373398E+02 
      1076      1.4511813E+04  3.2901611E+01 -6.7498595E+01  1.4327884E+00  2.3077907E+02 -5.2006204E+02 
      1076 SSD -1.9894033E+04  1.7198459E+02  2.0558591E+02 -2.0207027E+00 -3.1404842E+02  7.1101317E+02 
      1077      1.8451556E+04  3.2555520E+01 -5.3296373E+01  1.4293385E+00  2.8768854E+02 -2.8573139E+02 
      1077 SSD -2.5297195E+04  1.7246138E+02  1.8549155E+02 -2.0168966E+00 -3.8866135E+02  3.9434445E+02 
      1078      1.1044433E+02  7.7133878E+01 -8.0693560E+01  1.4488679E+00  3.4118851E+02 -1.5689617E+02 
      1078 SSD -2.4095831E+02  1.0978246E+02  2.2451952E+02 -2.0390207E+00 -4.6791276E+02  2.1723875E+02 
      1079      3.5651529E+03  6.2338628E+01 -8.0707018E+01  1.4284242E+00  3.5289224E+02 -3.5223018E+02 
      1079 SSD -4.9610386E+03  1.3057985E+02  2.2444458E+02 -2.0122206E+00 -4.8082100E+02  4.8521106E+02 
      1080     -1.4922217E+03  7.8293037E+01 -9.3935695E+01  1.3034119E+00  1.4996793E+02 -1.5385889E+02 
      1080 SSD  1.9768273E+03  1.0817713E+02  2.4313273E+02 -1.8300802E+00 -2.0479588E+02  2.1332180E+02 
      1081      1.0151320E+02  6.2680557E+01 -9.4335843E+01  1.3278857E+00  1.5829804E+02 -3.4325369E+02 
      1081 SSD -1.9385016E+02  1.3008490E+02  2.4363930E+02 -1.8703283E+00 -2.1497564E+02  4.7215117E+02 
      1082      1.5238801E+03  7.6102871E+01 -6.6372723E+01  1.4923804E+00  5.1011836E+02 -1.2750779E+02 
      1082 SSD -2.1961165E+03  1.1120063E+02  2.0427753E+02 -2.1076766E+00 -7.0066500E+02  1.7648798E+02 
      1083      6.6633186E+03  6.1764807E+01 -6.6615188E+01  1.4251069E+00  5.2895135E+02 -2.8043132E+02 
      1083 SSD -9.2297358E+03  1.3138935E+02  2.0452795E+02 -2.0118265E+00 -7.2158869E+02  3.8679139E+02 
      1084      2.4587322E+03  7.5524354E+01 -5.2248755E+01  1.4797997E+00  6.2282736E+02 -6.9398960E+01 
      1084 SSD -3.4950631E+03  1.1197439E+02  1.8425428E+02 -2.0966350E+00 -8.5714460E+02  9.6658156E+01 
      1085      8.7315182E+03  6.1265205E+01 -5.2528478E+01  1.4219733E+00  6.4816673E+02 -1.5168434E+02 
      1085 SSD -1.2098789E+04  1.3207512E+02  1.8456247E+02 -2.0104961E+00 -8.8557981E+02  2.1223888E+02 
      1086      2.7996107E+03 -3.9348836E+01 -4.0813382E+01  1.4555370E+00 -6.5903493E+02 -3.1659795E+00 
      1086 SSD -4.2128476E+03  2.7400228E+02  1.6697358E+02 -2.0381732E+00  9.2216149E+02  5.0225468E+00 
      1087      9.4410442E+03 -2.5175918E+01 -4.0577613E+01  1.4247026E+00 -6.8754481E+02 -9.6577944E+00 
      1087 SSD -1.3412525E+04  2.5399367E+02  1.6694917E+02 -2.0038006E+00  9.4281544E+02  1.7288355E+01 
      1088      1.5572868E+04 -1.0926277E+01 -4.0272087E+01  1.4271533E+00 -5.5582257E+02 -9.9546325E+00 
      1088 SSD -2.1753942E+04  2.3382106E+02  1.6675496E+02 -2.0118608E+00  7.4757396E+02  2.0989463E+01 
      1089      1.9831786E+04  3.4103600E+00 -3.9910602E+01  1.4291352E+00 -3.0763158E+02 -6.3677789E+00 
      1089 SSD -2.7422420E+04  2.1352647E+02  1.6640348E+02 -2.0156742E+00  4.0038220E+02  1.8503871E+01 
      1090      8.8340755E+03 -2.5675760E+01 -2.6339145E+01  1.4223912E+00 -6.4686164E+02  1.5155321E+02 
      1090 SSD -1.2610600E+04  2.5475525E+02  1.4708444E+02 -1.9961888E+00  8.9222721E+02 -2.0544174E+02 
      1091      6.7581413E+03 -2.6208590E+01 -1.2254845E+01  1.4294916E+00 -5.2788753E+02  2.8217214E+02 
      1091 SSD -9.7664222E+03  2.5552174E+02  1.2752691E+02 -2.0087233E+00  7.3614454E+02 -3.8996144E+02 
      1092      3.6334020E+03 -2.6814468E+01  1.7716026E+00  1.4309518E+00 -3.5146533E+02  3.5605399E+02 
      1092 SSD -5.4194998E+03  2.5635281E+02  1.0802192E+02 -2.0221341E+00  4.9732936E+02 -5.0014952E+02 
      1093      1.3343299E+02 -2.7208473E+01  1.5284704E+01  1.3828270E+00 -1.5725232E+02  3.4672653E+02 
      1093 SSD -4.7114280E+02  2.5687036E+02  8.9073323E+01 -1.9738788E+00  2.2833111E+02 -4.9586474E+02 
      1094      1.6120814E+03 -4.0581688E+01 -1.2390685E+01  1.4849414E+00 -5.1275143E+02  1.2922440E+02 
      1094 SSD -2.5493949E+03  2.7586406E+02  1.2759261E+02 -2.0617376E+00  7.2514079E+02 -1.8376931E+02 
      1095      2.5528879E+03 -3.9938472E+01 -2.6508169E+01  1.4755809E+00 -6.2605457E+02  6.9430059E+01 
      1095 SSD -3.8722561E+03  2.7488981E+02  1.4707944E+02 -2.0510724E+00  8.7936889E+02 -9.7517856E+01 
      1096      1.7844084E+02 -4.1621204E+01  1.9065941E+00  1.4154373E+00 -3.4307034E+02  1.5977884E+02 
      1096 SSD -5.1708583E+02  2.7740395E+02  1.0781606E+02 -1.9765966E+00  4.9063433E+02 -2.2864054E+02 
      1097     -1.4547326E+03 -4.2989963E+01  1.5178407E+01  1.2496569E+00 -1.5003410E+02  1.5755495E+02 
      1097 SSD  1.8247838E+03  2.7946477E+02  8.9273939E+01 -1.7521239E+00  2.1846564E+02 -2.2896769E+02 
      1098      1.4559280E+04  2.6434328E+00 -1.1539154E+01  1.4320171E+00 -2.2798807E+02  5.2110454E+02 
      1098 SSD -2.0518151E+04  2.1439041E+02  1.2658386E+02 -2.0233260E+00  3.0985729E+02 -7.0013297E+02 
      1099      1.1413071E+04 -1.1838907E+01 -1.1936678E+01  1.4257547E+00 -4.2170329E+02  4.2316770E+02 
      1099 SSD -1.6211664E+04  2.3504156E+02  1.2714544E+02 -2.0107465E+00  5.8024459E+02 -5.7560724E+02 
      1100      1.8500625E+04  3.0223830E+00 -2.5707720E+01  1.4289420E+00 -2.8420553E+02  2.8500641E+02 
      1100 SSD -2.5746438E+04  2.1401052E+02  1.4644977E+02 -2.0158278E+00  3.7690974E+02 -3.6971327E+02 
      1101      1.4569883E+04 -1.1371950E+01 -2.6060153E+01  1.4255674E+00 -5.1977913E+02  2.2873490E+02 
      1101 SSD -2.0460772E+04  2.3445191E+02  1.4685843E+02 -2.0080434E+00  7.0437966E+02 -3.0316332E+02 
      1102      2.5183516E+03  2.0773883E+00  1.6865241E+01  1.4225851E+00 -7.0492040E+01  6.2538201E+02 
      1102 SSD -3.9203998E+03  2.1458242E+02  8.6629202E+01 -2.0475014E+00  1.0313369E+02 -8.8327208E+02 
      1103      8.8056881E+03  2.3157456E+00  2.6563468E+00  1.4377295E+00 -1.5160647E+02  6.4878089E+02 
      1103 SSD -1.2682082E+04  2.1459598E+02  1.0666532E+02 -2.0387985E+00  2.1186757E+02 -8.9321667E+02 
      1104      1.5656931E+03 -1.2574321E+01  1.6307880E+01  1.3841493E+00 -1.3119143E+02  5.1262872E+02 
      1104 SSD -2.5392528E+03  2.3571692E+02  8.7513587E+01 -1.9906542E+00  1.9115815E+02 -7.2702355E+02 
      1105      6.7318721E+03 -1.2302019E+01  2.1764875E+00  1.4263914E+00 -2.8115358E+02  5.3147797E+02 
      1105 SSD -9.7785444E+03  2.3554998E+02  1.0742122E+02 -2.0201004E+00  3.9465430E+02 -7.3808916E+02 
      1106     -2.9624454E+02 -2.4043938E+01 -9.8478121E+01  1.5304418E+00 -1.5149235E+02 -3.0817187E+02 
      1106 SSD  3.0046638E+02  2.5197721E+02  2.4900938E+02 -2.1670118E+00  2.0585059E+02  4.3376054E+02 
      1107      2.9419374E+03 -2.4076075E+01 -8.3828831E+01  1.4295040E+00 -3.4095638E+02 -3.4333979E+02 
      1107 SSD -4.2567164E+03  2.5215195E+02  2.2812346E+02 -2.0297887E+00  4.6524655E+02  4.8424164E+02 
      1108      6.1261446E+03 -2.4345434E+01 -6.9305242E+01  1.4281619E+00 -5.1706913E+02 -2.8863316E+02 
      1108 SSD -8.7388820E+03  2.5264127E+02  2.0747192E+02 -2.0231001E+00  7.0680780E+02  4.0666544E+02 
      1109      8.4670113E+03 -2.4731328E+01 -5.4878237E+01  1.4250441E+00 -6.4086525E+02 -1.6703528E+02 
      1109 SSD -1.2029940E+04  2.5328285E+02  1.8705154E+02 -2.0117347E+00  8.7684339E+02  2.3539379E+02 
      1110     -2.9358248E+02 -3.7827250E+01 -8.4244083E+01  1.3536460E+00 -3.1041775E+02 -1.5479666E+02 
      1110 SSD  2.0598917E+02  2.7172349E+02  2.2851729E+02 -1.9402973E+00  4.3169053E+02  2.2298796E+02 
      1111     -1.7636166E+03 -3.7357561E+01 -9.9414897E+01  1.4466461E+00 -1.3790069E+02 -1.3479514E+02 
      1111 SSD  2.3140334E+03  2.7099793E+02  2.5023855E+02 -2.0743603E+00  1.8955748E+02  1.9452879E+02 
      1112      1.1968534E+03 -3.8311876E+01 -6.9614465E+01  1.3871653E+00 -4.8011972E+02 -1.3027529E+02 
      1112 SSD -1.9276036E+03  2.7245093E+02  2.0765044E+02 -1.9777662E+00  6.7003822E+02  1.8705018E+02 
      1113      2.3128496E+03 -3.8821920E+01 -5.5116427E+01  1.4189074E+00 -6.0624751E+02 -7.4744083E+01 
      1113 SSD -3.5193234E+03  2.7321049E+02  1.8708107E+02 -2.0067503E+00  8.4708843E+02  1.0674679E+02 
      1114      8.4390277E+03  4.3047591E+00 -8.2830693E+01  1.4356779E+00 -1.6581029E+02 -6.4186651E+02 
      1114 SSD -1.1671655E+04  2.1213323E+02  2.2704120E+02 -2.0253727E+00  2.1848912E+02  8.8606231E+02 
      1115      6.1098503E+03 -9.9306644E+00 -8.3343759E+01  1.4307057E+00 -2.8748508E+02 -5.1903488E+02 
      1115 SSD -8.5572975E+03  2.3217244E+02  2.2761500E+02 -2.0237588E+00  3.8683227E+02  7.2289440E+02 
      1116      2.2867755E+03  4.4452406E+00 -9.7230966E+01  1.5039469E+00 -7.4112709E+01 -6.0465245E+02 
      1116 SSD -3.1847134E+03  2.1184802E+02  2.4742016E+02 -2.1102808E+00  9.8276024E+01  8.3314969E+02 
      1117      1.1765176E+03 -9.7462961E+00 -9.7787517E+01  1.5263375E+00 -1.2977025E+02 -4.7894125E+02 
      1117 SSD -1.6962407E+03  2.3180528E+02  2.4811888E+02 -2.1473634E+00  1.7460507E+02  6.6539020E+02 
      1118      1.8298048E+04  3.7699108E+00 -5.4157632E+01  1.4305429E+00 -2.9348636E+02 -2.9570831E+02 
      1118 SSD -2.5266989E+04  2.1301296E+02  1.8648179E+02 -2.0184190E+00  3.8233436E+02  4.0764859E+02 
      1119      1.4215305E+04  4.0756658E+00 -6.8464498E+01  1.4332832E+00 -2.4331372E+02 -5.2454868E+02 
      1119 SSD -1.9640871E+04  2.1253101E+02  2.0670258E+02 -2.0228273E+00  3.1891392E+02  7.2311853E+02 
      1120      1.4232462E+04 -1.0528501E+01 -5.4548509E+01  1.4287793E+00 -5.2319711E+02 -2.4537534E+02 
      1120 SSD -1.9859307E+04  2.3320480E+02  1.8684205E+02 -2.0173786E+00  7.0288097E+02  3.4215841E+02 
      1121      1.0834377E+04 -1.0189814E+01 -6.8912217E+01  1.4308512E+00 -4.2773328E+02 -4.2937023E+02 
      1121 SSD -1.5132181E+04  2.3264055E+02  2.0714840E+02 -2.0230277E+00  5.7517893E+02  5.9770157E+02 

