      NODE            V1             V2             V3             VR1            VR2            VR3
      1001     -4.7909938E+02  1.4992634E+02  1.4762546E+02  7.2512575E-01  2.8488308E+00 -3.0489527E+00 
      1001 SSD  1.8359112E+03 -2.5333154E+01 -1.1511138E+02 -6.1486042E+00 -1.6488561E+01  1.6333385E+01 
      1002     -4.7872003E+02  1.5098299E+02  1.4738058E+02  3.4338138E+00  1.5255744E+00  1.0015016E+01 
      1002 SSD  1.8326527E+03 -2.9439381E+01 -1.1438969E+02 -1.9046221E+01 -7.8172898E-01 -5.3639912E+01 
      1003     -4.7836246E+02  1.5403973E+02  1.4744646E+02  1.8683970E+00  1.0554846E+00  2.7540938E+01 
      1003 SSD  1.8289825E+03 -4.3956001E+01 -1.1525206E+02 -7.2709202E+00 -7.5371849E-01 -1.5885740E+02 
      1004     -4.7819422E+02  1.5589347E+02  1.4736009E+02  1.9286228E+00  2.4761808E-01  4.3008637E+01 
      1004 SSD  1.8284063E+03 -5.3592228E+01 -1.1512793E+02 -5.1880435E+00  3.9615762E+00 -2.5330703E+02 
      1005     -4.7812330E+02  1.5802269E+02  1.4735654E+02  1.2419809E+00 -5.3444736E-01  5.2633445E+01 
      1005 SSD  1.8276602E+03 -6.4402593E+01 -1.1527098E+02 -1.2103407E+00  5.4435652E+00 -3.1574251E+02 
      1006     -4.7830905E+02  1.6016971E+02  1.4739193E+02  4.1198073E-01 -1.2919972E+00  5.4734009E+01 
      1006 SSD  1.8282956E+03 -7.4683176E+01 -1.1536059E+02  2.4782448E+00  7.0348972E+00 -3.3381645E+02 
      1007     -4.7885023E+02  1.6244076E+02  1.4744682E+02 -5.3592953E-01 -1.6159507E+00  4.9282729E+01 
      1007 SSD  1.8300364E+03 -8.4775436E+01 -1.1545540E+02  5.2031109E+00  6.7606791E+00 -3.0577226E+02 
      1008     -4.7972592E+02  1.6477751E+02  1.4749590E+02 -1.3378820E+00 -1.6826076E+00  3.7641848E+01 
      1008 SSD  1.8334925E+03 -9.4488320E+01 -1.1543377E+02  7.5412011E+00  4.4006531E+00 -2.3628281E+02 
      1009     -4.8095316E+02  1.6737545E+02  1.4756544E+02 -1.3835842E+00 -1.3787495E+00  2.3032698E+01 
      1009 SSD  1.8368245E+03 -1.0545915E+02 -1.1574817E+02  5.2206635E+00  3.2705540E+00 -1.4267700E+02 
      1010     -4.8191439E+02  1.6976943E+02  1.4770209E+02 -1.8873434E+00 -1.1717042E+00  8.8792004E+00 
      1010 SSD  1.8433316E+03 -1.1358237E+02 -1.1565951E+02  7.6036668E+00 -6.5099526E+00 -4.6785703E+01 
      1011     -4.8387798E+02  1.7287544E+02  1.4775327E+02 -2.0346547E-01 -5.4892655E-01  5.0792638E-01 
      1011 SSD  1.8454803E+03 -1.2487210E+02 -1.1645494E+02 -8.2323120E+00  2.4598811E+00  7.4511363E+00 
      1012     -4.8017900E+02  1.7277463E+02  1.2426952E+02  2.1080230E+00 -5.1543025E+00  4.5793634E+00 
      1012 SSD  1.8522092E+03 -1.2521234E+02 -1.3740517E+01 -7.0104555E+00  1.7861557E+01 -1.5899159E+01 
      1013     -4.7849386E+02  1.7212612E+02  1.2440768E+02  4.9667268E+00  6.8384674E-01 -1.5967449E+01 
      1013 SSD  1.8467572E+03 -1.2141533E+02 -1.4476718E+01 -1.7387035E+01 -4.1864000E-01  5.5879518E+01 
      1014     -4.7666849E+02  1.6870324E+02  1.2414289E+02  2.0338796E+00  4.6006294E-01 -4.9079012E+01 
      1014 SSD  1.8409598E+03 -1.0746354E+02 -1.3727385E+01 -7.9878082E+00 -8.1517311E-02  1.6790375E+02 
      1015     -4.7601351E+02  1.6605735E+02  1.2411394E+02  7.9167879E-01  1.9915992E+00 -7.9295965E+01 
      1015 SSD  1.8387306E+03 -9.6877319E+01 -1.3808705E+01 -4.4999755E+00 -5.1698781E+00  2.6883831E+02 
      1016     -4.7520722E+02  1.6335754E+02  1.2404268E+02 -4.1986750E-01  2.3703870E+00 -9.9868523E+01 
      1016 SSD  1.8361285E+03 -8.5996316E+01 -1.3688239E+01 -4.1742528E-01 -6.4555971E+00  3.3572626E+02 
      1017     -4.7481841E+02  1.6073947E+02  1.2399964E+02 -1.4248248E+00  2.5298814E+00 -1.0619874E+02 
      1017 SSD  1.8349949E+03 -7.5462804E+01 -1.3610554E+01  3.0411552E+00 -7.8603180E+00  3.5540046E+02 
      1018     -4.7477662E+02  1.5817534E+02  1.2396451E+02 -2.0299500E+00  1.9656687E+00 -9.7342755E+01 
      1018 SSD  1.8350677E+03 -6.4946030E+01 -1.3484350E+01  5.4523124E+00 -7.0300773E+00  3.2593072E+02 
      1019     -4.7526056E+02  1.5597017E+02  1.2400642E+02 -2.7497327E+00  6.3216907E-01 -7.4654795E+01 
      1019 SSD  1.8369798E+03 -5.5243432E+01 -1.3501805E+01  8.6035004E+00 -3.7795014E+00  2.5119890E+02 
      1020     -4.7522804E+02  1.5358782E+02  1.2396966E+02 -1.5731267E+00  3.5373894E-01 -4.3947845E+01 
      1020 SSD  1.8380739E+03 -4.4867147E+01 -1.3256145E+01  5.8131920E+00 -3.0702933E+00  1.5024070E+02 
      1021     -4.7690295E+02  1.5201061E+02  1.2419931E+02 -1.5834799E+00 -4.5616718E+00 -1.2852249E+01 
      1021 SSD  1.8434791E+03 -3.6478950E+01 -1.3540982E+01  6.1073916E+00  8.9671168E+00  4.8449869E+01 
      1022     -4.7542214E+02  1.5024977E+02  1.2400086E+02  3.3763119E+00  1.7713782E-01  4.5256835E+00 
      1022 SSD  1.8424636E+03 -2.6304740E+01 -1.2831673E+01 -8.0350932E+00 -1.4152361E+00 -1.0447671E+01 
      1023     -4.7448120E+02  1.4995084E+02  1.2521241E+02  2.9963301E+00 -6.9285634E+00  3.8848998E-01 
      1023 SSD  1.8381129E+03 -2.5625443E+01 -2.0461333E+01 -1.1269141E+01  4.0912209E+01  3.2061074E+00 
      1024     -4.7417639E+02  1.4972392E+02  1.2767790E+02  2.5525739E+00 -2.3177586E+01  1.1335972E+00 
      1024 SSD  1.8343418E+03 -2.5179485E+01 -3.2243588E+01 -9.0075562E+00  1.3506638E+02 -1.3467256E+00 
      1025     -4.7393284E+02  1.4958299E+02  1.2992282E+02  1.8852725E+00 -3.9901949E+01  1.5162961E+00 
      1025 SSD  1.8311117E+03 -2.4942964E+01 -4.2704015E+01 -6.1229090E+00  2.3188754E+02 -4.0599766E+00 
      1026     -4.7390201E+02  1.4950159E+02  1.3228819E+02  9.8318381E-01 -5.2128837E+01  1.7437354E+00 
      1026 SSD  1.8283989E+03 -2.4846739E+01 -5.3305433E+01 -2.3278238E+00  3.0220880E+02 -6.7520079E+00 
      1027     -4.7422324E+02  1.4944409E+02  1.3472251E+02 -5.4129314E-02 -5.7227145E+01  1.4133145E+00 
      1027 SSD  1.8271669E+03 -2.4788131E+01 -6.3632632E+01  1.4192590E+00  3.3113509E+02 -6.8993356E+00 
      1028     -4.7480615E+02  1.4941344E+02  1.3729067E+02 -9.4894728E-01 -5.4385973E+01  6.3053579E-01 
      1028 SSD  1.8266644E+03 -2.4678134E+01 -7.3896858E+01  3.9899909E+00  3.1513019E+02 -4.8886316E+00 
      1029     -4.7573869E+02  1.4943635E+02  1.3986580E+02 -1.9162701E+00 -4.3882667E+01 -4.4379416E-02 
      1029 SSD  1.8277906E+03 -2.4625790E+01 -8.3727078E+01  7.0543112E+00  2.5580014E+02 -3.6020002E+00 
      1030     -4.7687002E+02  1.4954621E+02  1.4262911E+02 -1.8352628E+00 -2.8388699E+01 -1.1542189E+00 
      1030 SSD  1.8293432E+03 -2.4657709E+01 -9.4219859E+01  5.6357574E+00  1.6694564E+02  1.6935052E+00 
      1031     -4.7800743E+02  1.4964606E+02  1.4469437E+02 -2.7778219E+00 -1.0231521E+01 -1.3159062E+00 
      1031 SSD  1.8334151E+03 -2.4759402E+01 -1.0242805E+02  1.0020714E+01  6.0542880E+01  4.1736224E-02 
      1032     -4.8321830E+02  1.7282361E+02  1.4527892E+02  2.0671419E+00  1.2878659E+01  2.2701764E+00 
      1032 SSD  1.8429648E+03 -1.2527691E+02 -1.0787070E+02 -1.0696813E+01 -4.4288247E+01 -4.3949189E+00 
      1033     -4.8196380E+02  1.7274304E+02  1.4237349E+02  1.9253770E+00  4.2102055E+01  3.6177138E-01 
      1033 SSD  1.8402350E+03 -1.2554387E+02 -9.6055479E+01 -8.8990765E+00 -1.4569868E+02  8.7693989E-01 
      1034     -4.8085799E+02  1.7268425E+02  1.3993646E+02  1.4181812E+00  7.2345707E+01 -8.0432212E-01 
      1034 SSD  1.8382308E+03 -1.2567087E+02 -8.5556425E+01 -5.8829905E+00 -2.4981058E+02  3.9164543E+00 
      1035     -4.7975156E+02  1.7265769E+02  1.3758001E+02  5.2006066E-01  9.4356173E+01 -2.0056200E+00 
      1035 SSD  1.8366652E+03 -1.2572451E+02 -7.5040829E+01 -2.0360546E+00 -3.2463775E+02  7.2251378E+00 
      1036     -4.7904015E+02  1.7266573E+02  1.3539644E+02 -3.6460199E-01  1.0338810E+02 -2.3460516E+00 
      1036 SSD  1.8366203E+03 -1.2577788E+02 -6.4888822E+01  1.6644305E+00 -3.5456014E+02  7.4076879E+00 
      1037     -4.7855071E+02  1.7271542E+02  1.3327146E+02 -9.7009057E-01  9.8011368E+01 -2.0827432E+00 
      1037 SSD  1.8373340E+03 -1.2589687E+02 -5.4867927E+01  4.0795109E+00 -3.3618209E+02  5.8471919E+00 
      1038     -4.7859869E+02  1.7277265E+02  1.3127820E+02 -1.6965571E+00  7.8875686E+01 -1.8513405E+00 
      1038 SSD  1.8399672E+03 -1.2597255E+02 -4.5334423E+01  7.0512315E+00 -2.7150000E+02  5.0183155E+00 
      1039     -4.7864826E+02  1.7285858E+02  1.2913283E+02 -1.1107335E+00  5.1075318E+01 -2.0788289E-02 
      1039 SSD  1.8427360E+03 -1.2601813E+02 -3.5099939E+01  5.2063398E+00 -1.7659897E+02 -1.2586813E+00 
      1040     -4.7954491E+02  1.7293566E+02  1.2752774E+02 -2.3271093E+00  1.8379261E+01 -6.1093691E-01 
      1040 SSD  1.8478071E+03 -1.2609879E+02 -2.7482134E+01  9.8381133E+00 -6.4013611E+01  5.1730004E-01 
      1041      3.2203072E+02  1.6041506E+02  1.4505357E+02  2.2261113E-01  1.5971554E-01  1.0706299E+02 
      1041 SSD -2.1109208E+03 -7.4770342E+01 -1.0515452E+02 -1.0449005E+00  2.4761173E-01 -4.6557416E+02 
      1042      1.4532652E+03  1.6062869E+02  1.4269131E+02  2.3040530E-01 -1.8551116E+00  1.2196551E+02 
      1042 SSD -6.7693339E+03 -7.4821651E+01 -9.4967703E+01 -1.0202543E+00 -9.4087515E-01 -4.7806998E+02 
      1043      2.5709949E+03  1.6081332E+02  1.4030234E+02  2.3295072E-01 -4.9357984E+00  1.0480109E+02 
      1043 SSD -1.0994344E+04 -7.4947290E+01 -8.4785270E+01 -1.0202565E+00  1.7882974E+00 -3.7781778E+02 
      1044      3.4038581E+03  1.6095616E+02  1.3792629E+02  2.3381983E-01 -7.7783150E+00  6.4452110E+01 
      1044 SSD -1.3856985E+04 -7.5127745E+01 -7.4630624E+01 -1.0189856E+00  6.2226078E+00 -2.0204372E+02 
      1045      3.7728097E+03  1.6104887E+02  1.3558249E+02  2.3409502E-01 -9.5625539E+00  1.0841676E+01 
      1045 SSD -1.4867345E+04 -7.5327475E+01 -6.4497018E+01 -1.0187918E+00  5.4916008E+00 -3.4319290E+00 
      1046      3.6020005E+03  1.6108523E+02  1.3327471E+02  2.3450733E-01 -9.7668205E+00 -4.4994162E+01 
      1046 SSD -1.3919455E+04 -7.5498343E+01 -5.4375392E+01 -1.0198107E+00  3.9636552E+00  1.9569935E+02 
      1047      2.9237022E+03  1.6106186E+02  1.3099115E+02  2.3595671E-01 -8.1665667E+00 -9.2155976E+01 
      1047 SSD -1.1109298E+04 -7.5594077E+01 -4.4248378E+01 -1.0229728E+00  6.0861436E+00  3.7304028E+02 
      1048      1.8709655E+03  1.6098079E+02  1.2870234E+02  2.3889809E-01 -4.9424188E+00 -1.2119070E+02 
      1048 SSD -6.9137152E+03 -7.5586565E+01 -3.4079980E+01 -1.0276475E+00  5.2740058E+00  4.7670562E+02 
      1049      6.5869715E+02  1.6085053E+02  1.2636346E+02  2.5763065E-01 -7.4125780E-01 -1.2488691E+02 
      1049 SSD -2.2348321E+03 -7.5469817E+01 -2.3831795E+01 -1.0648680E+00  3.5746513E-01  4.7144151E+02 
      1050      3.5896895E+03  1.6342459E+02  1.3562940E+02  2.3341378E-01  4.6171754E+01  1.0968989E+01 
      1050 SSD -1.3936825E+04 -8.5589419E+01 -6.4710226E+01 -1.0176029E+00 -1.9428616E+02 -1.9259780E+00 
      1051      2.9018510E+03  1.6581964E+02  1.3562310E+02  2.3181246E-01  9.2904151E+01  9.1408449E+00 
      1051 SSD -1.1135293E+04 -9.5830706E+01 -6.4855044E+01 -1.0150700E+00 -3.7283410E+02 -4.1676176E+00 
      1052      1.8448733E+03  1.6820101E+02  1.3556825E+02  2.2867257E-01  1.2133751E+02  5.7436469E+00 
      1052 SSD -6.9358160E+03 -1.0600859E+02 -6.4908285E+01 -1.0113863E+00 -4.7790347E+02 -4.1668689E+00 
      1053      6.3664131E+02  1.7052487E+02  1.3547623E+02  2.2968266E-01  1.2391456E+02  1.3263823E+00 
      1053 SSD -2.2418963E+03 -1.1609488E+02 -6.4867420E+01 -1.0349028E+00 -4.7332272E+02 -2.7007068E-01 
      1054      2.5848547E+03  1.6566190E+02  1.3789309E+02  2.3428838E-01  8.4563517E+01  5.2532202E+01 
      1054 SSD -1.0249142E+04 -9.5525385E+01 -7.4997964E+01 -1.0174258E+00 -3.5283070E+02 -1.6541750E+02 
      1055      1.8969699E+03  1.6547261E+02  1.4023301E+02  2.3693150E-01  6.6516521E+01  8.4965699E+01 
      1055 SSD -7.9101607E+03 -9.5254292E+01 -8.5253517E+01 -1.0189859E+00 -2.9148751E+02 -2.9956812E+02 
      1056      9.9093795E+02  1.6525806E+02  1.4263694E+02  2.3999121E-01  4.2436723E+01  9.7697640E+01 
      1056 SSD -4.5747605E+03 -9.5040189E+01 -9.5574463E+01 -1.0180631E+00 -1.9853378E+02 -3.7017840E+02 
      1057      1.0360609E+02  1.6503550E+02  1.4510507E+02  2.5505520E-01  1.7408376E+01  8.2463349E+01 
      1057 SSD -1.0263956E+03 -9.4888602E+01 -1.0590579E+02 -1.0828274E+00 -9.1188031E+01 -3.4745849E+02 
      1058      2.4097393E+03  1.6312008E+02  1.4028676E+02  2.3503851E-01  3.4314931E+01  1.0119405E+02 
      1058 SSD -1.0174364E+04 -8.5137346E+01 -8.5045450E+01 -1.0188564E+00 -1.5768278E+02 -3.5994849E+02 
      1059      3.2214696E+03  1.6329423E+02  1.3793389E+02  2.3415116E-01  4.2631235E+01  6.2587929E+01 
      1059 SSD -1.2938500E+04 -8.5350301E+01 -7.4845190E+01 -1.0182692E+00 -1.8686984E+02 -1.9541856E+02 
      1060      1.3314985E+03  1.6291114E+02  1.4267604E+02  2.3519255E-01  2.2809977E+01  1.1701954E+02 
      1060 SSD -6.1581514E+03 -8.4979948E+01 -9.5288925E+01 -1.0167349E+00 -1.0944191E+02 -4.5072927E+02 
      1061      2.5717884E+02  1.6268249E+02  1.4507750E+02  2.3873613E-01  9.9991900E+00  1.0080510E+02 
      1061 SSD -1.7959712E+03 -8.4889065E+01 -1.0552129E+02 -1.0614248E+00 -5.0259285E+01 -4.3257268E+02 
      1062      2.9258069E+02  1.7024529E+02  1.4002832E+02  2.3280426E-01  8.5166228E+01  2.7855695E+01 
      1062 SSD -1.1071052E+03 -1.1527081E+02 -8.5456062E+01 -1.0020662E+00 -3.5021193E+02 -9.5727570E+01 
      1063      1.1373937E+03  1.6785917E+02  1.4014436E+02  2.3801422E-01  8.5142555E+01  5.8959872E+01 
      1063 SSD -4.6411324E+03 -1.0532025E+02 -8.5394881E+01 -1.0192652E+00 -3.6412370E+02 -2.0554131E+02 
      1064      5.2892194E+02  1.7038551E+02  1.3768977E+02  2.3209681E-01  1.1143550E+02  1.6226601E+01 
      1064 SSD -1.9105034E+03 -1.1568541E+02 -7.5035569E+01 -1.0246695E+00 -4.3822962E+02 -5.2538154E+01 
      1065      1.6206308E+03  1.6803774E+02  1.3780870E+02  2.3344265E-01  1.0968493E+02  3.6053020E+01 
      1065 SSD -6.2829869E+03 -1.0564239E+02 -7.5065737E+01 -1.0166792E+00 -4.4728696E+02 -1.1457956E+02 
      1066     -3.1327709E+02  1.6994072E+02  1.4517355E+02  2.6991615E-01  1.8991733E+01  2.7440014E+01 
      1066 SSD  1.0994667E+03 -1.1433133E+02 -1.0694284E+02 -1.0159503E+00 -1.0275408E+02 -1.0273733E+02 
      1067     -1.7503010E+01  1.7010164E+02  1.4248324E+02  2.4042985E-01  5.1287862E+01  3.2558301E+01 
      1067 SSD -5.4373288E+00 -1.1483480E+02 -9.6015568E+01 -9.8388264E-01 -2.2855053E+02 -1.1602770E+02 
      1068     -1.0256507E+02  1.6749845E+02  1.4512976E+02  2.6716026E-01  2.0604969E+01  5.5992041E+01 
      1068 SSD  2.2718508E+01 -1.0505544E+02 -1.0631919E+02 -1.0864480E+00 -1.0917598E+02 -2.2763470E+02 
      1069      5.0533249E+02  1.6767089E+02  1.4257322E+02  2.4286568E-01  5.2788280E+01  6.7553634E+01 
      1069 SSD -2.3491909E+03 -1.0509137E+02 -9.5824537E+01 -1.0189536E+00 -2.4267952E+02 -2.4979147E+02 
      1070      4.1152988E+02  1.6604218E+02  1.2673927E+02  2.4236286E-01  2.7839678E+01 -1.0050546E+02 
      1070 SSD -1.3327693E+03 -9.6654974E+01 -2.4892723E+01 -1.0146429E+00 -9.7882075E+01  3.7021597E+02 
      1071      1.3942681E+03  1.6607216E+02  1.2902457E+02  2.3719307E-01  5.3450133E+01 -9.8945653E+01 
      1071 SSD -5.0116963E+03 -9.6646843E+01 -3.4940621E+01 -1.0232636E+00 -1.9939922E+02  3.7470997E+02 
      1072      2.2440416E+03  1.6602813E+02  1.3122663E+02  2.3237107E-01  7.5873839E+01 -7.4883419E+01 
      1072 SSD -8.2731047E+03 -9.6427450E+01 -4.4889178E+01 -1.0157052E+00 -2.9100401E+02  2.9173032E+02 
      1073      2.7810035E+03  1.6594307E+02  1.3340736E+02  2.3079289E-01  8.9861809E+01 -3.6304864E+01 
      1073 SSD -1.0435493E+04 -9.6144604E+01 -5.4820241E+01 -1.0132574E+00 -3.5107601E+02  1.5559012E+02 
      1074      1.7788872E+03  1.6350479E+02  1.2887367E+02  2.4035450E-01  2.7228807E+01 -1.1717425E+02 
      1074 SSD -6.4754989E+03 -8.6041514E+01 -3.4518156E+01 -1.0307088E+00 -1.0654658E+02  4.5115147E+02 
      1075      6.0855739E+02  1.6342119E+02  1.2654264E+02  2.5142680E-01  1.4882234E+01 -1.2066957E+02 
      1075 SSD -2.0370121E+03 -8.5970120E+01 -2.4334945E+01 -1.0390328E+00 -5.2496723E+01  4.4879138E+02 
      1076      2.7918457E+03  1.6353337E+02  1.3113122E+02  2.3558418E-01  3.7472738E+01 -8.8958950E+01 
      1076 SSD -1.0425027E+04 -8.5979691E+01 -4.4599598E+01 -1.0219815E+00 -1.5418251E+02  3.5171766E+02 
      1077      3.4373968E+03  1.6350587E+02  1.3336800E+02  2.3355395E-01  4.4311428E+01 -4.3050336E+01 
      1077 SSD -1.3054525E+04 -8.5815295E+01 -5.4635378E+01 -1.0180685E+00 -1.8495546E+02  1.8639021E+02 
      1078      1.2053120E+02  1.7108691E+02  1.2913322E+02  2.2169343E-01  6.8882361E+01 -3.2748462E+01 
      1078 SSD -3.0637103E+02 -1.1782668E+02 -3.5196147E+01 -1.0056070E+00 -2.5071933E+02  1.1801315E+02 
      1079      7.9990852E+02  1.6861785E+02  1.2913280E+02  2.3088051E-01  6.8632216E+01 -6.8682162E+01 
      1079 SSD -2.8035306E+03 -1.0724913E+02 -3.5259314E+01 -1.0121732E+00 -2.5301952E+02  2.5549927E+02 
      1080     -2.1301088E+02  1.7138002E+02  1.2711675E+02  1.9491226E-01  3.1500626E+01 -3.3072308E+01 
      1080 SSD  8.9796875E+02 -1.1877611E+02 -2.6024708E+01 -8.9703428E-01 -1.1187350E+02  1.1777805E+02 
      1081      1.1546350E+02  1.6870176E+02  1.2699669E+02  2.1675789E-01  3.2987007E+01 -6.9664679E+01 
      1081 SSD -2.7649051E+02 -1.0752117E+02 -2.5703364E+01 -9.4627086E-01 -1.1690952E+02  2.5361313E+02 
      1082      4.0834180E+02  1.7083873E+02  1.3125390E+02  2.2656459E-01  1.0028572E+02 -2.6383732E+01 
      1082 SSD -1.3557470E+03 -1.1701376E+02 -4.5081944E+01 -1.0373413E+00 -3.7070505E+02  9.5370410E+01 
      1083      1.3894780E+03  1.6848568E+02  1.3127037E+02  2.2649757E-01  9.8933901E+01 -5.2512731E+01 
      1083 SSD -5.0254489E+03 -1.0680575E+02 -4.5069589E+01 -1.0064880E+00 -3.7277515E+02  1.9990042E+02 
      1084      5.9413737E+02  1.7067597E+02  1.3332935E+02  2.2874490E-01  1.2002628E+02 -1.3790258E+01 
      1084 SSD -2.0469100E+03 -1.1654294E+02 -5.4853409E+01 -1.0402872E+00 -4.4975055E+02  5.1471733E+01 
      1085      1.7628455E+03  1.6835051E+02  1.3339248E+02  2.2592553E-01  1.1740758E+02 -2.6047200E+01 
      1085 SSD -6.4910583E+03 -1.0640333E+02 -5.4896188E+01 -1.0063470E+00 -4.5114223E+02  1.0690038E+02 
      1086      3.4314942E+02  1.5181045E+02  1.3496277E+02  2.4904723E-01 -1.0808031E+02  5.2396952E-01 
      1086 SSD -2.0925727E+03 -3.4658223E+01 -6.3790419E+01 -1.0414222E+00  4.6392344E+02  7.8378673E-01 
      1087      1.4782610E+03  1.5412202E+02  1.3516214E+02  2.3781652E-01 -1.2180202E+02  2.7121565E+00 
      1087 SSD -6.7369864E+03 -4.4748971E+01 -6.3877377E+01 -1.0165858E+00  4.7698462E+02  2.5674401E+00 
      1088      2.5917554E+03  1.5640785E+02  1.3534089E+02  2.3508742E-01 -1.0410548E+02  5.9757595E+00 
      1088 SSD -1.0960515E+04 -5.4882398E+01 -6.4040302E+01 -1.0176224E+00  3.7860772E+02  7.9898924E-02 
      1089      3.4157426E+03  1.5871021E+02  1.3548407E+02  2.3449506E-01 -6.3353365E+01  8.9880657E+00 
      1089 SSD -1.3836947E+04 -6.5081935E+01 -6.4257940E+01 -1.0183907E+00  2.0397193E+02 -4.2073597E+00 
      1090      1.3437878E+03  1.5410286E+02  1.3764056E+02  2.3977583E-01 -1.1128983E+02  2.7549225E+01 
      1090 SSD -6.2900532E+03 -4.4424194E+01 -7.4049345E+01 -1.0134002E+00  4.4799426E+02 -1.0541593E+02 
      1091      9.8467752E+02  1.5405585E+02  1.4013058E+02  2.4004576E-01 -8.7579231E+01  4.6927464E+01 
      1091 SSD -4.8502330E+03 -4.4077716E+01 -8.4063520E+01 -1.0184222E+00  3.6785521E+02 -1.9558293E+02 
      1092      4.7531301E+02  1.5397807E+02  1.4259547E+02  2.3520177E-01 -5.5578288E+01  5.6281463E+01 
      1092 SSD -2.6757513E+03 -4.3683153E+01 -9.4024655E+01 -1.0214080E+00  2.4727292E+02 -2.4944765E+02 
      1093     -6.7852366E+01  1.5392850E+02  1.4489228E+02  2.2019034E-01 -2.2535262E+01  5.1831756E+01 
      1093 SSD -2.1233287E+02 -4.3441310E+01 -1.0363955E+02 -9.9281377E-01  1.1235972E+02 -2.4602190E+02 
      1094      1.5118155E+02  1.5171576E+02  1.4004274E+02  2.6198939E-01 -8.0097268E+01  1.8922102E+01 
      1094 SSD -1.2481750E+03 -3.3816875E+01 -8.4019859E+01 -1.0530615E+00  3.6109868E+02 -9.0986330E+01 
      1095      2.9670064E+02  1.5176425E+02  1.3748938E+02  2.5865049E-01 -1.0026397E+02  1.0734477E+01 
      1095 SSD -1.9090181E+03 -3.4256434E+01 -7.4009124E+01 -1.0484077E+00  4.3956670E+02 -4.8777956E+01 
      1096     -6.3279252E+01  1.5160168E+02  1.4261144E+02  2.4519965E-01 -5.1643146E+01  2.3049487E+01 
      1096 SSD -2.3948374E+02 -3.3086890E+01 -9.4151698E+01 -1.0050699E+00  2.4333753E+02 -1.1316886E+02 
      1097     -2.9931405E+02  1.5145529E+02  1.4491301E+02  2.1624103E-01 -2.1231267E+01  2.1628521E+01 
      1097 SSD  9.2030347E+02 -3.2100575E+01 -1.0357617E+02 -8.8976518E-01  1.0760203E+02 -1.1301933E+02 
      1098      2.3458444E+03  1.5854995E+02  1.4027741E+02  2.3289567E-01 -4.3583772E+01  9.5208324E+01 
      1098 SSD -1.0249908E+04 -6.4678306E+01 -8.4501803E+01 -1.0204853E+00  1.5865199E+02 -3.5313238E+02 
      1099      1.7772611E+03  1.5630537E+02  1.4021774E+02  2.3473813E-01 -7.3558916E+01  7.4461063E+01 
      1099 SSD -8.0754876E+03 -5.4346408E+01 -8.4249365E+01 -1.0164343E+00  2.9087017E+02 -2.8982835E+02 
      1100      3.0948023E+03  1.5865474E+02  1.3787042E+02  2.3422662E-01 -5.6826936E+01  5.7988452E+01 
      1100 SSD -1.2905905E+04 -6.4875589E+01 -7.4394519E+01 -1.0181787E+00  1.9256259E+02 -1.9054856E+02 
      1101      2.3558275E+03  1.5637843E+02  1.3777252E+02  2.3584522E-01 -9.4378304E+01  4.4689234E+01 
      1101 SSD -1.0235054E+04 -5.4621491E+01 -7.4189260E+01 -1.0161815E+00  3.5408025E+02 -1.5679271E+02 
      1102      2.8205309E+02  1.5823750E+02  1.4502324E+02  2.1183338E-01 -1.0018832E+01  9.9626737E+01 
      1102 SSD -1.9133451E+03 -6.4489517E+01 -1.0475782E+02 -1.0200113E+00  5.0759303E+01 -4.4065944E+02 
      1103      1.3278321E+03  1.5840602E+02  1.4268044E+02  2.2950070E-01 -2.6582260E+01  1.1163242E+02 
      1103 SSD -6.3040277E+03 -6.4538108E+01 -9.4625010E+01 -1.0250908E+00  1.0738971E+02 -4.4889956E+02 
      1104      1.4227053E+02  1.5608263E+02  1.4499435E+02  2.1020589E-01 -1.8502019E+01  7.9758794E+01 
      1104 SSD -1.2315358E+03 -5.3978533E+01 -1.0436876E+02 -9.9564536E-01  9.3802614E+01 -3.6170726E+02 
      1105      9.7726563E+02  1.5619569E+02  1.4264634E+02  2.3061052E-01 -4.6129790E+01  8.8139533E+01 
      1105 SSD -4.8465749E+03 -5.4086280E+01 -9.4293835E+01 -1.0181709E+00  1.9674963E+02 -3.6949030E+02 
      1106      4.1179107E+00  1.5382341E+02  1.2584182E+02  2.3643431E-01 -3.2664227E+01 -5.2388443E+01 
      1106 SSD -2.1781236E+00 -4.5204915E+01 -2.2414283E+01 -1.0727400E+00  1.1386663E+02  2.2372459E+02 
      1107      5.3614798E+02  1.5397797E+02  1.2807258E+02  2.2235696E-01 -6.7638169E+01 -5.3425195E+01 
      1107 SSD -2.3175176E+03 -4.5313466E+01 -3.2806232E+01 -1.0121990E+00  2.4747411E+02  2.4116738E+02 
      1108      1.0251432E+03  1.5406604E+02  1.3037404E+02  2.2842145E-01 -9.7662232E+01 -4.2492215E+01 
      1108 SSD -4.5313862E+03 -4.5225402E+01 -4.3218798E+01 -1.0177053E+00  3.6755850E+02  1.9773470E+02 
      1109      1.3633354E+03  1.5411028E+02  1.3273949E+02  2.3349400E-01 -1.1691928E+02 -2.2291072E+01 
      1109 SSD -6.1141776E+03 -4.5022064E+01 -5.3603573E+01 -1.0177138E+00  4.4881468E+02  1.1012391E+02 
      1110     -8.2075121E+01  1.5192179E+02  1.2784531E+02  2.0267473E-01 -5.8064450E+01 -2.1648732E+01 
      1110 SSD  4.5916129E+01 -3.5678318E+01 -3.2444240E+01 -9.6640977E-01  2.2878791E+02  1.1001426E+02 
      1111     -3.0150438E+02  1.5194014E+02  1.2557688E+02  2.0461151E-01 -2.9517013E+01 -1.9763102E+01 
      1111 SSD  1.1046005E+03 -3.5992707E+01 -2.1642465E+01 -1.0107072E+00  1.0589523E+02  9.7924168E+01 
      1112      1.3003178E+02  1.5188867E+02  1.3014599E+02  2.1928779E-01 -8.4091529E+01 -1.7644804E+01 
      1112 SSD -1.0036486E+03 -3.5354302E+01 -4.2980443E+01 -1.0001635E+00  3.4601603E+02  9.0799641E+01 
      1113      2.8304598E+02  1.5185023E+02  1.3252124E+02  2.3434268E-01 -1.0217593E+02 -9.6269583E+00 
      1113 SSD -1.7717768E+03 -3.5014715E+01 -5.3474753E+01 -1.0227923E+00  4.3064874E+02  5.0496653E+01 
      1114      1.6519878E+03  1.5853584E+02  1.2851030E+02  2.3468488E-01 -3.5831147E+01 -1.0982409E+02 
      1114 SSD -6.2484031E+03 -6.5299422E+01 -3.3644170E+01 -1.0208909E+00  1.1614665E+02  4.4556460E+02 
      1115      1.1694075E+03  1.5621135E+02  1.2829833E+02  2.2752530E-01 -5.9090492E+01 -8.5562984E+01 
      1115 SSD -4.5985875E+03 -5.5247691E+01 -3.3215580E+01 -1.0122016E+00  2.0578829E+02  3.6216396E+02 
      1116      5.5404284E+02  1.5837469E+02  1.2620524E+02  2.5554914E-01 -1.6132721E+01 -1.1250009E+02 
      1116 SSD -1.8999808E+03 -6.5162595E+01 -2.3409469E+01 -1.0726312E+00  5.3026392E+01  4.3484331E+02 
      1117      3.1639743E+02  1.5606962E+02  1.2603960E+02  2.4768442E-01 -2.8231568E+01 -8.6363724E+01 
      1117 SSD -1.0935839E+03 -5.5193507E+01 -2.2970115E+01 -1.0742455E+00  9.5897465E+01  3.4609434E+02 
      1118      3.2441874E+03  1.5870973E+02  1.3313245E+02  2.3422488E-01 -6.1706441E+01 -4.1694764E+01 
      1118 SSD -1.2901483E+04 -6.5246403E+01 -5.4087837E+01 -1.0193128E+00  1.9732036E+02  1.8828613E+02 
      1119      2.6146046E+03  1.5865106E+02  1.3081260E+02  2.3419741E-01 -5.1963485E+01 -8.4088921E+01 
      1119 SSD -1.0205480E+04 -6.5328079E+01 -4.3880391E+01 -1.0206892E+00  1.6720512E+02  3.5265654E+02 
      1120      2.4390492E+03  1.5638933E+02  1.3294976E+02  2.3305063E-01 -1.0074098E+02 -3.3671385E+01 
      1120 SSD -1.0124578E+04 -5.5090614E+01 -5.3817976E+01 -1.0183238E+00  3.6058591E+02  1.5903561E+02 
      1121      1.9303637E+03  1.5632309E+02  1.3060258E+02  2.3054745E-01 -8.4784402E+01 -6.6394628E+01 
      1121 SSD -7.8558477E+03 -5.5219222E+01 -4.3526749E+01 -1.0174258E+00  2.9986823E+02  2.9113896E+02 

