      NODE            V1             V2             V3             VR1            VR2            VR3
      1001     -1.7930182E+02  1.3301426E+01  1.9229834E+01  4.5139743E-01  1.3627703E+00 -1.4128274E+00 
      1001 SSD  1.1454439E+03 -1.0463745E+01 -7.1514723E+01 -4.2498654E+00 -1.0946231E+01  1.0695678E+01 
      1002     -1.7904200E+02  1.3667484E+01  1.9155182E+01  1.6148168E+00  3.0298868E-01  4.6107759E+00 
      1002 SSD  1.1432595E+03 -1.3106164E+01 -7.1088740E+01 -1.2594049E+01  6.2469125E-02 -3.5142773E+01 
      1003     -1.7876915E+02  1.4904511E+01  1.9213896E+01  7.0201568E-01  2.0488504E-01  1.3331867E+01 
      1003 SSD  1.1407954E+03 -2.2558482E+01 -7.1683567E+01 -4.5802486E+00 -1.4602191E-01 -1.0497705E+02 
      1004     -1.7868848E+02  1.5690601E+01  1.9197717E+01  5.9514572E-01 -1.9514458E-01  2.1161020E+01 
      1004 SSD  1.1404919E+03 -2.8912636E+01 -7.1613460E+01 -3.0467068E+00  2.9320187E+00 -1.6758616E+02 
      1005     -1.7861983E+02  1.6585619E+01  1.9209880E+01  2.5218185E-01 -4.4439072E-01  2.6280906E+01 
      1005 SSD  1.1400274E+03 -3.6007866E+01 -7.1701516E+01 -4.3552534E-01  3.5409695E+00 -2.0904787E+02 
      1006     -1.7866813E+02  1.7462671E+01  1.9226229E+01 -1.0859794E-01 -6.4887075E-01  2.7635328E+01 
      1006 SSD  1.1404725E+03 -4.2674754E+01 -7.1732194E+01  1.8410438E+00  4.4238912E+00 -2.2143462E+02 
      1007     -1.7884938E+02  1.8354766E+01  1.9243186E+01 -4.2635343E-01 -6.5951138E-01  2.5092964E+01 
      1007 SSD  1.1415307E+03 -4.9136665E+01 -7.1770790E+01  3.4095478E+00  4.2117073E+00 -2.0358550E+02 
      1008     -1.7918030E+02  1.9230321E+01  1.9248174E+01 -6.7844272E-01 -5.0931319E-01  1.9220925E+01 
      1008 SSD  1.1436952E+03 -5.5321790E+01 -7.1747316E+01  4.8335755E+00  2.5889623E+00 -1.5799775E+02 
      1009     -1.7954430E+02  2.0215377E+01  1.9271405E+01 -5.3203290E-01 -3.7217514E-01  1.1556121E+01 
      1009 SSD  1.1457266E+03 -6.2312552E+01 -7.1969609E+01  3.2320335E+00  1.9840142E+00 -9.5774215E+01 
      1010     -1.8004770E+02  2.0986558E+01  1.9273648E+01 -7.4668129E-01  3.3666476E-01  3.8676538E+00 
      1010 SSD  1.1501061E+03 -6.7442561E+01 -7.1917951E+01  4.7602547E+00 -4.5851404E+00 -3.1471122E+01 
      1011     -1.8039466E+02  2.2012860E+01  1.9316938E+01  5.1312092E-01 -2.2034505E-01 -4.2994508E-01 
      1011 SSD  1.1513186E+03 -7.4715379E+01 -7.2506565E+01 -5.7296366E+00  1.6592358E+00  5.2457914E+00 
      1012     -1.8063237E+02  2.2024501E+01  1.0336822E+01  6.2011746E-01 -1.6274603E+00  1.5021828E+00 
      1012 SSD  1.1557363E+03 -7.5015271E+01 -6.2336179E+00 -4.7660087E+00  1.1814775E+01 -1.0340156E+01 
      1013     -1.8010888E+02  2.1708192E+01  1.0404830E+01  1.6181433E+00 -5.2187614E-02 -5.2328729E+00 
      1013 SSD  1.1521924E+03 -7.2581493E+01 -6.6685108E+00 -1.1428585E+01 -7.8120427E-01  3.6320508E+01 
      1014     -1.7956680E+02  2.0478172E+01  1.0338442E+01  7.5919925E-01 -2.8737831E-02 -1.5621605E+01 
      1014 SSD  1.1484198E+03 -6.3522450E+01 -6.1531249E+00 -5.0767538E+00 -3.3958323E-01  1.1002408E+02 
      1015     -1.7932201E+02  1.9569517E+01  1.0343170E+01  4.6337208E-01  4.5098062E-01 -2.5036075E+01 
      1015 SSD  1.1470904E+03 -5.6564151E+01 -6.1968564E+00 -2.6212448E+00 -3.6458850E+00  1.7628358E+02 
      1016     -1.7905730E+02  1.8624609E+01  1.0326358E+01  6.6615054E-02  6.5489861E-01 -3.1303983E+01 
      1016 SSD  1.1454748E+03 -4.9447231E+01 -6.1275160E+00  1.2203058E-02 -4.1440437E+00  2.2021718E+02 
      1017     -1.7892684E+02  1.7697347E+01  1.0310389E+01 -2.9163447E-01  8.0196202E-01 -3.3090098E+01 
      1017 SSD  1.1448246E+03 -4.2616507E+01 -6.1041359E+00  2.1290052E+00 -4.9235106E+00  2.3348068E+02 
      1018     -1.7893685E+02  1.6754239E+01  1.0293195E+01 -5.5364236E-01  7.0635478E-01 -3.0190166E+01 
      1018 SSD  1.1448502E+03 -3.5883402E+01 -6.0435505E+00  3.5347202E+00 -4.3764417E+00  2.1481032E+02 
      1019     -1.7911919E+02  1.5888078E+01  1.0294879E+01 -8.6177353E-01  3.8625873E-01 -2.3107593E+01 
      1019 SSD  1.1460556E+03 -2.9702377E+01 -6.0624113E+00  5.4804503E+00 -2.2176113E+00  1.6621786E+02 
      1020     -1.7922193E+02  1.4961233E+01  1.0279300E+01 -5.9135785E-01  2.8108049E-01 -1.3692756E+01 
      1020 SSD  1.1467051E+03 -2.3088556E+01 -5.8853710E+00  3.6097745E+00 -1.8855308E+00  9.9836481E+01 
      1021     -1.7968864E+02  1.4236406E+01  1.0318837E+01 -6.1604669E-01 -9.4284147E-01 -4.2933003E+00 
      1021 SSD  1.1503662E+03 -1.7743964E+01 -6.0520697E+00  3.7900546E+00  6.0089698E+00  3.2366128E+01 
      1022     -1.7954670E+02  1.3385023E+01  1.0270062E+01  7.7737241E-01  1.2258490E-01  1.0164382E+00 
      1022 SSD  1.1496643E+03 -1.1180568E+01 -5.5342239E+00 -5.4302222E+00 -9.5387120E-01 -7.0564163E+00 
      1023     -1.7916580E+02  1.3319370E+01  1.0896735E+01  1.0097718E+00 -3.3860440E+00 -2.1934826E-01 
      1023 SSD  1.1467883E+03 -1.0710576E+01 -1.0432830E+01 -7.5386514E+00  2.7257936E+01  2.1066883E+00 
      1024     -1.7886161E+02  1.3274570E+01  1.1895042E+01  8.8293985E-01 -1.1213342E+01  2.2492412E-01 
      1024 SSD  1.1443549E+03 -1.0410965E+01 -1.8146104E+01 -5.6826543E+00  8.9862049E+01 -6.6699535E-01 
      1025     -1.7858944E+02  1.3247727E+01  1.2775212E+01  6.6017679E-01 -1.9291737E+01  4.7911606E-01 
      1025 SSD  1.1423114E+03 -1.0254671E+01 -2.4990705E+01 -3.6585341E+00  1.5397597E+02 -2.3460859E+00 
      1026     -1.7836679E+02  1.3230806E+01  1.3674647E+01  3.2076881E-01 -2.5212545E+01  6.8941262E-01 
      1026 SSD  1.1406279E+03 -1.0207996E+01 -3.1937295E+01 -1.1452791E+00  2.0026906E+02 -4.1208754E+00 
      1027     -1.7828529E+02  1.3215162E+01  1.4569112E+01 -5.3912171E-02 -2.7691567E+01  6.6469288E-01 
      1027 SSD  1.1398712E+03 -1.0196813E+01 -3.8655807E+01  1.1869979E+00  2.1909865E+02 -4.2685007E+00 
      1028     -1.7829755E+02  1.3199944E+01  1.5489865E+01 -3.5926686E-01 -2.6319941E+01  4.2235791E-01 
      1028 SSD  1.1395110E+03 -1.0143572E+01 -4.5243939E+01  2.6459148E+00  2.0855204E+02 -3.1308796E+00 
      1029     -1.7845579E+02  1.3196049E+01  1.6395339E+01 -6.9573413E-01 -2.1248963E+01  2.0340625E-01 
      1029 SSD  1.1401991E+03 -1.0112944E+01 -5.1486240E+01  4.4609822E+00  1.6962772E+02 -2.6129197E+00 
      1030     -1.7867426E+02  1.3210309E+01  1.7364161E+01 -6.0809810E-01 -1.3764131E+01 -2.8160318E-01 
      1030 SSD  1.1411158E+03 -1.0111437E+01 -5.8139481E+01  3.4427862E+00  1.1098657E+02  7.6549805E-01 
      1031     -1.7902858E+02  1.3227462E+01  1.8109032E+01 -9.9629862E-01 -4.9457303E+00 -2.3559281E-01 
      1031 SSD  1.1438480E+03 -1.0157700E+01 -6.3370620E+01  6.2825135E+00  4.0339227E+01 -5.6029031E-01 
      1032     -1.8017460E+02  2.2034415E+01  1.8530101E+01  8.9941648E-01  4.0700973E+00  5.0448915E-01 
      1032 SSD  1.1496079E+03 -7.5008721E+01 -6.7009860E+01 -7.2053017E+00 -2.9346598E+01 -2.8152856E+00 
      1033     -1.7988323E+02  2.2043430E+01  1.7494211E+01  8.2794426E-01  1.3373145E+01 -8.1706130E-02 
      1033 SSD  1.1478474E+03 -7.5203657E+01 -5.9298769E+01 -5.6380610E+00 -9.6464351E+01  3.9704371E-01 
      1034     -1.7964273E+02  2.2047227E+01  1.6596490E+01  6.0895706E-01  2.2969933E+01 -4.1668834E-01 
      1034 SSD  1.1466044E+03 -7.5296574E+01 -5.2431614E+01 -3.5074396E+00 -1.6508489E+02  2.2663854E+00 
      1035     -1.7943086E+02  2.2052488E+01  1.5703562E+01  2.6637301E-01  2.9936675E+01 -7.4523092E-01 
      1035 SSD  1.1456755E+03 -7.5321463E+01 -4.5538392E+01 -9.5382186E-01 -2.1410924E+02  4.4146303E+00 
      1036     -1.7936380E+02  2.2064051E+01  1.4841260E+01 -9.3075054E-02  3.2784597E+01 -7.6969624E-01 
      1036 SSD  1.1457080E+03 -7.5330693E+01 -3.8919586E+01  1.3559565E+00 -2.3345986E+02  4.5779242E+00 
      1037     -1.7939455E+02  2.2081040E+01  1.3970813E+01 -3.6719558E-01  3.1058449E+01 -6.0658848E-01 
      1037 SSD  1.1461380E+03 -7.5390223E+01 -3.2476406E+01  2.7130744E+00 -2.2138420E+02  3.6904182E+00 
      1038     -1.7959996E+02  2.2093690E+01  1.3131520E+01 -6.7798945E-01  2.4975678E+01 -4.3918475E-01 
      1038 SSD  1.1478207E+03 -7.5429016E+01 -2.6403388E+01  4.4759931E+00 -1.7909092E+02  3.5190434E+00 
      1039     -1.7982904E+02  2.2100410E+01  1.2227038E+01 -5.2273978E-01  1.6151049E+01  1.6314487E-01 
      1039 SSD  1.1495566E+03 -7.5471076E+01 -1.9901828E+01  3.1877553E+00 -1.1673154E+02 -5.0733131E-01 
      1040     -1.8024922E+02  2.2109435E+01  1.1556857E+01 -9.5237633E-01  5.8019333E+00  4.6055276E-02 
      1040 SSD  1.1529096E+03 -7.5536841E+01 -1.5047390E+01  6.1637724E+00 -4.2402004E+01  8.4936446E-01 
      1041      1.7007343E+02  1.7507058E+01  1.8329423E+01  8.9675092E-02  1.5164388E-01  4.3120743E+01 
      1041 SSD -1.4219866E+03 -4.2642180E+01 -6.5162985E+01 -6.7716822E-01  8.9017370E-01 -2.9841670E+02 
      1042      6.1132958E+02  1.7544344E+01  1.7436073E+01  8.8951778E-02  2.1196008E-01  4.6302498E+01 
      1042 SSD -4.3829206E+03 -4.2596514E+01 -5.8590003E+01 -6.5868215E-01  6.3163385E-01 -3.0115253E+02 
      1043      1.0277882E+03  1.7580643E+01  1.6540953E+01  8.9164783E-02 -1.1390220E-01  3.8163456E+01 
      1043 SSD -7.0245286E+03 -4.2617820E+01 -5.2021008E+01 -6.5852088E-01  2.7758076E+00 -2.3362667E+02 
      1044      1.3236345E+03  1.7613916E+01  1.5648912E+01  8.9156296E-02 -5.9689002E-01  2.1871232E+01 
      1044 SSD -8.7768504E+03 -4.2692663E+01 -4.5469137E+01 -6.5760249E-01  5.8161412E+00 -1.2100935E+02 
      1045      1.4365407E+03  1.7642536E+01  1.4760996E+01  8.9164531E-02 -1.0985619E+00  1.0770063E+00 
      1045 SSD -9.3798878E+03 -4.2791585E+01 -3.8929272E+01 -6.5746130E-01  3.4417774E+00 -1.7695813E+00 
      1046      1.3432985E+03  1.7664850E+01  1.3876641E+01  8.9258621E-02 -1.4261483E+00 -1.9927710E+01 
      1046 SSD -8.8090056E+03 -4.2873792E+01 -3.2396197E+01 -6.5815383E-01  5.7930686E-01  1.1769645E+02 
      1047      1.0630357E+03  1.7679567E+01  1.2993550E+01  8.9569368E-02 -1.4154949E+00 -3.6856856E+01 
      1047 SSD -7.0843928E+03 -4.2899535E+01 -2.5859542E+01 -6.6027077E-01  2.1956522E+00  2.3102242E+02 
      1048      6.5359934E+02  1.7686435E+01  1.2107083E+01  9.0081907E-02 -1.0222943E+00 -4.6154828E+01 
      1048 SSD -4.4595410E+03 -4.2843552E+01 -1.9296227E+01 -6.6339823E-01  2.1386796E+00  3.0024749E+02 
      1049      2.0458233E+02  1.7685995E+01  1.1211522E+01  9.3625399E-02 -2.3663462E-01 -4.4913309E+01 
      1049 SSD -1.4891134E+03 -4.2700388E+01 -1.2680942E+01 -6.8961856E-01 -4.5890401E-01  3.0145964E+02 
      1050      1.3433126E+03  1.8541894E+01  1.4786574E+01  8.9027203E-02  1.9945453E+01  1.3979946E+00 
      1050 SSD -8.8235493E+03 -4.9413704E+01 -3.9040498E+01 -6.5672030E-01 -1.1646481E+02  1.0572496E+00 
      1051      1.0626759E+03  1.9441340E+01  1.4805538E+01  8.8714119E-02  3.6918280E+01  1.3619868E+00 
      1051 SSD -7.1071444E+03 -5.6021299E+01 -3.9098896E+01 -6.5518077E-01 -2.3069849E+02 -7.3318357E-01 
      1052      6.5251579E+02  2.0335575E+01  1.4818090E+01  8.8175332E-02  4.6254165E+01  9.8167196E-01 
      1052 SSD -4.4806985E+03 -6.2586740E+01 -3.9082768E+01 -6.5306657E-01 -3.0104271E+02 -1.3788950E+00 
      1053      2.0292090E+02  2.1219386E+01  1.4825120E+01  8.9679595E-02  4.4936772E+01  2.2079301E-01 
      1053 SSD -1.4987103E+03 -6.9093147E+01 -3.8989225E+01 -6.7018509E-01 -3.0301314E+02  3.6643310E-01 
      1054      9.6488532E+02  1.9404421E+01  1.5685572E+01  8.9007816E-02  3.4405173E+01  1.7378053E+01 
      1054 SSD -6.5751350E+03 -5.5837504E+01 -4.5660385E+01 -6.5690150E-01 -2.1962274E+02 -1.0124787E+02 
      1055      7.2785549E+02  1.9365556E+01  1.6575674E+01  8.9432206E-02  2.7796386E+01  2.9779287E+01 
      1055 SSD -5.1213227E+03 -5.5685709E+01 -5.2307308E+01 -6.5732051E-01 -1.8314660E+02 -1.8781369E+02 
      1056      4.0296399E+02  1.9326172E+01  1.7475743E+01  8.9856409E-02  1.8396087E+01  3.5523788E+01 
      1056 SSD -3.0124042E+03 -5.5583564E+01 -5.8992489E+01 -6.5545854E-01 -1.2618639E+02 -2.3557458E+02 
      1057      7.0184963E+01  1.9288637E+01  1.8386946E+01  9.6599932E-02  8.0638879E+00  3.1873392E+01 
      1057 SSD -7.3466207E+02 -5.5531243E+01 -6.5658534E+01 -6.9417108E-01 -5.8979457E+01 -2.2486811E+02 
      1058      9.4634346E+02  1.8472265E+01  1.6560849E+01  8.9327647E-02  1.5461592E+01  3.6175765E+01 
      1058 SSD -6.5315388E+03 -4.9183867E+01 -5.2183877E+01 -6.5709065E-01 -9.6706534E+01 -2.2374044E+02 
      1059      1.2303238E+03  1.8508865E+01  1.5670310E+01  8.9135049E-02  1.8845427E+01  2.0957306E+01 
      1059 SSD -8.2328825E+03 -4.9284856E+01 -4.5588376E+01 -6.5710909E-01 -1.1295553E+02 -1.1795292E+02 
      1060      5.5179498E+02  1.8433767E+01  1.7457487E+01  8.9422972E-02  1.0446278E+01  4.3555236E+01 
      1060 SSD -4.0101538E+03 -4.9134447E+01 -5.8805049E+01 -6.5466771E-01 -6.8026479E+01 -2.8496658E+02 
      1061      1.3992260E+02  1.8395759E+01  1.8357233E+01  9.3371769E-02  4.6408128E+00  3.9916602E+01 
      1061 SSD -1.2270849E+03 -4.9141315E+01 -6.5405530E+01 -6.8238755E-01 -3.1754132E+01 -2.7833831E+02 
      1062      9.0683854E+01  2.1138840E+01  1.6588538E+01  8.5876793E-02  3.2238533E+01  9.1604795E+00 
      1062 SSD -7.7956912E+02 -6.8560198E+01 -5.2392606E+01 -6.5490171E-01 -2.2673262E+02 -6.1685252E+01 
      1063      4.1893149E+02  2.0258378E+01  1.6585179E+01  8.9177401E-02  3.4117409E+01  2.0151405E+01 
      1063 SSD -3.0505425E+03 -6.2150972E+01 -5.2379195E+01 -6.5908882E-01 -2.3212364E+02 -1.3023065E+02 
      1064      1.6881340E+02  2.1179589E+01  1.5696969E+01  8.8040190E-02  4.1106803E+01  5.2235577E+00 
      1064 SSD -1.2925983E+03 -6.8827386E+01 -4.5593177E+01 -6.6769331E-01 -2.8178441E+02 -3.3246766E+01 
      1065      5.8258746E+02  2.0296848E+01  1.5694574E+01  8.8655966E-02  4.2745418E+01  1.1785244E+01 
      1065 SSD -4.0826055E+03 -6.2350663E+01 -4.5664761E+01 -6.5749033E-01 -2.8300487E+02 -7.1087046E+01 
      1066     -1.1532691E+02  2.1049644E+01  1.8462211E+01  9.2399110E-02  8.6431143E+00  9.3640282E+00 
      1066 SSD  6.5575027E+02 -6.7943971E+01 -6.6362679E+01 -6.5157154E-01 -6.8283333E+01 -6.7635662E+01 
      1067     -1.3557092E+01  2.1096860E+01  1.7499115E+01  8.5937096E-02  2.0411972E+01  1.0855043E+01 
      1067 SSD -6.7041282E+01 -6.8276550E+01 -5.9274673E+01 -6.3899144E-01 -1.4943349E+02 -7.5560123E+01 
      1068     -2.2428627E+01  2.0203101E+01  1.8417236E+01  9.7626066E-02  9.4478165E+00  2.0766392E+01 
      1068 SSD -5.3136736E+01 -6.2020139E+01 -6.5937197E+01 -6.9697852E-01 -7.1514009E+01 -1.4841408E+02 
      1069      1.9819241E+02  2.0223918E+01  1.7490399E+01  8.9753909E-02  2.2102873E+01  2.3759457E+01 
      1069 SSD -1.5879607E+03 -6.2020358E+01 -5.9153636E+01 -6.5764608E-01 -1.5630427E+02 -1.6035066E+02 
      1070      1.2048121E+02  1.9540981E+01  1.1313053E+01  8.7861854E-02  9.2743609E+00 -3.5288432E+01 
      1070 SSD -9.0256732E+02 -5.6464184E+01 -1.3374553E+01 -6.6047533E-01 -6.3281472E+01  2.3730142E+02 
      1071      4.7337893E+02  1.9532730E+01  1.2193237E+01  8.9485720E-02  1.9303106E+01 -3.6115042E+01 
      1071 SSD -3.2468956E+03 -5.6496007E+01 -1.9849946E+01 -6.6128256E-01 -1.2639347E+02  2.3773589E+02 
      1072      7.8982987E+02  1.9506954E+01  1.3064515E+01  8.8859736E-02  2.8540256E+01 -2.8468295E+01 
      1072 SSD -5.3043322E+03 -5.6379853E+01 -2.6242800E+01 -6.5530574E-01 -1.8224504E+02  1.8307122E+02 
      1073      1.0003827E+03  1.9475988E+01  1.3932117E+01  8.8599615E-02  3.4833723E+01 -1.5033229E+01 
      1073 SSD -6.6583737E+03 -5.6213097E+01 -3.2628580E+01 -6.5363476E-01 -2.1764128E+02  9.7287932E+01 
      1074      6.1464099E+02  1.8605740E+01  1.2150797E+01  9.0215752E-02  1.0219347E+01 -4.3782769E+01 
      1074 SSD -4.1742412E+03 -4.9607698E+01 -1.9580855E+01 -6.6620849E-01 -6.7541601E+01  2.8443463E+02 
      1075      1.8725251E+02  1.8609970E+01  1.1260212E+01  9.0411362E-02  4.9584686E+00 -4.2901216E+01 
      1075 SSD -1.3568455E+03 -4.9501160E+01 -1.3008582E+01 -6.7617383E-01 -3.3998109E+01  2.8683894E+02 
      1076      1.0008478E+03  1.8591971E+01  1.3031851E+01  8.9441990E-02  1.5050186E+01 -3.4765716E+01 
      1076 SSD -6.6482526E+03 -4.9611946E+01 -2.6075115E+01 -6.5976811E-01 -9.6064592E+01  2.1837968E+02 
      1077      1.2615082E+03  1.8570161E+01  1.3907916E+01  8.9075668E-02  1.8561791E+01 -1.8535905E+01 
      1077 SSD -8.2722930E+03 -4.9536180E+01 -3.2541089E+01 -6.5700089E-01 -1.1283028E+02  1.1410345E+02 
      1078      2.1549695E+01  2.1383526E+01  1.2229163E+01  8.8945833E-02  2.3759005E+01 -1.1084694E+01 
      1078 SSD -2.4584236E+02 -7.0222879E+01 -1.9980126E+01 -6.4345497E-01 -1.6146168E+02  7.6555516E+01 
      1079      2.6020146E+02  2.0456940E+01  1.2227951E+01  8.8680121E-02  2.4287928E+01 -2.4373307E+01 
      1079 SSD -1.8441006E+03 -6.3385735E+01 -2.0041778E+01 -6.5234137E-01 -1.6146896E+02  1.6352881E+02 
      1080     -9.1408530E+01  2.1469843E+01  1.1421162E+01  7.8674722E-02  1.0532069E+01 -1.0928951E+01 
      1080 SSD  5.3542109E+02 -7.0853108E+01 -1.4111087E+01 -5.7290208E-01 -7.2516996E+01  7.6949004E+01 
      1081      1.9916492E+01  2.0483639E+01  1.1389432E+01  8.2026167E-02  1.1084350E+01 -2.3960259E+01 
      1081 SSD -2.2249929E+02 -6.3557703E+01 -1.3901721E+01 -6.1181800E-01 -7.5544403E+01  1.6361363E+02 
      1082      1.2075276E+02  2.1308023E+01  1.3099129E+01  9.1565472E-02  3.5309929E+01 -8.9962656E+00 
      1082 SSD -9.2319822E+02 -6.9692134E+01 -2.6291843E+01 -6.6392839E-01 -2.3762897E+02  6.1717426E+01 
      1083      4.7332852E+02  2.0414265E+01  1.3088827E+01  8.8116172E-02  3.6059259E+01 -1.9222891E+01 
      1083 SSD -3.2595499E+03 -6.3102988E+01 -2.6326914E+01 -6.4795220E-01 -2.3609700E+02  1.2703864E+02 
      1084      1.8596014E+02  2.1262580E+01  1.3955850E+01  9.1192960E-02  4.2900430E+01 -4.8443377E+00 
      1084 SSD -1.3691263E+03 -6.9384574E+01 -3.2541144E+01 -6.6897451E-01 -2.8765303E+02  3.3266455E+01 
      1085      6.1370297E+02  2.0374842E+01  1.3948194E+01  8.7936876E-02  4.3837751E+01 -1.0161774E+01 
      1085 SSD -4.1902730E+03 -6.2843619E+01 -3.2630775E+01 -6.4845681E-01 -2.8424917E+02  6.7914398E+01 
      1086      1.7057513E+02  1.4090745E+01  1.4618788E+01  9.2001821E-02 -4.3092057E+01 -1.0805259E-01 
      1086 SSD -1.4063368E+03 -1.6545064E+01 -3.8667785E+01 -6.7190843E-01  2.9710822E+02  9.9278606E-02 
      1087      6.1122334E+02  1.4973816E+01  1.4656738E+01  8.9334190E-02 -4.6225001E+01 -2.1221050E-01 
      1087 SSD -4.3568032E+03 -2.3055083E+01 -3.8650309E+01 -6.5567166E-01  3.0038673E+02  7.4710725E-01 
      1088      1.0272924E+03  1.5857646E+01  1.4694506E+01  8.9143513E-02 -3.8159907E+01  9.3263175E-02 
      1088 SSD -6.9977283E+03 -2.9595113E+01 -3.8700032E+01 -6.5670669E-01  2.3426450E+02 -1.2536130E+00 
      1089      1.3233378E+03  1.6747122E+01  1.4729761E+01  8.9180075E-02 -2.1906962E+01  5.7212702E-01 
      1089 SSD -8.7608750E+03 -3.6178886E+01 -3.8802366E+01 -6.5712259E-01  1.2252132E+02 -4.1878267E+00 
      1090      5.6812397E+02  1.4949147E+01  1.5560949E+01  8.9543996E-02 -4.3146401E+01  1.0186883E+01 
      1090 SSD -4.0681829E+03 -2.2841267E+01 -4.5195204E+01 -6.5231406E-01  2.8241271E+02 -6.6726139E+01 
      1091      4.3046314E+02  1.4919891E+01  1.6461494E+01  8.9948301E-02 -3.4838847E+01  1.8516605E+01 
      1091 SSD -3.1556978E+03 -2.2618278E+01 -5.1608491E+01 -6.5544888E-01  2.3333146E+02 -1.2419315E+02 
      1092      2.2659818E+02  1.4884103E+01  1.7357482E+01  8.9510493E-02 -2.2879580E+01  2.3018162E+01 
      1092 SSD -1.7703996E+03 -2.2369257E+01 -5.7982730E+01 -6.5895693E-01  1.5823462E+02 -1.5982399E+02 
      1093      1.4614447E+00  1.4861293E+01  1.8211920E+01  8.5294796E-02 -9.9614030E+00  2.2069768E+01 
      1093 SSD -1.8681417E+02 -2.2219991E+01 -6.4158071E+01 -6.4343396E-01  7.2994613E+01 -1.5917862E+02 
      1094      9.3902604E+01  1.4024059E+01  1.6441626E+01  9.5306068E-02 -3.3104787E+01  8.1357811E+00 
      1094 SSD -8.5886236E+02 -1.5991644E+01 -5.1622656E+01 -6.7312226E-01  2.3189518E+02 -5.8960995E+01 
      1095      1.5404021E+02  1.4058783E+01  1.5531435E+01  9.4335422E-02 -4.0691526E+01  4.4326966E+00 
      1095 SSD -1.2851383E+03 -1.6281041E+01 -4.5235088E+01 -6.7187249E-01  2.8145326E+02 -3.1506269E+01 
      1096      3.0139460E+00  1.3964142E+01  1.7362273E+01  9.0450984E-02 -2.1925979E+01  1.0016995E+01 
      1096 SSD -2.0691600E+02 -1.5512923E+01 -5.8082642E+01 -6.4351258E-01  1.5717801E+02 -7.3589813E+01 
      1097     -9.9469032E+01  1.3886134E+01  1.8208395E+01  7.9320926E-02 -9.4421848E+00  9.7298946E+00 
      1097 SSD  5.4752461E+02 -1.4856869E+01 -6.4112908E+01 -5.6973353E-01  7.0103338E+01 -7.4140804E+01 
      1098      9.5449073E+02  1.6691828E+01  1.6516214E+01  8.9127862E-02 -1.5806100E+01  3.5357871E+01 
      1098 SSD -6.5495534E+03 -3.5976661E+01 -5.1844591E+01 -6.5889298E-01  9.9048468E+01 -2.1892614E+02 
      1099      7.4052336E+02  1.5803796E+01  1.6489061E+01  8.9091180E-02 -2.8335644E+01  2.8323586E+01 
      1099 SSD -5.1892838E+03 -2.9276883E+01 -5.1697893E+01 -6.5570245E-01  1.8243437E+02 -1.8163185E+02 
      1100      1.2250699E+03  1.6722025E+01  1.5622232E+01  8.9147877E-02 -2.0021730E+01  1.9984896E+01 
      1100 SSD -8.1855310E+03 -3.6069502E+01 -4.5337616E+01 -6.5698405E-01  1.1768878E+02 -1.1610943E+02 
      1101      9.5425187E+02  1.5833629E+01  1.5592356E+01  8.9189292E-02 -3.5368527E+01  1.5775969E+01 
      1101 SSD -6.5379761E+03 -2.9436515E+01 -4.5236893E+01 -6.5535619E-01  2.1965556E+02 -9.7581964E+01 
      1102      1.5357405E+02  1.6627315E+01  1.8299601E+01  8.6029780E-02 -4.4611549E+00  4.0712932E+01 
      1102 SSD -1.2888034E+03 -3.5976427E+01 -6.4898435E+01 -6.6519460E-01  3.3112841E+01 -2.8231826E+02 
      1103      5.6805691E+02  1.6659227E+01  1.7411233E+01  8.8963218E-02 -1.0215564E+01  4.3205050E+01 
      1103 SSD -4.0792659E+03 -3.5937732E+01 -5.8361295E+01 -6.6303327E-01  6.8301919E+01 -2.8308485E+02 
      1104      9.2800387E+01  1.5743572E+01  1.8270575E+01  8.4104571E-02 -8.2699443E+00  3.3103843E+01 
      1104 SSD -8.4636353E+02 -2.9113109E+01 -6.4638638E+01 -6.4915714E-01  6.1019705E+01 -2.3243062E+02 
      1105      4.2998278E+02  1.5769852E+01  1.7384062E+01  8.8636503E-02 -1.8543733E+01  3.4937515E+01 
      1105 SSD -3.1531606E+03 -2.9139070E+01 -5.8146575E+01 -6.5816451E-01  1.2507117E+02 -2.3454417E+02 
      1106     -1.2392438E+01  1.4995881E+01  1.1072287E+01  9.4551324E-02 -1.0702054E+01 -2.0242818E+01 
      1106 SSD -6.3533935E+01 -2.3327132E+01 -1.1758447E+01 -6.8820439E-01  7.4080031E+01  1.4569758E+02 
      1107      1.9872526E+02  1.5009830E+01  1.1966981E+01  8.7864358E-02 -2.3580452E+01 -2.2102714E+01 
      1107 SSD -1.5613699E+03 -2.3411021E+01 -1.8486711E+01 -6.5333753E-01  1.5880372E+02  1.5495068E+02 
      1108      4.0327559E+02  1.5006115E+01  1.2861251E+01  8.8375988E-02 -3.5321141E+01 -1.8362853E+01 
      1108 SSD -2.9759811E+03 -2.3363798E+01 -2.5253042E+01 -6.5816386E-01  2.3381383E+02  1.2556448E+02 
      1109      5.5179990E+02  1.4992835E+01  1.3758072E+01  8.8796687E-02 -4.3407205E+01 -1.0422927E+01 
      1109 SSD -3.9738791E+03 -2.3234985E+01 -3.2000771E+01 -6.5780601E-01  2.8367060E+02  6.8666181E+01 
      1110     -2.1817572E+01  1.4172658E+01  1.1922263E+01  8.1724117E-02 -2.0962926E+01 -9.6218218E+00 
      1110 SSD -3.2768910E+01 -1.7213500E+01 -1.8265115E+01 -6.2904548E-01  1.4911122E+02  7.1821542E+01 
      1111     -1.1470211E+02  1.4196491E+01  1.1000369E+01  8.6825118E-02 -9.6727059E+00 -8.4585079E+00 
      1111 SSD  6.6066638E+02 -1.7424274E+01 -1.1243440E+01 -6.5172511E-01  6.9859693E+01  6.4565956E+01 
      1112      7.1461170E+01  1.4146787E+01  1.2819320E+01  8.5079595E-02 -3.1887809E+01 -8.0501508E+00 
      1112 SSD -7.1316016E+02 -1.7000550E+01 -2.5135185E+01 -6.5243572E-01  2.2369429E+02  5.8700237E+01 
      1113      1.4085462E+02  1.4119170E+01  1.3718921E+01  8.8369897E-02 -3.9896481E+01 -4.5818980E+00 
      1113 SSD -1.2053159E+03 -1.6779036E+01 -3.1978732E+01 -6.6482794E-01  2.7679496E+02  3.2117148E+01 
      1114      5.8295541E+02  1.6775964E+01  1.2061980E+01  8.9588522E-02 -1.1900969E+01 -4.2661338E+01 
      1114 SSD -4.0533118E+03 -3.6224524E+01 -1.9013829E+01 -6.5783479E-01  7.2078957E+01  2.8168805E+02 
      1115      4.1868686E+02  1.5885818E+01  1.2014726E+01  8.8608171E-02 -2.0173083E+01 -3.4059952E+01 
      1115 SSD -3.0164079E+03 -2.9778611E+01 -1.8741749E+01 -6.5165698E-01  1.3036738E+02  2.3052326E+02 
      1116      1.7002964E+02  1.6768633E+01  1.1169513E+01  9.5272232E-02 -5.2998494E+00 -4.0993565E+01 
      1116 SSD -1.2821116E+03 -3.6082302E+01 -1.2407616E+01 -6.9001084E-01  3.3380998E+01  2.7915782E+02 
      1117      9.1312093E+01  1.5881403E+01  1.1125622E+01  9.5680871E-02 -9.2196266E+00 -3.2102453E+01 
      1117 SSD -7.6848527E+02 -2.9708642E+01 -1.2123467E+01 -6.8800523E-01  6.1660180E+01  2.2353614E+02 
      1118      1.2298979E+03  1.6765105E+01  1.3839955E+01  8.9213186E-02 -2.1008185E+01 -1.8854125E+01 
      1118 SSD -8.2029617E+03 -3.6262743E+01 -3.2233802E+01 -6.5778757E-01  1.1941282E+02  1.1412619E+02 
      1119      9.6462983E+02  1.6774944E+01  1.2951425E+01  8.9358794E-02 -1.7457983E+01 -3.4361904E+01 
      1119 SSD -6.5392848E+03 -3.6285649E+01 -2.5633128E+01 -6.5848057E-01  1.0253686E+02  2.1955757E+02 
      1120      9.4565419E+02  1.5874525E+01  1.3799629E+01  8.8978401E-02 -3.6169351E+01 -1.5488162E+01 
      1120 SSD -6.4917311E+03 -2.9720262E+01 -3.2092126E+01 -6.5750308E-01  2.2426957E+02  9.7789159E+01 
      1121      7.2719595E+02  1.5884108E+01  1.2906462E+01  8.8834106E-02 -2.9769109E+01 -2.7781020E+01 
      1121 SSD -5.0777197E+03 -2.9786988E+01 -2.5423389E+01 -6.5654817E-01  1.8807286E+02  1.8286216E+02 

