      NODE            V1             V2             V3             VR1            VR2            VR3
      1001     -2.7289266E+01  5.5667881E-02  1.1922795E+00  5.6826245E-02  2.2454807E-01 -2.5249311E-01 
      1001 SSD  4.3996459E+02  6.7654262E+00 -2.3130461E+01 -2.4209474E+00 -5.1888451E+00  4.7377147E+00 
      1002     -2.7235848E+01  8.3154923E-02  1.1774870E+00  2.7982367E-01  8.0155280E-02  8.3164044E-01 
      1002 SSD  4.3893735E+02  5.4673626E+00 -2.3042419E+01 -5.8380475E+00  1.1915981E+00 -1.5470969E+01 
      1003     -2.7186490E+01  2.5939932E-01  1.1858810E+00  1.2376436E-01  4.7104408E-02  2.3151499E+00 
      1003 SSD  4.3775742E+02  1.1782195E+00 -2.3370458E+01 -1.6982507E+00  6.3273403E-01 -4.8369822E+01 
      1004     -2.7158392E+01  3.5205331E-01  1.1834822E+00  1.1638231E-01 -2.3637865E-02  3.6310337E+00 
      1004 SSD  4.3781953E+02 -1.9571138E+00 -2.3362936E+01 -6.5002868E-01  1.9847894E+00 -7.7847971E+01 
      1005     -2.7139090E+01  4.6749952E-01  1.1869900E+00  5.2760335E-02 -8.3334640E-02  4.4738774E+00 
      1005 SSD  4.3769604E+02 -5.3462459E+00 -2.3388888E+01  5.0894366E-01  1.5664080E+00 -9.7627894E+01 
      1006     -2.7140788E+01  5.8433813E-01  1.1922041E+00 -1.6803831E-02 -1.2579011E-01  4.6655983E+00 
      1006 SSD  4.3797615E+02 -8.3899376E+00 -2.3345782E+01  1.2577922E+00  1.6214093E+00 -1.0433030E+02 
      1007     -2.7172194E+01  7.0901371E-01  1.1969617E+00 -8.2895228E-02 -1.3018282E-01  4.1897896E+00 
      1007 SSD  4.3831568E+02 -1.1174951E+01 -2.3313239E+01  1.5229375E+00  1.4206136E+00 -9.7371119E+01 
      1008     -2.7230382E+01  8.3222811E-01  1.1982750E+00 -1.3285399E-01 -1.0398930E-01  3.1675176E+00 
      1008 SSD  4.3910609E+02 -1.3769994E+01 -2.3280708E+01  1.9184387E+00  5.2865580E-01 -7.6857871E+01 
      1009     -2.7297789E+01  9.7470958E-01  1.2000997E+00 -1.1021644E-01 -6.8574309E-02  1.8716091E+00 
      1009 SSD  4.3971673E+02 -1.6680424E+01 -2.3411026E+01  1.0214437E+00  5.3046152E-01 -4.7300461E+01 
      1010     -2.7371404E+01  1.0785833E+00  1.1974329E+00 -1.4910807E-01  7.5245440E-02  5.9753634E-01 
      1010 SSD  4.4191636E+02 -1.8765243E+01 -2.3400535E+01  1.6275576E+00 -2.7059650E+00 -1.5676111E+01 
      1011     -2.7431350E+01  1.2118306E+00  1.1971401E+00  8.2786988E-02 -3.7444679E-02 -7.0744215E-02 
      1011 SSD  4.4205485E+02 -2.1955039E+01 -2.3804872E+01 -3.2791337E+00  8.2465959E-01  3.1040387E+00 
      1012     -2.7499565E+01  1.2107736E+00 -1.0864620E-02  7.0644879E-02 -2.3592170E-01  2.4542756E-01 
      1012 SSD  4.4451400E+02 -2.2252221E+01  5.6831507E+00 -2.5085407E+00  5.4786589E+00 -4.4185432E+00 
      1013     -2.7414995E+01  1.1850154E+00  4.6393445E-03  2.5205394E-01 -6.9510490E-02 -8.4659818E-01 
      1013 SSD  4.4299529E+02 -2.1049037E+01  5.5884636E+00 -5.1524022E+00 -1.3786774E+00  1.5557756E+01 
      1014     -2.7336495E+01  1.0163054E+00 -1.8074398E-03  1.3189422E-01 -3.8439699E-02 -2.3835428E+00 
      1014 SSD  4.4135823E+02 -1.6971933E+01  5.8672252E+00 -1.9577317E+00 -7.3872232E-01  4.9137638E+01 
      1015     -2.7282757E+01  9.1381706E-01  3.8499205E-04  1.1112558E-01  3.5221932E-02 -3.7524504E+00 
      1015 SSD  4.4102930E+02 -1.3603107E+01  5.8656929E+00 -5.0623899E-01 -2.1542348E+00  7.9201057E+01 
      1016     -2.7236113E+01  7.9798612E-01 -2.9179490E-03  4.4148770E-02  9.2599159E-02 -4.6274302E+00 
      1016 SSD  4.4047100E+02 -1.0252247E+01  5.8747165E+00  5.7175423E-01 -1.7210618E+00  9.9312101E+01 
      1017     -2.7210703E+01  6.8056273E-01 -7.8406953E-03 -2.2567130E-02  1.3470861E-01 -4.8267448E+00 
      1017 SSD  4.4033875E+02 -7.1420328E+00  5.8293248E+00  1.2248287E+00 -1.7618395E+00  1.0611957E+02 
      1018     -2.7216950E+01  5.5101559E-01 -1.2759063E-02 -8.0446409E-02  1.3359712E-01 -4.3403593E+00 
      1018 SSD  4.4028793E+02 -4.2530619E+00  5.8107412E+00  1.5027544E+00 -1.4676861E+00  9.8992925E+01 
      1019     -2.7250959E+01  4.2640377E-01 -1.4287607E-02 -1.4497875E-01  9.7856362E-02 -3.2744305E+00 
      1019 SSD  4.4070934E+02 -1.6626378E+00  5.7856036E+00  2.1088917E+00 -4.2870189E-01  7.7885586E+01 
      1020     -2.7287033E+01  2.9196133E-01 -1.4936724E-02 -1.2039771E-01  6.8618372E-02 -1.9170039E+00 
      1020 SSD  4.4081788E+02  1.1014567E+00  5.8994514E+00  1.1602979E+00 -5.5338955E-01  4.7618004E+01 
      1021     -2.7338443E+01  1.8401986E-01 -1.0038963E-02 -1.2676060E-01 -9.3127249E-02 -6.0759588E-01 
      1021 SSD  4.4268071E+02  3.3574731E+00  5.8662503E+00  1.2113828E+00  2.9789523E+00  1.5788029E+01 
      1022     -2.7360535E+01  5.9583218E-02 -8.5890179E-03  7.3745483E-02  2.5814056E-02  9.7007711E-02 
      1022 SSD  4.4221771E+02  6.2757711E+00  6.2187893E+00 -2.8222607E+00 -4.7699889E-01 -3.6270440E+00 
      1023     -2.7302501E+01  5.3715237E-02  7.6676058E-02  1.4589263E-01 -5.6631092E-01 -6.2621152E-02 
      1023 SSD  4.4084574E+02  6.5381601E+00  4.0357507E+00 -3.7087614E+00  1.3101081E+01  9.4261278E-01 
      1024     -2.7242817E+01  4.9911216E-02  2.0809055E-01  1.5575874E-01 -1.8725661E+00  4.6145887E-02 
      1024 SSD  4.3980502E+02  6.6885686E+00  3.9105297E-01 -2.0867775E+00  4.2954052E+01  1.8191721E-01 
      1025     -2.7186117E+01  4.7116187E-02  3.1704000E-01  1.3353008E-01 -3.2180958E+00  1.0505545E-01 
      1025 SSD  4.3900688E+02  6.7606093E+00 -2.8608493E+00 -9.0624092E-01  7.3094048E+01 -3.6022425E-01 
      1026     -2.7136400E+01  4.3757733E-02  4.2826004E-01  7.7913984E-02 -4.2079486E+00  1.4447759E-01 
      1026 SSD  4.3839797E+02  6.7476679E+00 -6.1707458E+00  2.6062382E-01  9.4397864E+01 -1.1862254E+00 
      1027     -2.7113870E+01  3.9174594E-02  5.4152889E-01  8.2840563E-03 -4.6288635E+00  1.3506662E-01 
      1027 SSD  4.3811065E+02  6.6969087E+00 -9.2730572E+00  1.0486683E+00  1.0269191E+02 -1.4038450E+00 
      1028     -2.7112283E+01  3.4552416E-02  6.6454069E-01 -5.6419963E-02 -4.3975062E+00  8.3333071E-02 
      1028 SSD  4.3784452E+02  6.6795607E+00 -1.2139613E+01  1.2500971E+00  9.7800079E+01 -1.2770201E+00 
      1029     -2.7138080E+01  3.2494156E-02  7.9025626E-01 -1.2629748E-01 -3.5371084E+00  2.9786952E-02 
      1029 SSD  4.3799602E+02  6.6828074E+00 -1.4722618E+01  1.6606522E+00  8.0104716E+01 -1.6705952E+00 
      1030     -2.7179798E+01  3.5002655E-02  9.2829524E-01 -1.2154677E-01 -2.2762783E+00 -6.1371355E-02 
      1030 SSD  4.3813746E+02  6.7279199E+00 -1.7431384E+01  9.9255908E-01  5.2884219E+01 -3.5199920E-01 
      1031     -2.7234801E+01  3.8199813E-02  1.0286345E+00 -1.9050688E-01 -8.0970384E-01 -7.0168898E-02 
      1031 SSD  4.3941676E+02  6.7505388E+00 -1.9651952E+01  2.1758705E+00  1.9358882E+01 -1.4442621E+00 
      1032     -2.7390874E+01  1.2161659E+00  1.1036675E+00  1.4152797E-01  5.9947694E-01  7.3254104E-02 
      1032 SSD  4.4122855E+02 -2.2143538E+01 -2.1411602E+01 -3.6194190E+00 -1.3701976E+01 -1.0963338E+00 
      1033     -2.7342129E+01  1.2182393E+00  9.7114447E-01  1.5598237E-01  1.9726170E+00 -4.3352735E-02 
      1033 SSD  4.4057455E+02 -2.2270001E+01 -1.7820099E+01 -2.1150319E+00 -4.4889118E+01 -2.0830224E-01 
      1034     -2.7298117E+01  1.2199512E+00  8.6199006E-01  1.3176359E-01  3.3842673E+00 -1.0431060E-01 
      1034 SSD  4.4022579E+02 -2.2329173E+01 -1.4570489E+01 -8.6110607E-01 -7.6300459E+01  3.7511079E-01 
      1035     -2.7261340E+01  1.2227316E+00  7.5156082E-01  7.4823786E-02  4.4112098E+00 -1.5044042E-01 
      1035 SSD  4.4005540E+02 -2.2318063E+01 -1.1286056E+01  3.2651373E-01 -9.8240626E+01  1.3030424E+00 
      1036     -2.7251079E+01  1.2273647E+00  6.4036022E-01  5.3563873E-03  4.8375675E+00 -1.3747357E-01 
      1036 SSD  4.4023683E+02 -2.2269772E+01 -8.2046030E+00  1.1164333E+00 -1.0645354E+02  1.5068153E+00 
      1037     -2.7264814E+01  1.2318481E+00  5.1923045E-01 -5.8456422E-02  4.5799982E+00 -9.4858201E-02 
      1037 SSD  4.4040640E+02 -2.2256838E+01 -5.3776216E+00  1.2774047E+00 -1.0096892E+02  1.4003496E+00 
      1038     -2.7306526E+01  1.2345435E+00  3.9704542E-01 -1.2737569E-01  3.6714504E+00 -4.0098180E-02 
      1038 SSD  4.4111195E+02 -2.2250963E+01 -2.8196421E+00  1.6845906E+00 -8.2172159E+01  2.0295346E+00 
      1039     -2.7359340E+01  1.2329875E+00  2.6078342E-01 -1.1691878E-01  2.3607279E+00  6.0533295E-02 
      1039 SSD  4.4175905E+02 -2.2295698E+01 -1.4117055E-01  9.3094065E-01 -5.3961633E+01  4.1495844E-01 
      1040     -2.7424095E+01  1.2319685E+00  1.6789244E-01 -1.9169027E-01  8.3902687E-01  6.5203381E-02 
      1040 SSD  4.4334598E+02 -2.2354830E+01  1.9428605E+00  2.1202283E+00 -1.9748916E+01  1.4061236E+00 
      1041      3.3954914E+01  5.9726440E-01  1.0698060E+00  1.2077973E-02  9.0796767E-02  7.7429145E+00 
      1041 SSD -6.6617741E+02 -8.1864312E+00 -2.0451882E+01 -3.0745762E-01  1.8381974E+00 -1.1943456E+02 
      1042      1.1382119E+02  6.0831036E-01  9.5010307E-01  1.1952872E-02  1.7231623E-01  8.4499934E+00 
      1042 SSD -1.8021232E+03 -7.9993411E+00 -1.7525357E+01 -2.9420036E-01  2.6152557E+00 -1.1019889E+02 
      1043      1.8998911E+02  6.1808658E-01  8.3056278E-01  1.1962224E-02  1.6476713E-01  7.0062126E+00 
      1043 SSD -2.7315318E+03 -7.8800037E+00 -1.4602863E+01 -2.9373845E-01  4.0682642E+00 -7.7296474E+01 
      1044      2.4421122E+02  6.2652676E-01  7.1156082E-01  1.1950857E-02  9.6620144E-02  3.9993144E+00 
      1044 SSD -3.2782791E+03 -7.8208654E+00 -1.1685496E+01 -2.9312832E-01  5.4975613E+00 -3.2737091E+01 
      1045      2.6401640E+02  6.3407029E-01  5.9294685E-01  1.1947983E-02 -5.4054864E-02  1.9213141E-02 
      1045 SSD -3.4376660E+03 -7.7956406E+00 -8.7695030E+00 -2.9302869E-01  1.0381731E+00  3.0957361E-02 
      1046      2.4455520E+02  6.4136697E-01  4.7442075E-01  1.1956679E-02 -1.9767723E-01 -3.9628449E+00 
      1046 SSD -3.2776699E+03 -7.7667290E+00 -5.8540069E+00 -2.9339065E-01 -3.5473902E+00  3.2705142E+01 
      1047      1.9065840E+02  6.4909153E-01  3.5561631E-01  1.1986290E-02 -2.4509886E-01 -6.9720103E+00 
      1047 SSD -2.7318695E+03 -7.6967153E+00 -2.9366231E+00 -2.9443327E-01 -2.5056516E+00  7.7042302E+01 
      1048      1.1473872E+02  6.5779166E-01  2.3610022E-01  1.2022634E-02 -2.1884860E-01 -8.4318034E+00 
      1048 SSD -1.8055367E+03 -7.5600250E+00 -8.5911575E-03 -2.9596331E-01 -1.6957448E+00  1.0979080E+02 
      1049      3.4807598E+01  6.6753647E-01  1.1564734E-01  1.2221593E-02 -1.0026306E-01 -7.7776786E+00 
      1049 SSD -6.7184055E+02 -7.3511706E+00  2.9412500E+00 -3.1149818E-01 -1.6450596E+00  1.1944353E+02 
      1050      2.4483625E+02  7.5447127E-01  6.0039865E-01  1.1932659E-02  3.9411437E+00  1.6294142E-01 
      1050 SSD -3.2874015E+03 -1.0745563E+01 -8.7579236E+00 -2.9275701E-01 -3.1838159E+01  4.5793327E+00 
      1051      1.9104897E+02  8.7461574E-01  6.0831566E-01  1.1892969E-02  6.9705355E+00  2.0471962E-01 
      1051 SSD -2.7479825E+03 -1.3686839E+01 -8.7064704E+00 -2.9228259E-01 -7.6705694E+01  3.3223590E+00 
      1052      1.1503341E+02  9.9406689E-01  6.1725534E-01  1.1822049E-02  8.4539434E+00  1.7462221E-01 
      1052 SSD -1.8219635E+03 -1.6607715E+01 -8.5917062E+00 -2.9190634E-01 -1.1015703E+02  1.9320392E+00 
      1053      3.4892218E+01  1.1125388E+00  6.2724420E-01  1.2002236E-02  7.8014496E+00  5.6665209E-02 
      1053 SSD -6.8119466E+02 -1.9503578E+01 -8.4098223E+00 -3.0296677E-01 -1.2048080E+02  1.2177113E+00 
      1054      1.7358293E+02  8.6811308E-01  7.2549204E-01  1.1888121E-02  6.5108272E+00  3.1189483E+00 
      1054 SSD -2.6027420E+03 -1.3642074E+01 -1.1663233E+01 -2.9340544E-01 -7.5449771E+01 -3.1487878E+01 
      1055      1.3110007E+02  8.6098953E-01  8.4219904E-01  1.1973235E-02  5.2379864E+00  5.3165861E+00 
      1055 SSD -2.1079895E+03 -1.3631200E+01 -1.4682831E+01 -2.9237732E-01 -6.6209036E+01 -6.6969265E+01 
      1056      7.3333186E+01  8.5308440E-01  9.5996066E-01  1.2108951E-02  3.4258895E+00  6.2857266E+00 
      1056 SSD -1.3217463E+03 -1.3668489E+01 -1.7711175E+01 -2.8897429E-01 -4.8491080E+01 -9.0710176E+01 
      1057      1.5033113E+01  8.4473710E-01  1.0810754E+00  1.3601301E-02  1.4555933E+00  5.5257404E+00 
      1057 SSD -4.0514691E+02 -1.3747806E+01 -2.0678011E+01 -2.9866747E-01 -2.4764508E+01 -9.4131754E+01 
      1058      1.7297078E+02  7.3903581E-01  8.3629422E-01  1.1999052E-02  3.0629581E+00  6.5757710E+00 
      1058 SSD -2.5946382E+03 -1.0787419E+01 -1.4656929E+01 -2.9203207E-01 -3.0563955E+01 -7.6135656E+01 
      1059      2.2464713E+02  7.4714853E-01  7.1836475E-01  1.1943676E-02  3.7465477E+00  3.8139098E+00 
      1059 SSD -3.1422341E+03 -1.0749299E+01 -1.1691733E+01 -2.9283845E-01 -3.2604001E+01 -3.3570034E+01 
      1060      1.0154046E+02  7.2982917E-01  9.5496979E-01  1.2102257E-02  2.0482854E+00  7.8597625E+00 
      1060 SSD -1.6887480E+03 -1.0880320E+01 -1.7628438E+01 -2.8888838E-01 -2.3257780E+01 -1.0617369E+02 
      1061      2.7910411E+01  7.1984113E-01  1.0752469E+00  1.3011448E-02  8.8437115E-01  7.0698955E+00 
      1061 SSD -6.0147419E+02 -1.1025872E+01 -2.0563524E+01 -2.9836965E-01 -1.1893063E+01 -1.1343085E+02 
      1062      1.6059470E+01  1.1002075E+00  8.5482243E-01  1.0536476E-02  5.5345809E+00  1.4842153E+00 
      1062 SSD -4.0832266E+02 -1.9283394E+01 -1.4615211E+01 -3.0905130E-01 -9.5094820E+01 -2.5408815E+01 
      1063      7.4046631E+01  9.8264480E-01  8.4849136E-01  1.1768983E-02  6.2102535E+00  3.4900930E+00 
      1063 SSD -1.3274700E+03 -1.6450358E+01 -1.4668977E+01 -2.9633227E-01 -9.0260635E+01 -4.9142284E+01 
      1064      2.9032560E+01  1.1064756E+00  7.4170729E-01  1.1246411E-02  7.1117946E+00  8.6701454E-01 
      1064 SSD -6.1057639E+02 -1.9392290E+01 -1.1436696E+01 -3.1032689E-01 -1.1442280E+02 -1.2558882E+01 
      1065      1.0264405E+02  9.8849500E-01  7.3334380E-01  1.1742821E-02  7.8190979E+00  2.0679423E+00 
      1065 SSD -1.7013845E+03 -1.6513399E+01 -1.1579559E+01 -2.9581329E-01 -1.0592168E+02 -2.3983811E+01 
      1066     -1.7216904E+01  1.0872772E+00  1.0941106E+00  1.2272543E-02  1.4288920E+00  1.4625374E+00 
      1066 SSD  2.0817472E+02 -1.9010116E+01 -2.1041396E+01 -2.8200215E-01 -3.2278284E+01 -3.0636986E+01 
      1067     -9.4380420E-01  1.0939657E+00  9.6951517E-01  1.0687691E-02  3.4556191E+00  1.7310062E+00 
      1067 SSD -1.1020483E+02 -1.9162349E+01 -1.7817780E+01 -2.9402713E-01 -6.5640471E+01 -3.2631696E+01 
      1068     -1.4388077E+00  9.7336665E-01  1.0866004E+00  1.3581262E-02  1.6490059E+00  3.4732715E+00 
      1068 SSD -1.1363927E+02 -1.6487098E+01 -2.0817460E+01 -3.0051434E-01 -3.1759000E+01 -6.4290785E+01 
      1069      3.5953220E+01  9.7703862E-01  9.6499449E-01  1.1891474E-02  3.9771890E+00  4.0675876E+00 
      1069 SSD -7.5562795E+02 -1.6434915E+01 -1.7775446E+01 -2.9319204E-01 -6.3992266E+01 -6.4501329E+01 
      1070      2.1850920E+01  9.0256172E-01  1.2938028E-01  1.0931546E-02  1.4718015E+00 -6.0575577E+00 
      1070 SSD -4.1592133E+02 -1.3662555E+01  2.6349765E+00 -3.0641723E-01 -2.6725631E+01  9.4930907E+01 
      1071      8.3630244E+01  8.9585338E-01  2.4888238E-01  1.1873129E-02  3.3745575E+00 -6.4105957E+00 
      1071 SSD -1.3267249E+03 -1.3760642E+01 -2.3375748E-01 -2.9663115E-01 -4.8158610E+01  9.0309300E+01 
      1072      1.4055276E+02  8.8815260E-01  3.6966810E-01  1.1936640E-02  5.1923975E+00 -5.1875007E+00 
      1072 SSD -2.0864497E+03 -1.3771370E+01 -3.0297011E+00 -2.9180115E-01 -6.4979322E+01  6.5788116E+01 
      1073      1.7925376E+02  8.8114374E-01  4.8955045E-01  1.1921021E-02  6.4989815E+00 -2.8014817E+00 
      1073 SSD -2.5680249E+03 -1.3739789E+01 -5.8321141E+00 -2.9088718E-01 -7.3242124E+01  3.4370295E+01 
      1074      1.0826698E+02  7.7756088E-01  2.4216254E-01  1.1956054E-02  1.7713863E+00 -7.9305629E+00 
      1074 SSD -1.6803153E+03 -1.0606083E+01 -1.2998036E-01 -2.9887291E-01 -2.5957034E+01  1.0455398E+02 
      1075      3.2481765E+01  7.8649946E-01  1.2247912E-01  1.1350031E-02  7.5957035E-01 -7.4207102E+00 
      1075 SSD -6.0637148E+02 -1.0428678E+01  2.7995572E+00 -3.1263260E-01 -1.4604647E+01  1.1328741E+02 
      1076      1.7917318E+02  7.6923896E-01  3.6238691E-01  1.1958339E-02  2.7796824E+00 -6.4935265E+00 
      1076 SSD -2.5597513E+03 -1.0706183E+01 -3.0016193E+00 -2.9450676E-01 -3.3516040E+01  7.3968993E+01 
      1077      2.2848483E+02  7.6165009E-01  4.8176366E-01  1.1942021E-02  3.5691230E+00 -3.5903405E+00 
      1077 SSD -3.0939997E+03 -1.0743266E+01 -5.8642736E+00 -2.9284217E-01 -3.4715002E+01  3.5634750E+01 
      1078      5.2675768E+00  1.1369610E+00  2.5874860E-01  1.2768018E-02  4.0200792E+00 -1.7917587E+00 
      1078 SSD -1.5247762E+02 -1.9991296E+01 -2.1176896E-01 -2.7550671E-01 -6.6003631E+01  3.2528423E+01 
      1079      4.6389083E+01  1.0133182E+00  2.5600934E-01  1.2011713E-02  4.2130406E+00 -4.1949293E+00 
      1079 SSD -7.8752465E+02 -1.6925898E+01 -2.8301883E-01 -2.8915620E-01 -6.3323324E+01  6.4961956E+01 
      1080     -1.3068562E+01  1.1488532E+00  1.4519909E-01  1.0941389E-02  1.7310042E+00 -1.7232492E+00 
      1080 SSD  1.7903719E+02 -2.0286354E+01  2.3185612E+00 -2.4572374E-01 -3.0613724E+01  3.3691959E+01 
      1081      5.3723956E+00  1.0180331E+00  1.4078896E-01  1.0540450E-02  1.8080208E+00 -4.0194894E+00 
      1081 SSD -1.3530456E+02 -1.6985573E+01  2.4091443E+00 -2.7693313E-01 -3.1626987E+01  6.7471983E+01 
      1082      2.1573212E+01  1.1256846E+00  3.8472580E-01  1.3200299E-02  6.0723772E+00 -1.4532769E+00 
      1082 SSD -4.3406459E+02 -1.9760532E+01 -2.8868307E+00 -2.8409200E-01 -9.5013357E+01  2.6015984E+01 
      1083      8.3509542E+01  1.0060689E+00  3.7756847E-01  1.2030258E-02  6.4299330E+00 -3.3674447E+00 
      1083 SSD -1.3377190E+03 -1.6819318E+01 -2.9948056E+00 -2.8578241E-01 -8.8961306E+01  4.8842837E+01 
      1084      3.2257042E+01  1.1190663E+00  5.0732777E-01  1.2759112E-02  7.4340610E+00 -7.8209960E-01 
      1084 SSD -6.1969025E+02 -1.9626935E+01 -5.5628521E+00 -2.9288504E-01 -1.1382758E+02  1.4008233E+01 
      1085      1.0822103E+02  9.9981559E-01  4.9814120E-01  1.1944857E-02  7.9525976E+00 -1.7971610E+00 
      1085 SSD -1.6948206E+03 -1.6715550E+01 -5.7327388E+00 -2.8721665E-01 -1.0418289E+02  2.6164301E+01 
      1086      3.3547591E+01  1.5649925E-01  5.5571569E-01  1.2248230E-02 -7.7051364E+00 -6.6202187E-02 
      1086 SSD -6.5615072E+02  3.9040083E+00 -9.0851096E+00 -2.9901435E-01  1.1868019E+02 -7.8367561E-01 
      1087      1.1314403E+02  2.7495216E-01  5.6682195E-01  1.1923878E-02 -8.4379069E+00 -1.7359554E-01 
      1087 SSD -1.7864091E+03  1.0051650E+00 -8.9183906E+00 -2.9157084E-01  1.0977737E+02 -1.4990399E+00 
      1088      1.8934816E+02  3.9399137E-01  5.7672211E-01  1.1918369E-02 -7.0235946E+00 -1.8779646E-01 
      1088 SSD -2.7154494E+03 -1.9108801E+00 -8.8182916E+00 -2.9272643E-01  7.7668302E+01 -3.0248631E+00 
      1089      2.4385316E+02  5.1379010E-01  5.8527227E-01  1.1949358E-02 -4.0353650E+00 -1.3026621E-01 
      1089 SSD -3.2684480E+03 -4.8476387E+00 -8.7772005E+00 -2.9271842E-01  3.3634823E+01 -4.4552537E+00 
      1090      1.0644367E+02  2.6985848E-01  6.8742058E-01  1.2046886E-02 -7.9246353E+00  1.7703132E+00 
      1090 SSD -1.6649978E+03  1.1014606E+00 -1.1797455E+01 -2.8740163E-01  1.0375031E+02 -2.5395859E+01 
      1091      8.2062465E+01  2.6405647E-01  8.0981244E-01  1.2160223E-02 -6.3905622E+00  3.3222922E+00 
      1091 SSD -1.3166171E+03  1.1922910E+00 -1.4557473E+01 -2.8833126E-01  8.8508620E+01 -4.7772211E+01 
      1092      4.5402887E+01  2.5715899E-01  9.3261420E-01  1.2068972E-02 -4.1670473E+00  4.1408606E+00 
      1092 SSD -7.7586605E+02  1.2837307E+00 -1.7287691E+01 -2.9294804E-01  6.2780421E+01 -6.4032797E+01 
      1093      4.9274544E+00  2.5246803E-01  1.0482614E+00  1.1111157E-02 -1.7716234E+00  3.9572747E+00 
      1093 SSD -1.3182198E+02  1.3309164E+00 -1.9984844E+01 -2.9269044E-01  3.1219162E+01 -6.6654057E+01 
      1094      2.0696847E+01  1.4393744E-01  8.0262742E-01  1.3326335E-02 -5.9885546E+00  1.4125816E+00 
      1094 SSD -4.2112574E+02  4.1537757E+00 -1.4659506E+01 -2.8575058E-01  9.3694924E+01 -2.5163784E+01 
      1095      3.1072204E+01  1.5044531E-01  6.7754741E-01  1.2973569E-02 -7.3370878E+00  7.5307469E-01 
      1095 SSD -5.9956389E+02  4.0223216E+00 -1.1958611E+01 -2.8940293E-01  1.1224110E+02 -1.3328570E+01 
      1096      4.7685275E+00  1.3333931E-01  9.3079859E-01  1.2585223E-02 -3.9611563E+00  1.7474543E+00 
      1096 SSD -1.4694400E+02  4.3675020E+00 -1.7372397E+01 -2.7584639E-01  6.5201295E+01 -3.1780545E+01 
      1097     -1.3178680E+01  1.2030122E-01  1.0471035E+00  1.0478412E-02 -1.6970592E+00  1.6845322E+00 
      1097 SSD  1.7866697E+02  4.6786311E+00 -1.9958149E+01 -2.4684341E-01  3.0235999E+01 -3.3178950E+01 
      1098      1.7786780E+02  4.9891585E-01  8.2442894E-01  1.1941456E-02 -2.8295059E+00  6.4973588E+00 
      1098 SSD -2.5462085E+03 -4.8907834E+00 -1.4547028E+01 -2.9431338E-01  3.4645815E+01 -7.3668022E+01 
      1099      1.3896238E+02  3.8095362E-01  8.1759113E-01  1.1942313E-02 -5.1983639E+00  5.1619366E+00 
      1099 SSD -2.0652904E+03 -1.8404124E+00 -1.4524590E+01 -2.9175740E-01  6.5351501E+01 -6.5008954E+01 
      1100      2.2727343E+02  5.0679732E-01  7.0445017E-01  1.1949646E-02 -3.6463584E+00  3.6078754E+00 
      1100 SSD -3.0773676E+03 -4.8549108E+00 -1.1678188E+01 -2.9265277E-01  3.6287943E+01 -3.5361581E+01 
      1101      1.7750770E+02  3.8794565E-01  6.9653097E-01  1.1948906E-02 -6.5306204E+00  2.7947720E+00 
      1101 SSD -2.5399946E+03 -1.8676632E+00 -1.1707300E+01 -2.9127458E-01  7.3980910E+01 -3.3767461E+01 
      1102      3.1586566E+01  4.7996272E-01  1.0641322E+00  1.1159628E-02 -7.4934718E-01  7.3615460E+00 
      1102 SSD -5.9909126E+02 -5.1493626E+00 -2.0326702E+01 -3.1071545E-01  1.4594298E+01 -1.1274428E+02 
      1103      1.0702558E+02  4.8990838E-01  9.4491930E-01  1.1882518E-02 -1.7878018E+00  7.9133622E+00 
      1103 SSD -1.6695573E+03 -4.9845729E+00 -1.7417876E+01 -2.9847235E-01  2.6477032E+01 -1.0429225E+02 
      1104      2.1111686E+01  3.6501293E-01  1.0588085E+00  1.0757174E-02 -1.4392258E+00  5.9909554E+00 
      1104 SSD -4.0949370E+02 -1.9315256E+00 -2.0202009E+01 -3.0339160E-01  2.6396106E+01 -9.4147155E+01 
      1105      8.2369841E+01  3.7278529E-01  9.3913072E-01  1.1824152E-02 -3.3575711E+00  6.3649363E+00 
      1105 SSD -1.3130079E+03 -1.8479546E+00 -1.7330115E+01 -2.9555591E-01  4.8162524E+01 -8.9514379E+01 
      1106     -1.3662240E+00  2.9122575E-01  9.6668334E-02  1.3602960E-02 -1.6820205E+00 -3.4251112E+00 
      1106 SSD -1.0918185E+02  9.5154636E-01  3.3433772E+00 -2.9662909E-01  3.2029094E+01  6.3077253E+01 
      1107      3.5402024E+01  2.8869075E-01  2.1742402E-01  1.1933405E-02 -4.0021377E+00 -3.9805924E+00 
      1107 SSD -7.3750784E+02  8.8253892E-01  3.0093652E-01 -2.9146737E-01  6.4007217E+01  6.2822209E+01 
      1108      7.2752025E+01  2.8435088E-01  3.3385329E-01  1.1783064E-02 -6.2215849E+00 -3.4223538E+00 
      1108 SSD -1.2960160E+03  8.7867638E-01 -2.8116001E+00 -2.9626444E-01  9.0060998E+01  4.8072227E+01 
      1109      1.0089389E+02  2.7963644E-01  4.4958296E-01  1.1786569E-02 -7.8176111E+00 -2.0414054E+00 
      1109 SSD -1.6642474E+03  9.2480491E-01 -5.9139436E+00 -2.9537674E-01  1.0565225E+02  2.3887806E+01 
      1110     -1.4809535E+00  1.7220408E-01  2.1129264E-01  1.0456810E-02 -3.4364141E+00 -1.6743640E+00 
      1110 SSD -9.6623635E+01  3.6068534E+00  3.6611059E-01 -2.9289813E-01  6.4843020E+01  3.1542878E+01 
      1111     -1.7295106E+01  1.7687373E-01  8.7829396E-02  1.2204006E-02 -1.4423824E+00 -1.4142314E+00 
      1111 SSD  2.1229531E+02  3.5032979E+00  3.5943138E+00 -2.8927262E-01  3.2193565E+01  2.9623623E+01 
      1112      1.5036006E+01  1.6727642E-01  3.2584055E-01  1.0740384E-02 -5.4722297E+00 -1.4406981E+00 
      1112 SSD -3.8584600E+02  3.7031454E+00 -2.8426612E+00 -3.0585748E-01  9.3533021E+01  2.4686544E+01 
      1113      2.7725319E+01  1.6196183E-01  4.3973319E-01  1.1357467E-02 -7.0235386E+00 -8.5531952E-01 
      1113 SSD -5.8405169E+02  3.7998604E+00 -6.0382397E+00 -3.0624293E-01  1.1252995E+02  1.2515303E+01 
      1114      1.0192457E+02  5.3490587E-01  2.3023690E-01  1.2119645E-02 -2.1103832E+00 -7.8039230E+00 
      1114 SSD -1.6825269E+03 -4.6525088E+00  1.1089200E-01 -2.9105542E-01  2.4304279E+01  1.0504547E+02 
      1115      7.3151906E+01  4.1154492E-01  2.2394537E-01  1.2129058E-02 -3.4833165E+00 -6.2016544E+00 
      1115 SSD -1.3069295E+03 -1.8648875E+00  2.1464547E-01 -2.8717798E-01  4.9263926E+01  8.9060184E+01 
      1116      2.8576720E+01  5.4286293E-01  1.0974706E-01  1.3050876E-02 -9.0722003E-01 -7.0676274E+00 
      1116 SSD -6.0396838E+02 -4.4714996E+00  3.0568581E+00 -3.0197862E-01  1.2248137E+01  1.1279291E+02 
      1117      1.5408700E+01  4.1799360E-01  1.0368176E-01  1.3660213E-02 -1.4921649E+00 -5.4918671E+00 
      1117 SSD -4.0364221E+02 -1.7547566E+00  3.1774478E+00 -2.9430453E-01  2.5232216E+01  9.3017310E+01 
      1118      2.2401801E+02  5.2043273E-01  4.6696507E-01  1.1957837E-02 -3.8463077E+00 -3.7700856E+00 
      1118 SSD -3.1232126E+03 -4.8319420E+00 -5.8373748E+00 -2.9313349E-01  3.4436500E+01  3.3374999E+01 
      1119      1.7281492E+02  5.2736121E-01  3.4892699E-01  1.2009873E-02 -3.1535007E+00 -6.5178467E+00 
      1119 SSD -2.5796413E+03 -4.7739538E+00 -2.8670370E+00 -2.9299204E-01  3.2166447E+01  7.5408717E+01 
      1120      1.7214666E+02  3.9959199E-01  4.5877728E-01  1.1901334E-02 -6.5779471E+00 -3.0802454E+00 
      1120 SSD -2.5695235E+03 -1.9404842E+00 -5.8494338E+00 -2.9375981E-01  7.6540351E+01  3.1292287E+01 
      1121      1.3017972E+02  4.0538034E-01  3.4168891E-01  1.1964952E-02 -5.3074559E+00 -5.2457161E+00 
      1121 SSD -2.0803503E+03 -1.9300532E+00 -2.8201884E+00 -2.9252670E-01  6.7252935E+01  6.5947309E+01 

