      NODE            V1             V2             V3             VR1            VR2            VR3
      1001     -2.0546755E+01 -2.0622922E-02  7.9691541E-01  3.1855311E-02  1.7026037E-01 -2.0113633E-01 
      1001 SSD  3.7938269E+02  6.5761191E+00 -2.0406404E+01 -2.2960279E+00 -4.6621647E+00  4.1610436E+00 
      1002     -2.0503054E+01 -1.1632042E-02  7.8320727E-01  2.1800398E-01  8.2490799E-02  6.6877908E-01 
      1002 SSD  3.7847440E+02  5.3478253E+00 -2.0358226E+01 -5.2045378E+00  1.3647539E+00 -1.3541216E+01 
      1003     -2.0464647E+01  1.1673694E-01  7.8861367E-01  1.0135377E-01  4.7799782E-02  1.8048022E+00 
      1003 SSD  3.7742264E+02  1.5024755E+00 -2.0664334E+01 -1.4101716E+00  7.4357093E-01 -4.3024687E+01 
      1004     -2.0436780E+01  1.7397939E-01  7.8638701E-01  1.0313817E-01 -8.0585497E-03  2.8006899E+00 
      1004 SSD  3.7754230E+02 -1.3932651E+00 -2.0663500E+01 -3.8274988E-01  1.9287362E+00 -6.9478848E+01 
      1005     -2.0419137E+01  2.5164562E-01  7.8953125E-01  5.2118062E-02 -6.3741837E-02  3.4237304E+00 
      1005 SSD  3.7746338E+02 -4.4862355E+00 -2.0681399E+01  6.3272723E-01  1.3818890E+00 -8.7327950E+01 
      1006     -2.0418566E+01  3.3274886E-01  7.9466355E-01 -5.8718552E-03 -1.0349819E-01  3.5446396E+00 
      1006 SSD  3.7773652E+02 -7.2342228E+00 -2.0627227E+01  1.2231344E+00  1.3343972E+00 -9.3589361E+01 
      1007     -2.0444529E+01  4.2312407E-01  7.9936572E-01 -6.4846953E-02 -1.1124336E-01  3.1565680E+00 
      1007 SSD  3.7800615E+02 -9.7075777E+00 -2.0584214E+01  1.3393910E+00  1.1200810E+00 -8.7716276E+01 
      1008     -2.0492335E+01  5.1401378E-01  8.0086848E-01 -1.0960025E-01 -9.4018909E-02  2.3636628E+00 
      1008 SSD  3.7865987E+02 -1.1993421E+01 -2.0549342E+01  1.6170638E+00  2.8934395E-01 -6.9563308E+01 
      1009     -2.0550934E+01  6.2090019E-01  8.0149360E-01 -9.6222815E-02 -6.0774044E-02  1.3821222E+00 
      1009 SSD  3.7912107E+02 -1.4543480E+01 -2.0673659E+01  7.7524801E-01  3.6906797E-01 -4.3001731E+01 
      1010     -2.0602522E+01  6.9786766E-01  7.9890059E-01 -1.2846655E-01  5.0050522E-02  4.3544082E-01 
      1010 SSD  3.8112993E+02 -1.6371203E+01 -2.0671132E+01  1.2851091E+00 -2.5389482E+00 -1.4312837E+01 
      1011     -2.0658380E+01  7.9302022E-01  7.9489304E-01  5.0946603E-02 -2.8518901E-02 -4.1356732E-02 
      1011 SSD  3.8115599E+02 -1.9223828E+01 -2.1070026E+01 -3.0833351E+00  7.5195995E-01  2.9354646E+00 
      1012     -2.0691723E+01  7.8855063E-01 -6.2927799E-02  4.3528767E-02 -1.7671214E-01  1.9586963E-01 
      1012 SSD  3.8347473E+02 -1.9533478E+01  5.3623515E+00 -2.3517418E+00  4.9276239E+00 -3.8611380E+00 
      1013     -2.0623916E+01  7.7999452E-01 -4.8458502E-02  1.9514000E-01 -7.5910403E-02 -6.7617099E-01 
      1013 SSD  3.8214480E+02 -1.8396128E+01  5.3096242E+00 -4.5883662E+00 -1.5295820E+00  1.3604492E+01 
      1014     -2.0563230E+01  6.5771066E-01 -5.2136627E-02  1.0710634E-01 -4.1815161E-02 -1.8429696E+00 
      1014 SSD  3.8070147E+02 -1.4738789E+01  5.5725432E+00 -1.6496754E+00 -8.3166954E-01  4.3666463E+01 
      1015     -2.0514968E+01  5.9346505E-01 -4.9949015E-02  1.0019996E-01  1.5665766E-02 -2.8705391E+00 
      1015 SSD  3.8048758E+02 -1.1636028E+01  5.5773392E+00 -2.5004293E-01 -2.0740330E+00  7.0601741E+01 
      1016     -2.0475923E+01  5.1567299E-01 -5.2938134E-02  4.6018861E-02  6.9610546E-02 -3.5107944E+00 
      1016 SSD  3.8003567E+02 -8.5801074E+00  5.5793849E+00  6.7782268E-01 -1.5172483E+00  8.8720205E+01 
      1017     -2.0453830E+01  4.3496422E-01 -5.7786202E-02 -1.0047991E-02  1.0964464E-01 -3.6334430E+00 
      1017 SSD  3.7995774E+02 -5.7673020E+00  5.5237469E+00  1.1796909E+00 -1.4556828E+00  9.5072285E+01 
      1018     -2.0459918E+01  3.4107585E-01 -6.2521162E-02 -6.1376530E-02  1.1368376E-01 -3.2392394E+00 
      1018 SSD  3.7989378E+02 -3.2027842E+00  5.4939820E+00  1.3271164E+00 -1.1601439E+00  8.9050525E+01 
      1019     -2.0488424E+01  2.4863561E-01 -6.4240121E-02 -1.1815729E-01  8.9813347E-02 -2.4198736E+00 
      1019 SSD  3.8023284E+02 -9.2477885E-01  5.4655939E+00  1.7806848E+00 -2.0283051E-01  7.0391876E+01 
      1020     -2.0522705E+01  1.4815411E-01 -6.3875103E-02 -1.0466037E-01  6.1468709E-02 -1.4010779E+00 
      1020 SSD  3.8026375E+02  1.5005109E+00  5.5763183E+00  8.9004364E-01 -3.9035383E-01  4.3243686E+01 
      1021     -2.0555549E+01  6.7917909E-02 -5.9636684E-02 -1.1057995E-01 -5.9446336E-02 -4.3940767E-01 
      1021 SSD  3.8198528E+02  3.4846905E+00  5.5559094E+00  9.2333225E-01  2.7773037E+00  1.4406903E+01 
      1022     -2.0583680E+01 -2.2287561E-02 -5.4805551E-02  4.2662687E-02  2.0586509E-02  5.7653736E-02 
      1022 SSD  3.8149430E+02  6.0885384E+00  5.9065669E+00 -2.6563612E+00 -4.3238050E-01 -3.4004853E+00 
      1023     -2.0541184E+01 -2.5415621E-02  4.0175378E-03  1.0568746E-01 -4.2939520E-01 -5.2788579E-02 
      1023 SSD  3.8024803E+02  6.3393552E+00  3.9493155E+00 -3.3945902E+00  1.1813098E+01  8.0877912E-01 
      1024     -2.0493600E+01 -2.7675439E-02  9.3693373E-02  1.2937102E-01 -1.4214112E+00  4.5413714E-02 
      1024 SSD  3.7934585E+02  6.4799126E+00  6.2979927E-01 -1.7220445E+00  3.8678482E+01  2.9481696E-01 
      1025     -2.0447294E+01 -2.9638819E-02  1.6560255E-01  1.1801499E-01 -2.4434706E+00  9.6870598E-02 
      1025 SSD  3.7867548E+02  6.5458541E+00 -2.3419115E+00 -5.9707327E-01  6.5711608E+01 -1.1871146E-01 
      1026     -2.0406604E+01 -3.2791554E-02  2.3925882E-01  7.4932297E-02 -3.1966883E+00  1.2725587E-01 
      1026 SSD  3.7817852E+02  6.5256866E+00 -5.3685243E+00  4.4603500E-01  8.4723263E+01 -8.5461714E-01 
      1027     -2.0389057E+01 -3.7364743E-02  3.1671922E-01  1.6156845E-02 -3.5194807E+00  1.1450781E-01 
      1027 SSD  3.7793877E+02  6.4654989E+00 -8.1813840E+00  1.0723854E+00  9.2042150E+01 -1.0985599E+00 
      1028     -2.0390099E+01 -4.1891876E-02  4.0469575E-01 -4.1684239E-02 -3.3440023E+00  6.6822592E-02 
      1028 SSD  3.7767781E+02  6.4376688E+00 -1.0738679E+01  1.1295027E+00  8.7662022E+01 -1.0945184E+00 
      1029     -2.0414183E+01 -4.3882842E-02  4.9747839E-01 -1.0400268E-01 -2.6863082E+00  1.6559587E-02 
      1029 SSD  3.7776800E+02  6.4361817E+00 -1.3008982E+01  1.3798379E+00  7.1913757E+01 -1.6040608E+00 
      1030     -2.0453675E+01 -4.1176351E-02  6.0150704E-01 -1.0641215E-01 -1.7243259E+00 -5.8742651E-02 
      1030 SSD  3.7781596E+02  6.4871053E+00 -1.5371167E+01  7.2236414E-01  4.7575175E+01 -4.9502921E-01 
      1031     -2.0497389E+01 -3.7839356E-02  6.7393727E-01 -1.6307243E-01 -6.1193378E-01 -7.5062020E-02 
      1031 SSD  3.7895382E+02  6.5190372E+00 -1.7340463E+01  1.7375082E+00  1.7440316E+01 -1.5967685E+00 
      1032     -2.0624715E+01  7.9565569E-01  7.3110968E-01  1.0325319E-01  4.5109857E-01  5.9512154E-02 
      1032 SSD  3.8041934E+02 -1.9404777E+01 -1.8922583E+01 -3.3156511E+00 -1.2345512E+01 -9.4181040E-01 
      1033     -2.0582097E+01  7.9672798E-01  6.4029048E-01  1.3002622E-01  1.4851721E+00 -4.4031293E-02 
      1033 SSD  3.7988318E+02 -1.9525480E+01 -1.5657316E+01 -1.7487002E+00 -4.0404687E+01 -3.1563136E-01 
      1034     -2.0541854E+01  7.9794982E-01  5.6838019E-01  1.1718040E-01  2.5484748E+00 -9.6482524E-02 
      1034 SSD  3.7963664E+02 -1.9581000E+01 -1.2687705E+01 -5.5552232E-01 -6.8569442E+01  1.3527498E-01 
      1035     -2.0507798E+01  8.0064364E-01  4.9527364E-01  7.2890927E-02  3.3231474E+00 -1.3150231E-01 
      1035 SSD  3.7955253E+02 -1.9563809E+01 -9.6841764E+00  5.0553977E-01 -8.8140425E+01  9.5902495E-01 
      1036     -2.0496086E+01  8.0528067E-01  4.1934551E-01  1.4054208E-02  3.6475687E+00 -1.1487371E-01 
      1036 SSD  3.7975664E+02 -1.9505897E+01 -6.8875545E+00  1.1336510E+00 -9.5369446E+01  1.1973782E+00 
      1037     -2.0505979E+01  8.0962424E-01  3.3241296E-01 -4.3427299E-02  3.4537212E+00 -7.4819797E-02 
      1037 SSD  3.7990079E+02 -1.9482777E+01 -4.3658744E+00  1.1520401E+00 -9.0454504E+01  1.1947915E+00 
      1038     -2.0538544E+01  8.1219497E-01  2.4224378E-01 -1.0520474E-01  2.7661901E+00 -2.1660915E-02 
      1038 SSD  3.8051047E+02 -1.9471138E+01 -2.1132613E+00  1.4004696E+00 -7.3710102E+01  1.9404336E+00 
      1039     -2.0582457E+01  8.1021428E-01  1.3909737E-01 -1.0312448E-01  1.7755468E+00  5.9989277E-02 
      1039 SSD  3.8104097E+02 -1.9519947E+01  2.2215235E-01  6.7082135E-01 -4.8484081E+01  5.5894511E-01 
      1040     -2.0629927E+01  8.0855441E-01  7.2469245E-02 -1.6526077E-01  6.2913760E-01  7.2093583E-02 
      1040 SSD  3.8247232E+02 -1.9582840E+01  2.0743481E+00  1.6784963E+00 -1.7771634E+01  1.5506814E+00 
      1041      2.8042923E+01  3.4661297E-01  7.0695959E-01  8.4716595E-03  1.0046830E-01  6.2986378E+00 
      1041 SSD -5.8615749E+02 -7.0016119E+00 -1.8040674E+01 -2.7703398E-01  2.0354913E+00 -1.0168882E+02 
      1042      9.3571901E+01  3.5853743E-01  6.2207116E-01  8.4573229E-03  1.7879906E-01  6.9882435E+00 
      1042 SSD -1.5393251E+03 -6.7898747E+00 -1.5416043E+01 -2.6403355E-01  2.9848821E+00 -9.0886790E+01 
      1043      1.5675487E+02  3.6873593E-01  5.3734962E-01  8.4692300E-03  1.7361097E-01  5.8362230E+00 
      1043 SSD -2.2950617E+03 -6.6484468E+00 -1.2795001E+01 -2.6354957E-01  4.4004309E+00 -6.1369078E+01 
      1044      2.0199567E+02  3.7721490E-01  4.5311403E-01  8.4627154E-03  1.1076898E-01  3.3490150E+00 
      1044 SSD -2.7189776E+03 -6.5700067E+00 -1.0177790E+01 -2.6296955E-01  5.6659541E+00 -2.3733225E+01 
      1045      2.1853670E+02  3.8461606E-01  3.6921699E-01  8.4607002E-03 -3.5718786E-02  7.1840733E-03 
      1045 SSD -2.8338473E+03 -6.5273438E+00 -7.5611310E+00 -2.6287497E-01  9.2431369E-01  5.9312643E-02 
      1046      2.0212102E+02  3.9186362E-01  2.8536552E-01  8.4658547E-03 -1.7789673E-01 -3.3346341E+00 
      1046 SSD -2.7178671E+03 -6.4815166E+00 -4.9448169E+00 -2.6321446E-01 -3.9287502E+00  2.3757007E+01 
      1047      1.5702594E+02  3.9990094E-01  2.0123006E-01  8.4843494E-03 -2.2790946E-01 -5.8179197E+00 
      1047 SSD -2.2943734E+03 -6.3937180E+00 -2.3272747E+00 -2.6418306E-01 -3.0073829E+00  6.1175761E+01 
      1048      9.3998910E+01  4.0945706E-01  1.1647761E-01  8.5033199E-03 -2.1121814E-01 -6.9734255E+00 
      1048 SSD -1.5412164E+03 -6.2372143E+00  2.9913787E-01 -2.6561987E-01 -2.1636439E+00  9.0522756E+01 
      1049      2.8486278E+01  4.2063250E-01  3.1031198E-02  8.5495609E-03 -1.0823076E-01 -6.3124135E+00 
      1049 SSD -5.9029406E+02 -6.0064419E+00  2.9449785E+00 -2.8072832E-01 -1.8619400E+00  1.0164730E+02 
      1050      2.0234623E+02  4.6991740E-01  3.7643909E-01  8.4494567E-03  3.3177229E+00  1.4928680E-01 
      1050 SSD -2.7268913E+03 -9.1734233E+00 -7.5322030E+00 -2.6263910E-01 -2.2947123E+01  4.8756270E+00 
      1051      1.5732661E+02  5.5505117E-01  3.8446792E-01  8.4171679E-03  5.8178659E+00  1.9229866E-01 
      1051 SSD -2.3094541E+03 -1.1811538E+01 -7.4624254E+00 -2.6225653E-01 -6.0848785E+01  3.7299038E+00 
      1052      9.4207098E+01  6.3970956E-01  3.9401914E-01  8.3547243E-03  6.9926240E+00  1.6725444E-01 
      1052 SSD -1.5567729E+03 -1.4431043E+01 -7.3271493E+00 -2.6204310E-01 -9.0843155E+01  2.3032397E+00 
      1053      2.8531685E+01  7.2366893E-01  4.0512239E-01  8.4268570E-03  6.3298383E+00  5.9978851E-02 
      1053 SSD -5.9930476E+02 -1.7028057E+01 -7.1225541E+00 -2.7277487E-01 -1.0261618E+02  1.3446528E+00 
      1054      1.4261876E+02  5.4925150E-01  4.6672657E-01  8.4023426E-03  5.4281524E+00  2.6050007E+00 
      1054 SSD -2.2034311E+03 -1.1781953E+01 -1.0122864E+01 -2.6338927E-01 -6.0600943E+01 -2.4435492E+01 
      1055      1.0733520E+02  5.4260529E-01  5.4796256E-01  8.4896907E-03  4.3468862E+00  4.3996391E+00 
      1055 SSD -1.8053258E+03 -1.1787449E+01 -1.2847237E+01 -2.6216672E-01 -5.4227448E+01 -5.4830347E+01 
      1056      5.9775920E+01  5.3481261E-01  6.3006778E-01  8.6447328E-03  2.8147780E+00  5.1535266E+00 
      1056 SSD -1.1512580E+03 -1.1842750E+01 -1.5578039E+01 -2.5845615E-01 -4.0630034E+01 -7.6299666E+01 
      1057      1.2466553E+01  5.2619884E-01  7.1581942E-01  9.9651021E-03  1.1663368E+00  4.4372661E+00 
      1057 SSD -3.6842092E+02 -1.1941113E+01 -1.8239929E+01 -2.6481290E-01 -2.1411773E+01 -8.1438193E+01 
      1058      1.4225930E+02  4.5492541E-01  5.4245471E-01  8.5165269E-03  2.5760408E+00  5.4698812E+00 
      1058 SSD -2.1965286E+03 -9.2508718E+00 -1.2835365E+01 -2.6176665E-01 -2.3619984E+01 -6.1158101E+01 
      1059      1.8535721E+02  4.6292335E-01  4.5961023E-01  8.4585930E-03  3.1578910E+00  3.1959830E+00 
      1059 SSD -2.6268784E+03 -9.1941357E+00 -1.0168047E+01 -2.6269653E-01 -2.4140638E+01 -2.4975432E+01 
      1060      8.3121698E+01  4.4544355E-01  6.2593941E-01  8.6379149E-03  1.7131585E+00  6.4841805E+00 
      1060 SSD -1.4537565E+03 -9.3647651E+00 -1.5507283E+01 -2.5839919E-01 -1.8598964E+01 -8.8186066E+01 
      1061      2.2935755E+01  4.3474661E-01  7.1123491E-01  9.4044713E-03  7.2855864E-01  5.7235918E+00 
      1061 SSD -5.3519522E+02 -9.5331350E+00 -1.8139222E+01 -2.6590148E-01 -9.8741871E+00 -9.7206661E+01 
      1062      1.3270700E+01  7.1387287E-01  5.6089376E-01  6.9950631E-03  4.4345248E+00  1.1787593E+00 
      1062 SSD -3.6948269E+02 -1.6837070E+01 -1.2749560E+01 -2.8217603E-01 -8.2373522E+01 -2.1999610E+01 
      1063      6.0287393E+01  6.3023518E-01  5.5420723E-01  8.2647116E-03  5.0950529E+00  2.8562196E+00 
      1063 SSD -1.1555037E+03 -1.4300241E+01 -1.2818412E+01 -2.6660408E-01 -7.6012115E+01 -4.1154259E+01 
      1064      2.3701931E+01  7.1884464E-01  4.8434649E-01  7.6653587E-03  5.7452392E+00  6.9946229E-01 
      1064 SSD -5.4202148E+02 -1.6931218E+01 -9.8585031E+00 -2.8181141E-01 -9.8107897E+01 -1.0580238E+01 
      1065      8.3816491E+01  6.3521385E-01  4.7502389E-01  8.2465074E-03  6.4530441E+00  1.7129272E+00 
      1065 SSD -1.4641728E+03 -1.4349872E+01 -1.0020866E+01 -2.6612919E-01 -8.8024087E+01 -1.9292526E+01 
      1066     -1.2939460E+01  7.0400694E-01  7.2521868E-01  8.8390211E-03  1.0868646E+00  1.1270017E+00 
      1066 SSD  1.7063380E+02 -1.6594291E+01 -1.8572722E+01 -2.5126933E-01 -2.8981832E+01 -2.7283953E+01 
      1067     -2.3130481E-01  7.0902133E-01  6.3854185E-01  7.2475744E-03  2.7243834E+00  1.3585213E+00 
      1067 SSD -1.1040612E+02 -1.6730838E+01 -1.5660841E+01 -2.6682228E-01 -5.7683108E+01 -2.8654745E+01 
      1068     -6.7042801E-01  6.2122561E-01  7.1993010E-01  9.9369266E-03  1.2969755E+00  2.7497147E+00 
      1068 SSD -1.1482910E+02 -1.4356621E+01 -1.8366388E+01 -2.6675097E-01 -2.7959888E+01 -5.6311724E+01 
      1069      2.9274979E+01  6.2510377E-01  6.3442332E-01  8.4030198E-03  3.2237397E+00  3.2942256E+00 
      1069 SSD -6.7097147E+02 -1.4297218E+01 -1.5630015E+01 -2.6318987E-01 -5.4850978E+01 -5.5167591E+01 
      1070      1.8597232E+01  5.8201969E-01  4.1420480E-02  7.3953426E-03  1.1506692E+00 -4.9141089E+00 
      1070 SSD -3.6397661E+02 -1.1721916E+01  2.6726345E+00 -2.7845465E-01 -2.3365062E+01  8.1065150E+01 
      1071      6.9034657E+01  5.7470812E-01  1.2672029E-01  8.3617443E-03  2.7468323E+00 -5.2567315E+00 
      1071 SSD -1.1334477E+03 -1.1835234E+01  1.0467951E-01 -2.6665141E-01 -4.0478614E+01  7.5648249E+01 
      1072      1.1584811E+02  5.6724199E-01  2.1384902E-01  8.4634152E-03  4.2880772E+00 -4.2783724E+00 
      1072 SSD -1.7632737E+03 -1.1864125E+01 -2.3872642E+00 -2.6168028E-01 -5.3163541E+01  5.3971844E+01 
      1073      1.4775201E+02  5.6082347E-01  3.0000468E-01  8.4554436E-03  5.4093356E+00 -2.3082204E+00 
      1073 SSD -2.1567058E+03 -1.1849082E+01 -4.8877832E+00 -2.6080547E-01 -5.8472353E+01  2.7981371E+01 
      1074      8.9002051E+01  4.9318971E-01  1.2120462E-01  8.4194996E-03  1.4252356E+00 -6.5468771E+00 
      1074 SSD -1.4309296E+03 -8.9804888E+00  1.9237617E-01 -2.6867888E-01 -2.1919086E+01  8.6442134E+01 
      1075      2.6888243E+01  5.0324867E-01  3.6302903E-02  7.7331929E-03  5.7933340E-01 -6.0302317E+00 
      1075 SSD -5.3018741E+02 -8.7830338E+00  2.8199147E+00 -2.8377193E-01 -1.2875774E+01  9.6315227E+01 
      1076      1.4771851E+02  4.8436935E-01  2.0712020E-01  8.4591588E-03  2.2911393E+00 -5.3996014E+00 
      1076 SSD -2.1487148E+03 -9.0996946E+00 -2.3762432E+00 -2.6432429E-01 -2.7185062E+01  5.9198774E+01 
      1077      1.8877274E+02  4.7679256E-01  2.9227526E-01  8.4576911E-03  2.9809937E+00 -2.9971328E+00 
      1077 SSD -2.5709354E+03 -9.1543908E+00 -4.9379480E+00 -2.6270380E-01 -2.6621793E+01  2.7486022E+01 
      1078      5.2537814E+00  7.4278670E-01  1.3640264E-01  9.3963488E-03  3.2482659E+00 -1.4118406E+00 
      1078 SSD -1.3809897E+02 -1.7456918E+01  1.4821683E-01 -2.4375216E-01 -5.6782556E+01  2.8425121E+01 
      1079      3.8681045E+01  6.5530412E-01  1.3313264E-01  8.5635790E-03  3.4311550E+00 -3.3990323E+00 
      1079 SSD -6.7910281E+02 -1.4702531E+01  7.1772951E-02 -2.5891152E-01 -5.3707298E+01  5.5357832E+01 
      1080     -9.2465451E+00  7.5163655E-01  5.3771722E-02  7.9350855E-03  1.3849957E+00 -1.3482116E+00 
      1080 SSD  1.5127651E+02 -1.7722962E+01  2.3946028E+00 -2.1790169E-01 -2.6643556E+01  2.9705413E+01 
      1081      5.5148778E+00  6.5928419E-01  5.0388069E-02  7.2798389E-03  1.4354684E+00 -3.2334786E+00 
      1081 SSD -1.2091578E+02 -1.4750216E+01  2.4746537E+00 -2.4989061E-01 -2.7505201E+01  5.8240380E+01 
      1082      1.8171093E+01  7.3398949E-01  2.2963310E-01  9.7224710E-03  4.9287910E+00 -1.1409964E+00 
      1082 SSD -3.8246432E+02 -1.7253707E+01 -2.2098213E+00 -2.5122641E-01 -8.1105769E+01  2.2704058E+01 
      1083      6.8830500E+01  6.4931688E-01  2.2175764E-01  8.6067760E-03  5.2875582E+00 -2.7358931E+00 
      1083 SSD -1.1445243E+03 -1.4613833E+01 -2.3341825E+00 -2.5546430E-01 -7.4281989E+01  4.1167302E+01 
      1084      2.6577066E+01  7.2884756E-01  3.1938590E-01  9.2149909E-03  6.0404848E+00 -6.0889036E-01 
      1084 SSD -5.4379101E+02 -1.7135755E+01 -4.5781420E+00 -2.6104658E-01 -9.6814119E+01  1.2236512E+01 
      1085      8.8865551E+01  6.4426576E-01  3.0910307E-01  8.5101353E-03  6.5719161E+00 -1.4515375E+00 
      1085 SSD -1.4453095E+03 -1.4525090E+01 -4.7688021E+00 -2.5709404E-01 -8.6032150E+01  2.2069855E+01 
      1086      2.7697508E+01  4.6195906E-02  3.3153007E-01  8.6668790E-03 -6.2647698E+00 -6.7925794E-02 
      1086 SSD -5.7705795E+02  3.9668140E+00 -7.9616260E+00 -2.6829654E-01  1.0101903E+02 -9.3629761E-01 
      1087      9.2989412E+01  1.3009972E-01  3.4331074E-01  8.4436039E-03 -6.9789777E+00 -1.7227635E-01 
      1087 SSD -1.5251790E+03  1.3668866E+00 -7.7700010E+00 -2.6148149E-01  9.0500062E+01 -1.8810146E+00 
      1088      1.5621229E+02  2.1447112E-01  3.5344755E-01  8.4336813E-03 -5.8512495E+00 -1.9008922E-01 
      1088 SSD -2.2805017E+03 -1.2486399E+00 -7.6474090E+00 -2.6264208E-01  6.1700736E+01 -3.4157909E+00 
      1089      2.0169712E+02  2.9938466E-01  3.6186059E-01  8.4641863E-03 -3.3794658E+00 -1.3821778E-01 
      1089 SSD -2.7100102E+03 -3.8829404E+00 -7.5866562E+00 -2.6256230E-01  2.4545604E+01 -4.7054927E+00 
      1090      8.7772121E+01  1.2596465E-01  4.2918973E-01  8.5920154E-03 -6.5543062E+00  1.4293114E+00 
      1090 SSD -1.4190955E+03  1.4508237E+00 -1.0345309E+01 -2.5705794E-01  8.5654616E+01 -2.1368166E+01 
      1091      6.7981000E+01  1.2117268E-01  5.1774996E-01  8.6994048E-03 -5.2647371E+00  2.7055567E+00 
      1091 SSD -1.1262475E+03  1.5277502E+00 -1.2798130E+01 -2.5769548E-01  7.3901911E+01 -4.0199065E+01 
      1092      3.8127300E+01  1.1536391E-01  6.0711031E-01  8.5853278E-03 -3.4044396E+00  3.3662066E+00 
      1092 SSD -6.6928046E+02  1.6023454E+00 -1.5219879E+01 -2.6254915E-01  5.3250881E+01 -5.4538026E+01 
      1093      5.2790726E+00  1.1127902E-01  6.9007083E-01  7.7060821E-03 -1.4141418E+00  3.1977989E+00 
      1093 SSD -1.1821198E+02  1.6378832E+00 -1.7626812E+01 -2.6414806E-01  2.7166341E+01 -5.7539937E+01 
      1094      1.7662550E+01  3.6187465E-02  5.0998067E-01  9.8020067E-03 -4.8777618E+00  1.1155469E+00 
      1094 SSD -3.7124901E+02  4.1861836E+00 -1.2916545E+01 -2.5258031E-01  7.9953475E+01 -2.1939285E+01 
      1095      2.5864623E+01  4.1340549E-02  4.1850936E-01  9.4180810E-03 -5.9778766E+00  5.8906838E-01 
      1095 SSD -5.2607385E+02  4.0703794E+00 -1.0528542E+01 -2.5713046E-01  9.5425354E+01 -1.1622304E+01 
      1096      4.9802430E+00  2.7786602E-02  6.0460809E-01  9.1982654E-03 -3.2147580E+00  1.3844695E+00 
      1096 SSD -1.3349258E+02  4.3739534E+00 -1.5307369E+01 -2.4459551E-01  5.6090284E+01 -2.7767962E+01 
      1097     -9.2876020E+00  1.7784750E-02  6.8923071E-01  7.4447982E-03 -1.3655048E+00  1.3262782E+00 
      1097 SSD  1.5075307E+02  4.6524767E+00 -1.7602029E+01 -2.2014592E-01  2.6327407E+01 -2.9266888E+01 
      1098      1.4701058E+02  2.8485398E-01  5.3188297E-01  8.4464684E-03 -2.3261540E+00  5.3988878E+00 
      1098 SSD -2.1375613E+03 -3.9605075E+00 -1.2753787E+01 -2.6416852E-01  2.8205413E+01 -5.8900529E+01 
      1099      1.1493018E+02  2.0255670E-01  5.2549521E-01  8.4655762E-03 -4.2944316E+00  4.2594500E+00 
      1099 SSD -1.7451593E+03 -1.2089389E+00 -1.2747359E+01 -2.6162605E-01  5.3516426E+01 -5.3255349E+01 
      1100      1.8806736E+02  2.9262615E-01  4.4636463E-01  8.4652442E-03 -3.0327917E+00  3.0000240E+00 
      1100 SSD -2.5566464E+03 -3.9064835E+00 -1.0187103E+01 -2.6249941E-01  2.8029619E+01 -2.7195567E+01 
      1101      1.4668620E+02  2.0899971E-01  4.3858310E-01  8.4730475E-03 -5.4307241E+00  2.2968936E+00 
      1101 SSD -2.1321771E+03 -1.2197443E+00 -1.0234466E+01 -2.6113119E-01  5.9140402E+01 -2.7409161E+01 
      1102      2.6399569E+01  2.6490257E-01  7.0251120E-01  7.6026911E-03 -5.7498806E-01  5.9995578E+00 
      1102 SSD -5.2453624E+02 -4.2616514E+00 -1.7929436E+01 -2.8226387E-01  1.2883413E+01 -9.5875424E+01 
      1103      8.8339346E+01  2.7559072E-01  6.1791742E-01  8.3615579E-03 -1.4389779E+00  6.5383776E+00 
      1103 SSD -1.4223984E+03 -4.0747484E+00 -1.5321219E+01 -2.6844054E-01  2.2400065E+01 -8.6210984E+01 
      1104      1.8189774E+01  1.8664338E-01  6.9843543E-01  7.2796994E-03 -1.1315624E+00  4.8772051E+00 
      1104 SSD -3.5888832E+02 -1.3369128E+00 -1.7817891E+01 -2.7582593E-01  2.3099029E+01 -8.0402972E+01 
      1105      6.8331378E+01  1.9473103E-01  6.1305326E-01  8.3278137E-03 -2.7386609E+00  5.2296186E+00 
      1105 SSD -1.1220567E+03 -1.2356474E+00 -1.5247315E+01 -2.6569008E-01  4.0510160E+01 -7.4945017E+01 
      1106     -6.7495770E-01  1.4581796E-01  1.6714023E-02  1.0017629E-02 -1.3140845E+00 -2.7141165E+00 
      1106 SSD -1.1033711E+02  1.3503525E+00  3.3024013E+00 -2.6275273E-01  2.8168568E+01  5.5207150E+01 
      1107      2.8829215E+01  1.4258658E-01  1.0169995E-01  8.4760479E-03 -3.2315250E+00 -3.2352638E+00 
      1107 SSD -6.5419380E+02  1.2763116E+00  5.6418460E-01 -2.6134297E-01  5.4828783E+01  5.3675710E+01 
      1108      5.9354866E+01  1.3825431E-01  1.8191729E-01  8.2855389E-03 -5.0934895E+00 -2.8146129E+00 
      1108 SSD -1.1269621E+03  1.2626705E+00 -2.2533087E+00 -2.6648095E-01  7.5803764E+01  4.0222414E+01 
      1109      8.2630035E+01  1.3401843E-01  2.6152147E-01  8.2899845E-03 -6.4453391E+00 -1.7021927E+00 
      1109 SSD -1.4308277E+03  1.2977920E+00 -5.0622629E+00 -2.6558425E-01  8.7766895E+01  1.9239829E+01 
      1110     -5.8772320E-01  5.8734151E-02  9.6519290E-02  7.0721513E-03 -2.7034815E+00 -1.3218726E+00 
      1110 SSD -9.7996004E+01  3.7071261E+00  6.1432288E-01 -2.6613854E-01  5.6940808E+01  2.7685892E+01 
      1111     -1.2990245E+01  6.2322879E-02  1.0581131E-02  8.7715341E-03 -1.0892812E+00 -1.0947828E+00 
      1111 SSD  1.7456956E+02  3.6138836E+00  3.5326435E+00 -2.5858505E-01  2.8881130E+01  2.6374704E+01 
      1112      1.2600658E+01  5.4848787E-02  1.7413423E-01  7.2265582E-03 -4.3850033E+00 -1.1517205E+00 
      1112 SSD -3.4920476E+02  3.7918209E+00 -2.3030152E+00 -2.7847666E-01  8.0957615E+01  2.1367959E+01 
      1113      2.2867250E+01  5.0596806E-02  2.5124966E-01  7.7967283E-03 -5.6814769E+00 -6.9493551E-01 
      1113 SSD -5.1826717E+02  3.8759278E+00 -5.2090610E+00 -2.7746622E-01  9.6410185E+01  1.0556826E+01 
      1114      8.3193727E+01  3.2161127E-01  1.1198862E-01  8.6390988E-03 -1.7529895E+00 -6.4443864E+00 
      1114 SSD -1.4471116E+03 -3.6390859E+00  4.0458550E-01 -2.6050150E-01  1.9520083E+01  8.7181865E+01 
      1115      5.9506472E+01  2.3212135E-01  1.0702733E-01  8.6900484E-03 -2.8474552E+00 -5.0950372E+00 
      1115 SSD -1.1371298E+03 -1.1618151E+00  4.9345927E-01 -2.5660844E-01  4.1292709E+01  7.4833285E+01 
      1116      2.3257487E+01  3.3101727E-01  2.6482605E-02  9.4025341E-03 -7.4225287E-01 -5.7122090E+00 
      1116 SSD -5.3652967E+02 -3.4398460E+00  3.0466703E+00 -2.6940910E-01  1.0185745E+01  9.6595259E+01 
      1117      1.2621198E+01  2.3950233E-01  2.1868716E-02  1.0065358E-02 -1.1870632E+00 -4.4066814E+00 
      1117 SSD -3.6631553E+02 -1.0368290E+00  3.1531118E+00 -2.6033975E-01  2.1808526E+01  8.0411227E+01 
      1118      1.8484145E+02  3.0594483E-01  2.7845764E-01  8.4695919E-03 -3.2226883E+00 -3.1770426E+00 
      1118 SSD -2.6093964E+03 -3.8517816E+00 -4.9455866E+00 -2.6295349E-01  2.5765366E+01  2.4852193E+01 
      1119      1.4198346E+02  3.1318655E-01  1.9551932E-01  8.5203512E-03 -2.6348855E+00 -5.4364177E+00 
      1119 SSD -2.1822264E+03 -3.7778017E+00 -2.2735017E+00 -2.6268928E-01  2.5035903E+01  6.0542742E+01 
      1120      1.4159075E+02  2.1969104E-01  2.7067030E-01  8.4123105E-03 -5.4688640E+00 -2.5887524E+00 
      1120 SSD -2.1734146E+03 -1.2650316E+00 -4.9766152E+00 -2.6370784E-01  6.1555912E+01  2.4303990E+01 
      1121      1.0658232E+02  2.2546789E-01  1.8915607E-01  8.4861719E-03 -4.3878218E+00 -4.3570653E+00 
      1121 SSD -1.7799272E+03 -1.2411494E+00 -2.2436142E+00 -2.6232779E-01  5.5134161E+01  5.3949435E+01 

