      NODE            V1             V2             V3             VR1            VR2            VR3
      1001     -1.6037664E+01 -5.3910056E-02  5.3922682E-01  1.1309581E-02  1.3375612E-01 -1.6935164E-01 
      1001 SSD  3.3292802E+02  6.2845896E+00 -1.8500436E+01 -2.2248483E+00 -4.2512846E+00  3.6915724E+00 
      1002     -1.5999809E+01 -6.0098065E-02  5.2530382E-01  1.7783861E-01  9.0751809E-02  5.7111890E-01 
      1002 SSD  3.3211832E+02  5.0860950E+00 -1.8489361E+01 -4.7004310E+00  1.5477664E+00 -1.1956077E+01 
      1003     -1.5968358E+01  3.6143426E-02  5.2843272E-01  8.8819639E-02  5.2228285E-02  1.4751489E+00 
      1003 SSD  3.3117050E+02  1.5785570E+00 -1.8780254E+01 -1.1673375E+00  8.5802299E-01 -3.8760588E+01 
      1004     -1.5938884E+01  6.6897108E-02  5.2614732E-01  9.9104832E-02  5.7218639E-03  2.2529229E+00 
      1004 SSD  3.3134863E+02 -1.1562197E+00 -1.8785604E+01 -1.4008821E-01  1.9080127E+00 -6.2869736E+01 
      1005     -1.5921581E+01  1.1757341E-01  5.2917916E-01  5.5840449E-02 -5.0093679E-02  2.7207983E+00 
      1005 SSD  3.3131109E+02 -4.0366646E+00 -1.8796057E+01  7.5748058E-01  1.2394188E+00 -7.9255969E+01 
      1006     -1.5919151E+01  1.7367641E-01  5.3458251E-01  4.1719140E-03 -9.0678407E-02  2.7857063E+00 
      1006 SSD  3.3158219E+02 -6.5679551E+00 -1.8730728E+01  1.2129478E+00  1.0934156E+00 -8.5227361E+01 
      1007     -1.5942138E+01  2.4102471E-01  5.3957749E-01 -5.2720532E-02 -1.0242761E-01  2.4492974E+00 
      1007 SSD  3.3179310E+02 -8.8049639E+00 -1.8677077E+01  1.1934439E+00  8.5702550E-01 -8.0254001E+01 
      1008     -1.5984235E+01  3.1082338E-01  5.4136767E-01 -9.6381108E-02 -9.2256560E-02  1.8067688E+00 
      1008 SSD  3.3233183E+02 -1.0852277E+01 -1.8639201E+01  1.3625230E+00  6.7626926E-02 -6.3973874E+01 
      1009     -1.6039347E+01  3.9502526E-01  5.4099343E-01 -9.0569987E-02 -5.8581617E-02  1.0388347E+00 
      1009 SSD  3.3266071E+02 -1.3119826E+01 -1.8760168E+01  5.5531829E-01  2.2167877E-01 -3.9740270E+01 
      1010     -1.6075271E+01  4.5472994E-01  5.3827694E-01 -1.1944859E-01  2.9946076E-02  3.2037909E-01 
      1010 SSD  3.3452623E+02 -1.4748999E+01 -1.8765407E+01  9.8215466E-01 -2.4256589E+00 -1.3292796E+01 
      1011     -1.6131575E+01  5.2416256E-01  5.3070536E-01  2.5422856E-02 -2.2254598E-02 -1.7220938E-02 
      1011 SSD  3.3444627E+02 -1.7348072E+01 -1.9167221E+01 -2.9567014E+00  6.9680509E-01  2.8309798E+00 
      1012     -1.6134575E+01  5.1591937E-01 -8.8243864E-02  2.2259667E-02 -1.3677271E-01  1.6576347E-01 
      1012 SSD  3.3670253E+02 -1.7676184E+01  4.9804440E+00 -2.2529840E+00  4.5024292E+00 -3.4064093E+00 
      1013     -1.6076808E+01  5.2149522E-01 -7.3476307E-02  1.5818401E-01 -8.6774609E-02 -5.7391115E-01 
      1013 SSD  3.3552666E+02 -1.6567355E+01  4.9669592E+00 -4.1424990E+00 -1.6983883E+00  1.2009690E+01 
      1014     -1.6027197E+01  4.3046826E-01 -7.4974202E-02  9.2859113E-02 -4.7809331E-02 -1.4946931E+00 
      1014 SSD  3.3423887E+02 -1.3227643E+01  5.2200939E+00 -1.3922026E+00 -9.3340314E-01  3.9333654E+01 
      1015     -1.5980380E+01  3.9447322E-01 -7.2608043E-02  9.7734337E-02 -5.4544933E-04 -2.2911569E+00 
      1015 SSD  3.3413030E+02 -1.0306032E+01  5.2310510E+00 -1.3786115E-02 -2.0369276E+00  6.3860841E+01 
      1016     -1.5945211E+01  3.4376464E-01 -7.5528225E-02  5.1124469E-02  5.3819249E-02 -2.7669649E+00 
      1016 SSD  3.3376943E+02 -7.4611810E+00  5.2265593E+00  7.8961388E-01 -1.3621627E+00  8.0483441E+01 
      1017     -1.5924510E+01  2.8883073E-01 -8.0632942E-02  6.1855211E-04  9.5087047E-02 -2.8295528E+00 
      1017 SSD  3.3373930E+02 -4.8647778E+00  5.1605598E+00  1.1616855E+00 -1.2010995E+00  8.6542815E+01 
      1018     -1.5930715E+01  2.1885090E-01 -8.5545853E-02 -4.8489243E-02  1.0424410E-01 -2.4895931E+00 
      1018 SSD  3.3366262E+02 -2.5463810E+00  5.1197581E+00  1.1908127E+00 -8.9200708E-01  8.1431529E+01 
      1019     -1.5956340E+01  1.4729276E-01 -8.7548786E-02 -1.0267484E-01  8.9199214E-02 -1.8312017E+00 
      1019 SSD  3.3393111E+02 -5.1039057E-01  5.0875228E+00  1.5065806E+00  9.2145746E-03  6.4700739E+01 
      1020     -1.5991261E+01  6.8600952E-02 -8.6268773E-02 -9.8084853E-02  5.9641245E-02 -1.0408848E+00 
      1020 SSD  3.3388713E+02  1.6502624E+00  5.1973717E+00  6.4964565E-01 -2.4025571E-01  3.9957014E+01 
      1021     -1.6010339E+01  6.2610091E-03 -8.2220222E-02 -1.0417273E-01 -3.3867454E-02 -3.2021536E-01 
      1021 SSD  3.3550777E+02  3.4233964E+00  5.1883877E+00  6.6545884E-01  2.6459197E+00  1.3380889E+01 
      1022     -1.6045042E+01 -6.0943956E-02 -7.4095577E-02  1.8164613E-02  1.7014650E-02  2.7047213E-02 
      1022 SSD  3.3497473E+02  5.7882865E+00  5.5447389E+00 -2.5567569E+00 -3.9744533E-01 -3.2580135E+00 
      1023     -1.6013551E+01 -6.1822361E-02 -3.3545403E-02  7.6851946E-02 -3.3649379E-01 -4.7251630E-02 
      1023 SSD  3.3382121E+02  6.0333208E+00  3.7544087E+00 -3.1641074E+00  1.0813114E+01  6.9421232E-01 
      1024     -1.5973431E+01 -6.2915101E-02  2.6285756E-02  1.1552651E-01 -1.1161077E+00  4.8577085E-02 
      1024 SSD  3.3303197E+02  6.1674835E+00  6.6856940E-01 -1.4104672E+00  3.5353180E+01  4.0871417E-01 
      1025     -1.5933210E+01 -6.4287759E-02  7.1456841E-02  1.1303470E-01 -1.9199274E+00  9.6881541E-02 
      1025 SSD  3.3246785E+02  6.2290227E+00 -2.1052661E+00 -3.1751412E-01  5.9964886E+01  1.0908732E-01 
      1026     -1.5897861E+01 -6.7484412E-02  1.1801668E-01  7.8151755E-02 -2.5134931E+00  1.2121242E-01 
      1026 SSD  3.3206378E+02  6.2018669E+00 -4.9315795E+00  6.2725904E-01  7.7188095E+01 -5.5614071E-01 
      1027     -1.5883754E+01 -7.2359411E-02  1.7033826E-01  2.4740912E-02 -2.7703610E+00  1.0408213E-01 
      1027 SSD  3.3186099E+02  6.1319559E+00 -7.5339631E+00  1.1134993E+00  8.3742668E+01 -8.3508665E-01 
      1028     -1.5887284E+01 -7.7133638E-02  2.3457884E-01 -3.1075711E-02 -2.6331130E+00  5.6285050E-02 
      1028 SSD  3.3159888E+02  6.0935801E+00 -9.8588686E+00  1.0390298E+00  7.9758323E+01 -9.4694623E-01 
      1029     -1.5911748E+01 -7.9204117E-02  3.0582948E-01 -9.1249121E-02 -2.1124114E+00  5.5479674E-03 
      1029 SSD  3.3163044E+02  6.0873117E+00 -1.1888437E+01  1.1434793E+00  6.5529143E+01 -1.5672050E+00 
      1030     -1.5952249E+01 -7.6078509E-02  3.8838969E-01 -1.0049933E-01 -1.3518915E+00 -6.0930095E-02 
      1030 SSD  3.3158794E+02  6.1444945E+00 -1.3978238E+01  4.8046791E-01  4.3440220E+01 -6.3483544E-01 
      1031     -1.5989337E+01 -7.2286076E-02  4.4224410E-01 -1.5058808E-01 -4.7890469E-01 -8.5116120E-02 
      1031 SSD  3.3260847E+02  6.1859925E+00 -1.5757239E+01  1.3530277E+00  1.5944568E+01 -1.7641143E+00 
      1032     -1.6101706E+01  5.2534657E-01  4.8739616E-01  7.5710086E-02  3.5093104E-01  5.1612170E-02 
      1032 SSD  3.3378538E+02 -1.7525097E+01 -1.7199984E+01 -3.0916170E+00 -1.1299684E+01 -8.1395023E-01 
      1033     -1.6061195E+01  5.2556648E-01  4.2621025E-01  1.1646721E-01  1.1565614E+00 -4.7976222E-02 
      1033 SSD  3.3335495E+02 -1.7642383E+01 -1.4169677E+01 -1.4347338E+00 -3.6942499E+01 -4.2659089E-01 
      1034     -1.6021209E+01  5.2639646E-01  3.8118776E-01  1.1287313E-01  1.9856244E+00 -9.6614117E-02 
      1034 SSD  3.3320400E+02 -1.7695250E+01 -1.1397367E+01 -2.7762205E-01 -6.2595604E+01 -9.1460388E-02 
      1035     -1.5986926E+01  5.2918272E-01  3.3502181E-01  7.6811946E-02  2.5905726E+00 -1.2428405E-01 
      1035 SSD  3.3320132E+02 -1.7671981E+01 -8.5923028E+00  6.8249494E-01 -8.0332077E+01  6.5167781E-01 
      1036     -1.5972957E+01  5.3412580E-01  2.8392806E-01  2.3163299E-02  2.8466709E+00 -1.0289959E-01 
      1036 SSD  3.3343193E+02 -1.7604136E+01 -6.0026617E+00  1.1699300E+00 -8.6795398E+01  9.3389113E-01 
      1037     -1.5979764E+01  5.3867129E-01  2.2016964E-01 -3.2668438E-02  2.6961152E+00 -6.1992195E-02 
      1037 SSD  3.3355889E+02 -1.7570846E+01 -3.7111108E+00  1.0574073E+00 -8.2318255E+01  1.0313012E+00 
      1038     -1.6006354E+01  5.4132549E-01  1.5103725E-01 -9.2593127E-02  2.1576799E+00 -6.8166664E-03 
      1038 SSD  3.3409214E+02 -1.7553478E+01 -1.6937371E+00  1.1606291E+00 -6.7161134E+01  1.8919126E+00 
      1039     -1.6045262E+01  5.3882211E-01  6.8779633E-02 -9.7992813E-02  1.3824702E+00  6.3877545E-02 
      1039 SSD  3.3452407E+02 -1.7607230E+01  3.7107416E-01  4.3629962E-01 -4.4245299E+01  7.0385280E-01 
      1040     -1.6080776E+01  5.3644081E-01  1.9821058E-02 -1.5373371E-01  4.8843486E-01  8.3250869E-02 
      1040 SSD  3.3583697E+02 -1.7675218E+01  2.0487278E+00  1.2886189E+00 -1.6240851E+01  1.7137529E+00 
      1041      2.4656800E+01  1.8946117E-01  4.7038834E-01  5.9698398E-03  1.1612479E-01  5.4562359E+00 
      1041 SSD -5.1840465E+02 -6.3035595E+00 -1.6375194E+01 -2.5456630E-01  2.2536272E+00 -8.6916535E+01 
      1042      8.2044123E+01  2.0309648E-01  4.0928732E-01  6.0612713E-03  1.9538712E-01  6.1803698E+00 
      1042 SSD -1.3181912E+03 -6.0646851E+00 -1.3975895E+01 -2.4156036E-01  3.3656253E+00 -7.4560213E+01 
      1043      1.3811252E+02  2.1446211E-01  3.4836189E-01  6.0774784E-03  1.8968586E-01  5.2031860E+00 
      1043 SSD -1.9267447E+03 -5.8997849E+00 -1.1579746E+01 -2.4104630E-01  4.7469028E+00 -4.7824491E+01 
      1044      1.7850467E+02  2.2362577E-01  2.8791576E-01  6.0752362E-03  1.2564679E-01  3.0004101E+00 
      1044 SSD -2.2461167E+03 -5.8016032E+00 -9.1862481E+00 -2.4048423E-01  5.8595651E+00 -1.6052534E+01 
      1045      1.9328922E+02  2.3145664E-01  2.2779551E-01  6.0740423E-03 -2.4234843E-02 -3.4263430E-04 
      1045 SSD -2.3231027E+03 -5.7415267E+00 -6.7925789E+00 -2.4039231E-01  8.4652752E-01  6.5087870E-02 
      1046      1.7849328E+02  2.3919127E-01  1.6769451E-01  6.0765107E-03 -1.7156353E-01 -2.9998435E+00 
      1046 SSD -2.2449142E+03 -5.6786236E+00 -4.3991851E+00 -2.4071720E-01 -4.2686376E+00  1.6090612E+01 
      1047      1.3813602E+02  2.4808228E-01  1.0728963E-01  6.0866434E-03 -2.2782369E-01 -5.1945346E+00 
      1047 SSD -1.9257761E+03 -5.5720575E+00 -2.0052276E+00 -2.4163679E-01 -3.4723766E+00  4.7662122E+01 
      1048      8.2169658E+01  2.5907612E-01  4.6303814E-02  6.0919399E-03 -2.1918914E-01 -6.1671619E+00 
      1048 SSD -1.3194810E+03 -5.3935018E+00  3.9603501E-01 -2.4301943E-01 -2.6151576E+00  7.4233619E+01 
      1049      2.4853063E+01  2.7231049E-01 -1.5221982E-02  6.0050324E-03 -1.2306511E-01 -5.4566603E+00 
      1049 SSD -5.2178451E+02 -5.1372338E+00  2.8148774E+00 -2.5804413E-01 -2.0966007E+00  8.6863991E+01 
      1050      1.7868112E+02  2.9274738E-01  2.3534367E-01  6.0655575E-03  2.9863404E+00  1.4670268E-01 
      1050 SSD -2.2533491E+03 -8.1609861E+00 -6.7465630E+00 -2.4018301E-01 -1.5327916E+01  5.1434268E+00 
      1051      1.3837129E+02  3.5394725E-01  2.4405114E-01  6.0372470E-03  5.1960164E+00  1.9415445E-01 
      1051 SSD -1.9400131E+03 -1.0572943E+01 -6.6579413E+00 -2.3987603E-01 -4.7341958E+01  4.1102896E+00 
      1052      8.2307247E+01  4.1483071E-01  2.5482948E-01  5.9769969E-03  6.1851619E+00  1.7240466E-01 
      1052 SSD -1.3343495E+03 -1.2967586E+01 -6.5004701E+00 -2.3980788E-01 -7.4513963E+01  2.6572275E+00 
      1053      2.4859235E+01  4.7519615E-01  2.6771386E-01  5.9524781E-03  5.4694763E+00  6.7156050E-02 
      1053 SSD -5.3053698E+02 -1.5341634E+01 -6.2703013E+00 -2.5043943E-01 -8.7777630E+01  1.4776503E+00 
      1054      1.2509479E+02  3.4832299E-01  3.0221220E-01  6.0130256E-03  4.8427719E+00  2.3297283E+00 
      1054 SSD -1.8675663E+03 -1.0557215E+01 -9.0989256E+00 -2.4104106E-01 -4.7961936E+01 -1.8433566E+01 
      1055      9.3729827E+01  3.4157761E-01  3.5878997E-01  6.1094974E-03  3.8576788E+00  3.8957945E+00 
      1055 SSD -1.5514054E+03 -1.0578315E+01 -1.1606218E+01 -2.3961679E-01 -4.4070178E+01 -4.4563881E+01 
      1056      5.1871826E+01  3.3326052E-01  4.1614700E-01  6.2943769E-03  2.4677000E+00  4.5135691E+00 
      1056 SSD -1.0086506E+03 -1.0651744E+01 -1.4118029E+01 -2.3555084E-01 -3.4027749E+01 -6.4204578E+01 
      1057      1.0981448E+01  3.2370794E-01  4.7769569E-01  7.5540322E-03  9.8973550E-01  3.7829295E+00 
      1057 SSD -3.3701103E+02 -1.0770177E+01 -1.6552747E+01 -2.3889483E-01 -1.8662749E+01 -7.0987143E+01 
      1058      1.2489152E+02  2.7698920E-01  3.5326277E-01  6.1383166E-03  2.3183180E+00  4.8709436E+00 
      1058 SSD -1.8613868E+03 -8.2736713E+00 -1.1607655E+01 -2.3916028E-01 -1.7674637E+01 -4.8433661E+01 
      1059      1.6337003E+02  2.8551042E-01  2.9460393E-01  6.0737789E-03  2.8475144E+00  2.8671595E+00 
      1059 SSD -2.1919688E+03 -8.1982290E+00 -9.1609978E+00 -2.4022051E-01 -1.6880469E+01 -1.7639879E+01 
      1060      7.2513088E+01  2.6650831E-01  4.1252261E-01  6.2846088E-03  1.5323528E+00  5.7198670E+00 
      1060 SSD -1.2566534E+03 -8.4095981E+00 -1.4057427E+01 -2.3552540E-01 -1.4631518E+01 -7.3007454E+01 
      1061      2.0032810E+01  2.5431445E-01  4.7391506E-01  6.9717652E-03  6.3988837E-01  4.9294569E+00 
      1061 SSD -4.7923968E+02 -8.6028715E+00 -1.6463151E+01 -2.4134161E-01 -8.1801797E+00 -8.3753602E+01 
      1062      1.1694824E+01  4.6692360E-01  3.7288480E-01  4.4513676E-03  3.7703119E+00  9.9117405E-01 
      1062 SSD -3.3635511E+02 -1.5174532E+01 -1.1477357E+01 -2.6315093E-01 -7.1919278E+01 -1.9225347E+01 
      1063      5.2277640E+01  4.0635253E-01  3.6541823E-01  5.8494890E-03  4.4626904E+00  2.4959474E+00 
      1063 SSD -1.0117928E+03 -1.2859413E+01 -1.1562330E+01 -2.4458652E-01 -6.4047719E+01 -3.4467374E+01 
      1064      2.0606020E+01  4.7110848E-01  3.2233100E-01  5.1341267E-03  4.9372443E+00  5.9962091E-01 
      1064 SSD -4.8444960E+02 -1.5256645E+01 -8.7930162E+00 -2.6119709E-01 -8.4603798E+01 -8.9506946E+00 
      1065      7.2965918E+01  4.1094228E-01  3.1149115E-01  5.8361203E-03  5.6929685E+00  1.5175468E+00 
      1065 SSD -1.2656182E+03 -1.2897349E+01 -8.9773391E+00 -2.4413984E-01 -7.2917917E+01 -1.5331272E+01 
      1066     -1.0098196E+01  4.5905648E-01  4.8445920E-01  6.5386871E-03  8.5716075E-01  9.0852247E-01 
      1066 SSD  1.4204508E+02 -1.4955828E+01 -1.6862729E+01 -2.2804625E-01 -2.6403476E+01 -2.4630132E+01 
      1067      3.4273549E-01  4.6294809E-01  4.2421965E-01  4.8173745E-03  2.2656142E+00  1.1243460E+00 
      1067 SSD -1.0906284E+02 -1.5080198E+01 -1.4179253E+01 -2.4723737E-01 -5.1240821E+01 -2.5451664E+01 
      1068     -1.0130472E-01  3.9686751E-01  4.8081290E-01  7.5207487E-03  1.0735277E+00  2.3009962E+00 
      1068 SSD -1.1439583E+02 -1.2935418E+01 -1.6669235E+01 -2.4093137E-01 -2.4895487E+01 -4.9828021E+01 
      1069      2.5350767E+01  4.0124012E-01  4.2018224E-01  6.0137233E-03  2.7801882E+00  2.8419068E+00 
      1069 SSD -6.0003661E+02 -1.2868027E+01 -1.4159119E+01 -2.4086021E-01 -4.7261080E+01 -4.7421735E+01 
      1070      1.7004634E+01  3.8201912E-01 -6.9868505E-03  4.8938336E-03  9.4604360E-01 -4.2468747E+00 
      1070 SSD -3.1867883E+02 -1.0419156E+01  2.5693016E+00 -2.5833150E-01 -2.0673413E+01  6.9557092E+01 
      1071      6.0929155E+01  3.7365195E-01  5.5086189E-02  5.9473737E-03  2.3811739E+00 -4.6019397E+00 
      1071 SSD -9.7013570E+02 -1.0549346E+01  2.2697883E-01 -2.4439834E-01 -3.4086933E+01  6.3354294E+01 
      1072      1.0203613E+02  3.6585007E-01  1.1959641E-01  6.0894899E-03  3.7832495E+00 -3.7681409E+00 
      1072 SSD -1.4907683E+03 -1.0596133E+01 -2.0348729E+00 -2.3919867E-01 -4.3195728E+01  4.4014340E+01 
      1073      1.3010796E+02  3.5948387E-01  1.8298601E-01  6.0871714E-03  4.8155552E+00 -2.0288881E+00 
      1073 SSD -1.8099474E+03 -1.0596544E+01 -4.3075844E+00 -2.3834560E-01 -4.5925063E+01  2.2598871E+01 
      1074      7.8137634E+01  3.1787043E-01  5.0215548E-02  5.9873140E-03  1.2162934E+00 -5.7771964E+00 
      1074 SSD -1.2210976E+03 -7.9133556E+00  3.0109593E-01 -2.4626733E-01 -1.8591932E+01  7.1159801E+01 
      1075      2.3793498E+01  3.2962850E-01 -1.0927214E-02  5.1824274E-03  4.5902326E-01 -5.2213766E+00 
      1075 SSD -4.6551700E+02 -7.6930081E+00  2.7031254E+00 -2.6290789E-01 -1.1522953E+01  8.2204654E+01 
      1076      1.3011785E+02  3.0797893E-01  1.1285048E-01  6.0621948E-03  2.0151189E+00 -4.8009740E+00 
      1076 SSD -1.8021368E+03 -8.0530813E+00 -2.0399152E+00 -2.4183961E-01 -2.1850733E+01  4.6660643E+01 
      1077      1.6665276E+02  2.9986402E-01  1.7473799E-01  6.0734006E-03  2.6612089E+00 -2.6735593E+00 
      1077 SSD -2.1291760E+03 -8.1256337E+00 -4.3758961E+00 -2.4022966E-01 -1.9727114E+01  2.0546530E+01 
      1078      5.6004106E+00  4.9104904E-01  6.5310746E-02  7.1747940E-03  2.7943380E+00 -1.1738462E+00 
      1078 SSD -1.2367902E+02 -1.5722975E+01  2.9211229E-01 -2.1934099E-01 -4.9158932E+01  2.5112123E+01 
      1079      3.4562955E+01  4.2835475E-01  6.1340656E-02  6.2190119E-03  2.9790332E+00 -2.9320243E+00 
      1079 SSD -5.8650001E+02 -1.3200015E+01  2.0906949E-01 -2.3624706E-01 -4.5699305E+01  4.7393656E+01 
      1080     -6.5207632E+00  4.9787019E-01  3.2327677E-03  5.9428419E-03  1.1768532E+00 -1.1116486E+00 
      1080 SSD  1.3154289E+02 -1.5966566E+01  2.3222832E+00 -1.9670748E-01 -2.3394430E+01  2.6504421E+01 
      1081      6.0202441E+00  4.3198795E-01  5.0374888E-04  5.0154581E-03  1.2059244E+00 -2.7657489E+00 
      1081 SSD -1.0613318E+02 -1.3237204E+01  2.3939353E+00 -2.3008379E-01 -2.4156092E+01  5.0638033E+01 
      1082      1.6411831E+01  4.8378260E-01  1.3720293E-01  7.4293663E-03  4.2626302E+00 -9.4308483E-01 
      1082 SSD -3.3785304E+02 -1.5541963E+01 -1.8206636E+00 -2.2594698E-01 -6.9556048E+01  2.0041542E+01 
      1083      6.0633450E+01  4.2303566E-01  1.2810102E-01  6.2866634E-03  4.6453197E+00 -2.3656700E+00 
      1083 SSD -9.8148609E+02 -1.3126559E+01 -1.9633103E+00 -2.3267082E-01 -6.1943091E+01  3.4788879E+01 
      1084      2.3376112E+01  4.7957033E-01  2.0520062E-01  6.8230815E-03  5.2295120E+00 -4.9676781E-01 
      1084 SSD -4.7960592E+02 -1.5436519E+01 -3.9533020E+00 -2.3696143E-01 -8.2668586E+01  1.0824414E+01 
      1085      7.7904406E+01  4.1867583E-01  1.9319827E-01  6.1721218E-03  5.8068923E+00 -1.2446079E+00 
      1085 SSD -1.2355553E+03 -1.3050334E+01 -4.1675486E+00 -2.3452272E-01 -7.0703417E+01  1.8683914E+01 
      1086      2.4350981E+01 -1.1774619E-02  1.8682554E-01  6.2092015E-03 -5.4237889E+00 -7.3824149E-02 
      1086 SSD -5.1007967E+02  3.8532883E+00 -7.2804793E+00 -2.4543624E-01  8.6322572E+01 -1.0910842E+00 
      1087      8.1513912E+01  4.8494733E-02  2.0011095E-01  6.0629953E-03 -6.1727164E+00 -1.8111616E-01 
      1087 SSD -1.3053923E+03  1.4762961E+00 -7.0619505E+00 -2.3904478E-01  7.4202782E+01 -2.2565157E+00 
      1088      1.3762576E+02  1.0915533E-01  2.1123744E-01  6.0477855E-03 -5.2168957E+00 -2.0117258E-01 
      1088 SSD -1.9134861E+03 -9.1498587E-01 -6.9159285E+00 -2.4022235E-01  4.8122119E+01 -3.8068198E+00 
      1089      1.7824147E+02  1.7020569E-01  2.2017007E-01  6.0798493E-03 -3.0276748E+00 -1.4916704E-01 
      1089 SSD -2.2378829E+03 -3.3235955E+00 -6.8354931E+00 -2.4007203E-01  1.6792136E+01 -4.9677298E+00 
      1090      7.7241941E+01  4.4923560E-02  2.6238450E-01  6.2452501E-03 -5.7956461E+00  1.2253596E+00 
      1090 SSD -1.2116143E+03  1.5498930E+00 -9.4097478E+00 -2.3430556E-01  7.0361161E+01 -1.8038615E+01 
      1091      6.0157990E+01  4.0692174E-02  3.2833520E-01  6.3561572E-03 -4.6327337E+00  2.3451044E+00 
      1091 SSD -9.6488113E+02  1.6150247E+00 -1.1629521E+01 -2.3466494E-01  6.1604239E+01 -3.3892572E+01 
      1092      3.4275464E+01  3.5423488E-02  3.9551126E-01  6.2110849E-03 -2.9642711E+00  2.9129252E+00 
      1092 SSD -5.7769291E+02  1.6750341E+00 -1.3816074E+01 -2.3981274E-01  4.5292551E+01 -4.6641294E+01 
      1093      5.9076128E+00  3.1571467E-02  4.5642713E-01  5.3444509E-03 -1.1938176E+00  2.7468978E+00 
      1093 SSD -1.0382251E+02  1.7001221E+00 -1.6004486E+01 -2.4317610E-01  2.3857450E+01 -5.0003954E+01 
      1094      1.6133562E+01 -2.0217039E-02  3.1944238E-01  7.4834924E-03 -4.2322628E+00  9.2765679E-01 
      1094 SSD -3.2764980E+02  4.0477526E+00 -1.1765966E+01 -2.2708943E-01  6.8506222E+01 -1.9333522E+01 
      1095      2.2963266E+01 -1.5911406E-02  2.5016459E-01  7.0383601E-03 -5.1882983E+00  4.8301952E-01 
      1095 SSD -4.6337280E+02  3.9446686E+00 -9.6173135E+00 -2.3262159E-01  8.1410502E+01 -1.0256757E+01 
      1096      5.4640274E+00 -2.7275932E-02  3.9223719E-01  6.9530548E-03 -2.7768261E+00  1.1573864E+00 
      1096 SSD -1.1957346E+02  4.2143428E+00 -1.3908113E+01 -2.2072029E-01  4.8528171E+01 -2.4512102E+01 
      1097     -6.5248151E+00 -3.5317188E-02  4.5584580E-01  5.3957262E-03 -1.1662461E+00  1.1004056E+00 
      1097 SSD  1.3098561E+02  4.4669313E+00 -1.5981092E+01 -2.0013364E-01  2.3112629E+01 -2.6107787E+01 
      1098      1.2978167E+02  1.5489865E-01  3.4309558E-01  6.0514876E-03 -2.0408480E+00  4.7978102E+00 
      1098 SSD -1.7922342E+03 -3.4353792E+00 -1.1551839E+01 -2.4171426E-01  2.2791140E+01 -4.6372618E+01 
      1099      1.0153776E+02  9.7373055E-02  3.3663591E-01  6.0890196E-03 -3.7897127E+00  3.7538047E+00 
      1099 SSD -1.4744074E+03 -9.0396290E-01 -1.1560642E+01 -2.3914180E-01  4.3529251E+01 -4.3346116E+01 
      1100      1.6626417E+02  1.6315764E-01  2.8099077E-01  6.0814957E-03 -2.6970128E+00  2.6673508E+00 
      1100 SSD -2.1162543E+03 -3.3631417E+00 -9.2116137E+00 -2.4001057E-01  2.1020117E+01 -2.0265614E+01 
      1101      1.2946927E+02  1.0380145E-01  2.7274636E-01  6.0979967E-03 -4.8303375E+00  2.0147647E+00 
      1101 SSD -1.7875977E+03 -8.9931906E-01 -9.2772119E+00 -2.3863137E-01  4.6543105E+01 -2.2064596E+01 
      1102      2.3548952E+01  1.3253941E-01  4.6671555E-01  5.0854442E-03 -4.5834983E-01  5.2087637E+00 
      1102 SSD -4.6073091E+02 -3.7821451E+00 -1.6275282E+01 -2.6169572E-01  1.1537289E+01 -8.1813884E+01 
      1103      7.7830505E+01  1.4470260E-01  4.0576030E-01  5.9360782E-03 -1.2283934E+00  5.7746567E+00 
      1103 SSD -1.2136989E+03 -3.5710208E+00 -1.3891546E+01 -2.4616293E-01  1.9039423E+01 -7.0942096E+01 
      1104      1.6795283E+01  8.0278112E-02  4.6346409E-01  4.8132321E-03 -9.3518274E-01  4.2287702E+00 
      1104 SSD -3.1430953E+02 -1.0693641E+00 -1.6174210E+01 -2.5598215E-01  2.0444893E+01 -6.8959674E+01 
      1105      6.0568687E+01  8.9262024E-02  4.0137158E-01  5.9223849E-03 -2.3783592E+00  4.5869478E+00 
      1105 SSD -9.6001374E+02 -9.4935701E-01 -1.3829587E+01 -2.4352086E-01  3.4129593E+01 -6.2706096E+01 
      1106     -1.4640956E-01  6.4732681E-02 -2.6458237E-02  7.6533248E-03 -1.0807231E+00 -2.2732501E+00 
      1106 SSD -1.1000192E+02  1.4962066E+00  3.1374943E+00 -2.3669478E-01  2.5073388E+01  4.8807174E+01 
      1107      2.4977389E+01  6.0695346E-02  3.3830181E-02  6.1149736E-03 -2.7769012E+00 -2.8002387E+00 
      1107 SSD -5.8437131E+02  1.4154064E+00  6.2472783E-01 -2.3882624E-01  4.7234498E+01  4.6061848E+01 
      1108      5.1576222E+01  5.6090534E-02  8.8637637E-02  5.8756565E-03 -4.4525655E+00 -2.4706031E+00 
      1108 SSD -9.8543027E+02  1.3918390E+00 -1.9776503E+00 -2.4439726E-01  6.3855228E+01  3.3622831E+01 
      1109      7.2136507E+01  5.2000137E-02  1.4288613E-01  5.8827739E-03 -5.6809074E+00 -1.5167699E+00 
      1109 SSD -1.2349426E+03  1.4168800E+00 -4.5728825E+00 -2.4348666E-01  7.2684868E+01  1.5291846E+01 
      1110      1.0814291E-01 -1.1856404E-03  2.9063019E-02  4.6707345E-03 -2.2434646E+00 -1.1002594E+00 
      1110 SSD -9.7455620E+01  3.6244165E+00  6.6175562E-01 -2.4689567E-01  5.0555898E+01  2.4563380E+01 
      1111     -1.0123730E+01  1.6612113E-03 -3.0636387E-02  6.4494092E-03 -8.5254180E-01 -8.8652184E-01 
      1111 SSD  1.4586068E+02  3.5392676E+00  3.3527987E+00 -2.3543450E-01  2.6307486E+01  2.3793015E+01 
      1112      1.1254311E+01 -4.4059653E-03  8.0434083E-02  4.7221737E-03 -3.7284952E+00 -9.7440902E-01 
      1112 SSD -3.1756816E+02  3.6996887E+00 -2.0458574E+00 -2.5887670E-01  7.0623052E+01  1.8652012E+01 
      1113      2.0074955E+01 -8.0040636E-03  1.3142944E-01  5.2946041E-03 -4.8885425E+00 -5.9955451E-01 
      1113 SSD -4.6252654E+02  3.7734163E+00 -4.7435725E+00 -2.5654195E-01  8.3052489E+01  8.9338144E+00 
      1114      7.2393601E+01  1.9499984E-01  4.2684853E-02  6.2714651E-03 -1.5583809E+00 -5.6896516E+00 
      1114 SSD -1.2501592E+03 -3.0277429E+00  4.9034234E-01 -2.3760065E-01  1.5470307E+01  7.2095645E+01 
      1115      5.1551172E+01  1.2811696E-01  3.8520598E-02  6.3623323E-03 -2.4847403E+00 -4.4706521E+00 
      1115 SSD -9.9535287E+02 -7.8649578E-01  5.6711393E-01 -2.3359777E-01  3.4628051E+01  6.2871354E+01 
      1116      2.0146521E+01  2.0636774E-01 -1.8908874E-02  6.9374997E-03 -6.4794974E-01 -4.9120327E+00 
      1116 SSD -4.8006154E+02 -2.8066878E+00  2.9055131E+00 -2.4483571E-01  8.4655568E+00  8.3185027E+01 
      1117      1.1005295E+01  1.3684822E-01 -2.2570392E-02  7.6966490E-03 -1.0005332E+00 -3.7541055E+00 
      1117 SSD -3.3471463E+02 -6.4429129E-01  3.0008783E+00 -2.3421692E-01  1.9019159E+01  7.0040113E+01 
      1118      1.6292531E+02  1.7716439E-01  1.6074518E-01  6.0828559E-03 -2.8903949E+00 -2.8638705E+00 
      1118 SSD -2.1757838E+03 -3.2769213E+00 -4.4163987E+00 -2.4044645E-01  1.8365977E+01  1.7541325E+01 
      1119      1.2454122E+02  1.8519703E-01  1.0200383E-01  6.1360734E-03 -2.3574081E+00 -4.8526154E+00 
      1119 SSD -1.8479812E+03 -3.1859944E+00 -1.9653077E+00 -2.4006187E-01  1.8965783E+01  4.7882917E+01 
      1120      1.2432341E+02  1.1440260E-01  1.5271037E-01  6.0205039E-03 -4.8667523E+00 -2.3276841E+00 
      1120 SSD -1.8399319E+03 -9.1883670E-01 -4.4658158E+00 -2.4133185E-01  4.8832930E+01  1.8323409E+01 
      1121      9.3082899E+01  1.2056776E-01  9.5919699E-02  6.1083445E-03 -3.8805570E+00 -3.8708041E+00 
      1121 SSD -1.5278898E+03 -8.8132962E-01 -1.9506900E+00 -2.3978153E-01  4.4895158E+01  4.3769200E+01 

