      NODE            V1             V2             V3             VR1            VR2            VR3
      1001     -1.0597730E+01 -8.7204494E-02  2.0267423E-01 -2.9500366E-02  8.9723964E-02 -1.4298730E-01 
      1001 SSD  2.6630477E+02  5.5964930E+00 -1.6224556E+01 -2.2201742E+00 -3.6467159E+00  2.9256486E+00 
      1002     -1.0563792E+01 -1.2385915E-01  1.8456549E-01  1.3567321E-01  1.2926144E-01  5.0432437E-01 
      1002 SSD  2.6566069E+02  4.3564443E+00 -1.6291241E+01 -3.9201773E+00  2.0009283E+00 -9.3176060E+00 
      1003     -1.0538897E+01 -6.7022019E-02  1.8379602E-01  8.4539434E-02  7.4322138E-02  1.1369710E+00 
      1003 SSD  2.6487931E+02  1.3234890E+00 -1.6567101E+01 -7.3939412E-01  1.1338794E+00 -3.2126994E+01 
      1004     -1.0499754E+01 -8.0351667E-02  1.8074093E-01  1.1502215E-01  3.6280326E-02  1.6402982E+00 
      1004 SSD  2.6519413E+02 -1.2645278E+00 -1.6585405E+01  3.4935427E-01  1.9664188E+00 -5.2845119E+01 
      1005     -1.0479414E+01 -6.9715901E-02  1.8423855E-01  7.7858742E-02 -3.1795510E-02  1.8904769E+00 
      1005 SSD  2.6524137E+02 -3.8939521E+00 -1.6580610E+01  1.0509720E+00  1.0380826E+00 -6.7252792E+01 
      1006     -1.0473220E+01 -4.8651445E-02  1.9138762E-01  2.7502933E-02 -8.4676863E-02  1.8526094E+00 
      1006 SSD  2.6552095E+02 -6.1510752E+00 -1.6489394E+01  1.2653125E+00  6.7537390E-01 -7.3006972E+01 
      1007     -1.0495440E+01 -9.6424122E-03  1.9816730E-01 -3.8469071E-02 -1.0873191E-01  1.5472722E+00 
      1007 SSD  2.6562860E+02 -8.0574948E+00 -1.6410687E+01  9.7107265E-01  3.6061921E-01 -6.9553678E+01 
      1008     -1.0535982E+01  3.6738630E-02  2.0099712E-01 -9.1150883E-02 -1.1129678E-01  1.0689496E+00 
      1008 SSD  2.6596537E+02 -9.7549555E+00 -1.6363813E+01  9.1526548E-01 -3.9381745E-01 -5.6143241E+01 
      1009     -1.0597156E+01  9.8150099E-02  1.9857882E-01 -1.0007212E-01 -6.8951620E-02  5.6660471E-01 
      1009 SSD  2.6603753E+02 -1.1592238E+01 -1.6484895E+01  1.2542875E-01 -7.8842113E-02 -3.5294127E+01 
      1010     -1.0610589E+01  1.3975801E-01  1.9490191E-01 -1.2970094E-01 -6.6288317E-03  1.5577141E-01 
      1010 SSD  2.6771249E+02 -1.2927133E+01 -1.6507177E+01  3.9888863E-01 -2.3286513E+00 -1.1954663E+01 
      1011     -1.0680566E+01  1.7665798E-01  1.7846230E-01 -2.2289232E-02 -1.3708113E-02  2.9850610E-02 
      1011 SSD  2.6740264E+02 -1.5178718E+01 -1.6940714E+01 -2.8724538E+00  6.2129836E-01  2.7840009E+00 
      1012     -1.0618718E+01  1.5779060E-01 -1.3005894E-01 -1.6875240E-02 -8.7114135E-02  1.4269739E-01 
      1012 SSD  2.6974827E+02 -1.5567992E+01  4.1309036E+00 -2.1950131E+00  3.8905779E+00 -2.6578065E+00 
      1013     -1.0568044E+01  1.9166308E-01 -1.1074978E-01  1.1865650E-01 -1.2882180E-01 -5.0076244E-01 
      1013 SSD  2.6882709E+02 -1.4421891E+01  4.2000558E+00 -3.4594996E+00 -2.1381645E+00  9.3768545E+00 
      1014     -1.0528352E+01  1.3960224E-01 -1.0817037E-01  8.6001313E-02 -7.1445939E-02 -1.1313093E+00 
      1014 SSD  2.6778725E+02 -1.1522648E+01  4.4483060E+00 -9.4635430E-01 -1.1920327E+00  3.2666652E+01 
      1015     -1.0473620E+01  1.4956015E-01 -1.0480987E-01  1.1608326E-01 -3.3968178E-02 -1.6366808E+00 
      1015 SSD  2.6789380E+02 -8.7771028E+00  4.4729442E+00  4.7243175E-01 -2.0759751E+00  5.3749293E+01 
      1016     -1.0437934E+01  1.3891133E-01 -1.0825974E-01  7.4227563E-02  3.2735429E-02 -1.8817103E+00 
      1016 SSD  2.6769873E+02 -6.1804428E+00  4.4546458E+00  1.0639548E+00 -1.1477610E+00  6.8380668E+01 
      1017     -1.0415371E+01  1.2064897E-01 -1.1500816E-01  2.3614677E-02  8.7006620E-02 -1.8340535E+00 
      1017 SSD  2.6776034E+02 -3.8525146E+00  4.3644815E+00  1.2000471E+00 -7.6568234E-01  7.4243444E+01 
      1018     -1.0422718E+01  8.0055667E-02 -1.2145144E-01 -3.2303601E-02  1.0979166E-01 -1.5280429E+00 
      1018 SSD  2.6765681E+02 -1.8787037E+00  4.2986906E+00  9.9262621E-01 -3.8890831E-01  7.0660865E+01 
      1019     -1.0448316E+01  3.1139554E-02 -1.2450992E-01 -9.4703765E-02  1.0944710E-01 -1.0475538E+00 
      1019 SSD  2.6779820E+02 -2.0109415E-01  4.2559028E+00  1.0332799E+00  4.5747466E-01  5.6850080E+01 
      1020     -1.0492198E+01 -2.5064505E-02 -1.2112440E-01 -1.0752163E-01  7.0616093E-02 -5.4200626E-01 
      1020 SSD  2.6759085E+02  1.5598603E+00  4.3704158E+00  1.8305579E-01  6.7609564E-02  3.5559936E+01 
      1021     -1.0488767E+01 -6.8515896E-02 -1.1630707E-01 -1.1591406E-01  1.0906757E-02 -1.4849226E-01 
      1021 SSD  2.6909775E+02  3.0183965E+00  4.3841507E+00  1.5894881E-01  2.5449540E+00  1.2056175E+01 
      1022     -1.0543005E+01 -1.0756933E-01 -9.9763984E-02 -2.7853292E-02  1.2683309E-02 -2.9039466E-02 
      1022 SSD  2.6842949E+02  5.0478306E+00  4.7759156E+00 -2.5186118E+00 -3.4557017E-01 -3.1730709E+00 
      1023     -1.0527326E+01 -1.0390084E-01 -8.3785526E-02  3.4071169E-02 -2.2151949E-01 -4.5895730E-02 
      1023 SSD  2.6739348E+02  5.2963448E+00  3.2036849E+00 -2.8777436E+00  9.3591915E+00  4.8883960E-01 
      1024     -1.0493182E+01 -1.0293706E-01 -6.8289777E-02  1.1542209E-01 -7.4141228E-01  6.7950454E-02 
      1024 SSD  2.6678902E+02  5.4257042E+00  3.9464980E-01 -8.4636568E-01  3.0497123E+01  6.7639754E-01 
      1025     -1.0456251E+01 -1.0342033E-01 -6.4039020E-02  1.3039252E-01 -1.2795271E+00  1.2060657E-01 
      1025 SSD  2.6640641E+02  5.4819555E+00 -2.1577320E+00  2.4196532E-01  5.1556386E+01  5.9567494E-01 
      1026     -1.0424050E+01 -1.0744305E-01 -5.8850657E-02  1.0437473E-01 -1.6783444E+00  1.3782858E-01 
      1026 SSD  2.6615978E+02  5.4393490E+00 -4.7587985E+00  1.0346725E+00  6.6152416E+01  3.5321714E-02 
      1027     -1.0414288E+01 -1.1401964E-01 -4.2236279E-02  4.9147534E-02 -1.8556413E+00  1.0623805E-01 
      1027 SSD  2.6601034E+02  5.3461688E+00 -7.1003401E+00  1.2610943E+00  7.1574541E+01 -3.5208988E-01 
      1028     -1.0423736E+01 -1.2045247E-01 -8.2436987E-03 -1.5337003E-02 -1.7668537E+00  4.6158604E-02 
      1028 SSD  2.6572679E+02  5.2832962E+00 -9.1077316E+00  9.2069393E-01  6.8159753E+01 -7.1185592E-01 
      1029     -1.0455058E+01 -1.2319585E-01  3.8815213E-02 -8.5502065E-02 -1.4138387E+00 -1.6645510E-02 
      1029 SSD  2.6563071E+02  5.2659301E+00 -1.0785974E+01  7.3023137E-01  5.6161138E+01 -1.5710940E+00 
      1030     -1.0507369E+01 -1.1839569E-01  1.0060471E-01 -1.1170972E-01 -8.9787481E-01 -8.0371227E-02 
      1030 SSD  2.6538766E+02  5.3391484E+00 -1.2457522E+01  5.4732229E-03  3.7382992E+01 -9.4886579E-01 
      1031     -1.0540482E+01 -1.1255723E-01  1.3219342E-01 -1.6113410E-01 -3.1830449E-01 -1.2609836E-01 
      1031 SSD  2.6620908E+02  5.4036913E+00 -1.3969264E+01  6.2350695E-01  1.3746789E+01 -2.1957042E+00 
      1032     -1.0651849E+01  1.7483685E-01  1.6301326E-01  3.4913457E-02  2.2667144E-01  4.7402931E-02 
      1032 SSD  2.6687498E+02 -1.5357737E+01 -1.5204522E+01 -2.8102019E+00 -9.7953335E+00 -5.9472292E-01 
      1033     -1.0605431E+01  1.7330327E-01  1.4529452E-01  1.1698455E-01  7.5075334E-01 -6.8221709E-02 
      1033 SSD  2.6665337E+02 -1.5474388E+01 -1.2455561E+01 -8.6399750E-01 -3.1946905E+01 -6.9251936E-01 
      1034     -1.0556126E+01  1.7344480E-01  1.4150890E-01  1.3143624E-01  1.2923923E+00 -1.2027299E-01 
      1034 SSD  2.6670409E+02 -1.5524314E+01 -9.9025799E+00  2.8290149E-01 -5.3959940E+01 -5.7629995E-01 
      1035     -1.0512990E+01  1.7703231E-01  1.3653893E-01  1.0402758E-01  1.6882314E+00 -1.3928016E-01 
      1035 SSD  2.6687553E+02 -1.5487189E+01 -7.3200805E+00  1.0855109E+00 -6.9036225E+01  4.9494482E-02 
      1036     -1.0491012E+01  1.8368388E-01  1.2090274E-01  4.8161134E-02  1.8608290E+00 -1.0199659E-01 
      1036 SSD  2.6717899E+02 -1.5395639E+01 -4.9860629E+00  1.3107718E+00 -7.4378860E+01  4.6099785E-01 
      1037     -1.0492186E+01  1.8976075E-01  8.6519009E-02 -1.6984051E-02  1.7648671E+00 -4.8819687E-02 
      1037 SSD  2.6729164E+02 -1.5338900E+01 -3.0109655E+00  9.3135829E-01 -7.0526214E+01  7.7789585E-01 
      1038     -1.0512470E+01  1.9323794E-01  4.1242866E-02 -8.7398743E-02  1.4113300E+00  2.2244311E-02 
      1038 SSD  2.6770651E+02 -1.5308325E+01 -1.3365864E+00  7.3934727E-01 -5.7663878E+01  1.8974588E+00 
      1039     -1.0549811E+01  1.8905426E-01 -2.1119963E-02 -1.0994647E-01  9.0132800E-01  8.7186272E-02 
      1039 SSD  2.6796467E+02 -1.5375920E+01  3.1014068E-01 -2.8286519E-02 -3.8097337E+01  1.0395418E+00 
      1040     -1.0569398E+01  1.8452849E-01 -4.8233456E-02 -1.6684531E-01  3.1719540E-01  1.2539156E-01 
      1040 SSD  2.6911363E+02 -1.5459494E+01  1.7466746E+00  5.4154639E-01 -1.4017068E+01  2.1424739E+00 
      1041      2.3232043E+01 -2.5056335E-02  1.5709491E-01  2.5501834E-03  1.7400414E-01  4.9929259E+00 
      1041 SSD -3.9972995E+02 -5.8051147E+00 -1.4449494E+01 -2.2546041E-01  2.8166514E+00 -6.1622195E+01 
      1042      7.7213838E+01 -4.5869595E-03  1.2707899E-01  2.9004365E-03  2.6819960E-01  5.9532196E+00 
      1042 SSD -9.3251315E+02 -5.4960103E+00 -1.2352171E+01 -2.1162840E-01  4.2637746E+00 -4.5716748E+01 
      1043      1.3158823E+02  1.1946642E-02  9.7285597E-02  2.9320014E-03  2.5396405E-01  5.0926671E+00 
      1043 SSD -1.2798839E+03 -5.2726747E+00 -1.0257063E+01 -2.1101387E-01  5.5628015E+00 -2.3640055E+01 
      1044      1.7117432E+02  2.4746223E-02  6.8081033E-02  2.9389559E-03  1.6919036E-01  2.9532283E+00 
      1044 SSD -1.4123828E+03 -5.1275335E+00 -8.1622020E+00 -2.1045422E-01  6.3462571E+00 -2.2775608E+00 
      1045      1.8566116E+02  3.5353691E-02  3.9261580E-02  2.9397250E-03 -1.0237646E-02 -1.2246632E-02 
      1045 SSD -1.4216520E+03 -5.0273411E+00 -6.0657367E+00 -2.1036028E-01  7.5500105E-01  3.2568898E-02 
      1046      1.7094643E+02  4.5937139E-02  1.0423032E-02  2.9374808E-03 -1.8951057E-01 -2.9742135E+00 
      1046 SSD -1.4117951E+03 -4.9246676E+00 -3.9695621E+00 -2.1067419E-01 -4.9300392E+00  2.2639479E+00 
      1047      1.3123023E+02  5.8678735E-02 -1.8823624E-02  2.9330998E-03 -2.7330546E-01 -5.0971328E+00 
      1047 SSD -1.2797869E+03 -4.7721186E+00 -1.8743280E+00 -2.1155313E-01 -4.4366412E+00  2.3485855E+01 
      1048      7.6898340E+01  7.5198301E-02 -4.8725498E-02  2.9120408E-03 -2.8281791E-01 -5.9392707E+00 
      1048 SSD -9.3431662E+02 -4.5364040E+00  2.2522334E-01 -2.1292317E-01 -3.6088738E+00  4.5459365E+01 
      1049      2.3092515E+01  9.5744167E-02 -7.9001507E-02  2.5255529E-03 -1.8126222E-01 -4.9718877E+00 
      1049 SSD -4.0297384E+02 -4.2111714E+00  2.3396058E+00 -2.2875024E-01 -2.6901368E+00  6.1626090E+01 
      1050      1.7110393E+02  6.5148582E-02  4.9286693E-02  2.9349576E-03  2.9642873E+00  1.6619086E-01 
      1050 SSD -1.4192430E+03 -7.1438138E+00 -5.9811351E+00 -2.1018581E-01 -1.5782346E+00  5.6788387E+00 
      1051      1.3138987E+02  9.5009016E-02  6.1449962E-02  2.9078781E-03  5.1021802E+00  2.3535387E-01 
      1051 SSD -1.2926843E+03 -9.2531367E+00 -5.8476734E+00 -2.1000755E-01 -2.3170489E+01  4.9087324E+00 
      1052      7.6925231E+01  1.2480389E-01  7.7284074E-02  2.8365935E-03  5.9592946E+00  2.1882356E-01 
      1052 SSD -9.4820826E+02 -1.1346656E+01 -5.6342916E+00 -2.1022878E-01 -4.5662739E+01  3.4233269E+00 
      1053      2.3017075E+01  1.5429374E-01  9.6841298E-02  2.5950354E-03  4.9789765E+00  9.6090068E-02 
      1053 SSD -4.1144848E+02 -1.3422214E+01 -5.3370211E+00 -2.2131996E-01 -6.2453612E+01  1.8007669E+00 
      1054      1.1808108E+02  8.8350559E-02  8.7155785E-02  2.8596147E-03  4.7487927E+00  2.2925029E+00 
      1054 SSD -1.2809846E+03 -9.2656232E+00 -8.0013291E+00 -2.1130840E-01 -2.5370292E+01 -7.6967675E+00 
      1055      8.7551748E+01  7.9724170E-02  1.0975673E-01  2.9987373E-03  3.7406301E+00  3.7649216E+00 
      1055 SSD -1.1104472E+03 -9.3206930E+00 -1.0230406E+01 -2.0939310E-01 -2.6051680E+01 -2.6399608E+01 
      1056      4.7637968E+01  6.8247747E-02  1.3314678E-01  3.2907883E-03  2.3244473E+00  4.2576932E+00 
      1056 SSD -7.6304212E+02 -9.4366053E+00 -1.2460681E+01 -2.0436016E-01 -2.2529717E+01 -4.3114439E+01 
      1057      1.0347757E+01  5.4349072E-02  1.6286115E-01  4.7158218E-03  8.5449912E-01  3.3257809E+00 
      1057 SSD -2.8149716E+02 -9.6047351E+00 -1.4592595E+01 -2.0171750E-01 -1.4112760E+01 -5.3482143E+01 
      1058      1.1808351E+02  4.3943372E-02  1.0291533E-01  3.0363407E-03  2.3075723E+00  4.7622469E+00 
      1058 SSD -1.2753981E+03 -7.3370336E+00 -1.0260120E+01 -2.0880701E-01 -6.9501554E+00 -2.5740503E+01 
      1059      1.5584839E+02  5.5641777E-02  7.6750383E-02  2.9432267E-03  2.8408818E+00  2.8348405E+00 
      1059 SSD -1.4275969E+03 -7.2179687E+00 -8.1027205E+00 -2.1018847E-01 -3.7472882E+00 -4.4592760E+00 
      1060      6.7448945E+01  2.8805472E-02  1.2975460E-01  3.2671654E-03  1.5061021E+00  5.4828658E+00 
      1060 SSD -9.1507093E+02 -7.5271639E+00 -1.2417828E+01 -2.0442846E-01 -7.5439438E+00 -4.6275011E+01 
      1061      1.8559222E+01  1.0471473E-02  1.5988994E-01  3.9327090E-03  6.0224331E-01  4.4484336E+00 
      1061 SSD -3.8197473E+02 -7.7844298E+00 -1.4520574E+01 -2.0725207E-01 -5.2403788E+00 -6.0893772E+01 
      1062      1.1122556E+01  1.4713484E-01  1.2954055E-01  6.0258427E-04  3.2911744E+00  8.3774504E-01 
      1062 SSD -2.7767051E+02 -1.3294696E+01 -1.0027019E+01 -2.4161180E-01 -5.4475085E+01 -1.4689571E+01 
      1063      4.7983044E+01  1.1626272E-01  1.1871286E-01  2.6051023E-03  4.2048396E+00  2.3387022E+00 
      1063 SSD -7.6445668E+02 -1.1279463E+01 -1.0151855E+01 -2.1573325E-01 -4.3191701E+01 -2.2867205E+01 
      1064      1.8981290E+01  1.5070844E-01  1.1714882E-01  1.4747047E-03  4.4339097E+00  5.3156241E-01 
      1064 SSD -3.8487320E+02 -1.3356992E+01 -7.5892813E+00 -2.3615595E-01 -6.1723394E+01 -6.2207240E+00 
      1065      6.7625996E+01  1.2118630E-01  1.0063053E-01  2.5973747E-03  5.4548944E+00  1.4626573E+00 
      1065 SSD -9.2239750E+02 -1.1295282E+01 -7.8311451E+00 -2.1531434E-01 -4.6315118E+01 -8.3474891E+00 
      1066     -6.7192100E+00  1.4146408E-01  1.6568834E-01  3.7104518E-03  5.8264646E-01  6.7319377E-01 
      1066 SSD  1.0138033E+02 -1.3112737E+01 -1.4873297E+01 -1.9573808E-01 -2.2580721E+01 -2.0558493E+01 
      1067      1.5192825E+00  1.4398863E-01  1.4226147E-01  1.2955953E-03  1.8539092E+00  9.0829966E-01 
      1067 SSD -1.0240947E+02 -1.3219282E+01 -1.2479372E+01 -2.2370361E-01 -4.0844625E+01 -2.0330829E+01 
      1068      9.2349558E-01  1.0347732E-01  1.6462460E-01  4.6735540E-03  8.6242945E-01  1.9202542E+00 
      1068 SSD -1.0978691E+02 -1.1401252E+01 -1.4695173E+01 -2.0396403E-01 -2.0002348E+01 -3.9267031E+01 
      1069      2.3132390E+01  1.0993084E-01  1.3743978E-01  2.8639759E-03  2.5176472E+00  2.5823758E+00 
      1069 SSD -4.7787994E+02 -1.1312870E+01 -1.2481143E+01 -2.1116407E-01 -3.4335235E+01 -3.4214362E+01 
      1070      1.7637179E+01  1.3204844E-01 -7.3061498E-02  1.2569077E-03  7.4414113E-01 -3.8695007E+00 
      1070 SSD -2.3459380E+02 -8.9551714E+00  2.1349522E+00 -2.3420339E-01 -1.6430148E+01  4.9936637E+01 
      1071      5.8415064E+01  1.1955736E-01 -4.0719469E-02  2.7284668E-03  2.1786852E+00 -4.3259560E+00 
      1071 SSD -6.8245114E+02 -9.1288945E+00  9.9413282E-02 -2.1504960E-01 -2.3142223E+01  4.1971882E+01 
      1072      9.7282494E+01  1.0920432E-01 -4.1281885E-03  2.9853269E-03  3.6141164E+00 -3.5842108E+00 
      1072 SSD -1.0123744E+03 -9.2160367E+00 -1.8418946E+00 -2.0907541E-01 -2.5670161E+01  2.6548286E+01 
      1073      1.2389692E+02  1.0141641E-01  3.0740259E-02  2.9928421E-03  4.6929478E+00 -1.9179528E+00 
      1073 SSD -1.2014812E+03 -9.2488377E+00 -3.7999359E+00 -2.0822539E-01 -2.3579581E+01  1.3175997E+01 
      1074      7.3908086E+01  1.0002687E-01 -4.5486460E-02  2.7419738E-03  1.0654065E+00 -5.5335317E+00 
      1074 SSD -8.5442503E+02 -6.7667752E+00  1.4945037E-01 -2.1671705E-01 -1.3020108E+01  4.4261439E+01 
      1075      2.2896786E+01  1.1798529E-01 -7.5621896E-02  1.5068759E-03  3.1584280E-01 -4.7777070E+00 
      1075 SSD -3.5107308E+02 -6.4856012E+00  2.2489182E+00 -2.3753481E-01 -9.5107515E+00  5.8070069E+01 
      1076      1.2399764E+02  8.5620653E-02 -1.2558265E-02  2.9048729E-03  1.9074459E+00 -4.6650184E+00 
      1076 SSD -1.1937531E+03 -6.9577471E+00 -1.8811053E+00 -2.1187863E-01 -1.2507548E+01  2.4368192E+01 
      1077      1.5951662E+02  7.4477264E-02  1.9450645E-02  2.9438481E-03  2.6008843E+00 -2.6084621E+00 
      1077 SSD -1.3514178E+03 -7.0720637E+00 -3.9104737E+00 -2.1019745E-01 -7.4079101E+00  8.1584835E+00 
      1078      7.5789405E+00  1.6737139E-01 -2.6966645E-02  4.6288333E-03  2.5188734E+00 -9.5813183E-01 
      1078 SSD -9.1197408E+01 -1.3727050E+01  2.1458068E-01 -1.8390973E-01 -3.6257700E+01  1.9791448E+01 
      1079      3.4138614E+01  1.3742474E-01 -3.3279767E-02  3.2046517E-03  2.7440734E+00 -2.6560189E+00 
      1079 SSD -4.2025656E+02 -1.1511399E+01  1.1217347E-01 -2.0552527E-01 -3.1953812E+01  3.3846975E+01 
      1080     -2.4932457E+00  1.7174766E-01 -6.4642087E-02  3.5986718E-03  1.0267974E+00 -8.8880671E-01 
      1080 SSD  1.0868496E+02 -1.3938024E+01  1.9380070E+00 -1.6657740E-01 -1.8009552E+01  2.1422526E+01 
      1081      8.4200235E+00  1.4126687E-01 -6.6709880E-02  1.8951912E-03  1.0151237E+00 -2.4551528E+00 
      1081 SSD -7.1751269E+01 -1.1528832E+01  1.9964924E+00 -2.0492556E-01 -1.8696785E+01  3.7880750E+01 
      1082      1.6562567E+01  1.6142831E-01  2.1473635E-02  4.7949404E-03  3.8918608E+00 -7.5342855E-01 
      1082 SSD -2.5641372E+02 -1.3581597E+01 -1.5364745E+00 -1.8924582E-01 -4.9840181E+01  1.5810931E+01 
      1083      5.7863350E+01  1.3215517E-01  7.6521798E-03  3.3378500E-03  4.4049495E+00 -2.1500590E+00 
      1083 SSD -6.9503371E+02 -1.1465310E+01 -1.7268393E+00 -2.0149974E-01 -4.0374916E+01  2.3904362E+01 
      1084      2.2159149E+01  1.5810488E-01  6.4036738E-02  3.8335986E-03  4.7839707E+00 -3.7916010E-01 
      1084 SSD -3.6694231E+02 -1.3495844E+01 -3.3304482E+00 -2.0351534E-01 -5.8473747E+01  8.6276837E+00 
      1085      7.3421614E+01  1.2814945E-01  4.5664936E-02  3.1575396E-03  5.5800053E+00 -1.1044590E+00 
      1085 SSD -8.6972547E+02 -1.1410588E+01 -3.6071939E+00 -2.0394699E-01 -4.3673120E+01  1.2971514E+01 
      1086      2.2947233E+01 -8.3106240E-02 -1.8373529E-02  2.9519575E-03 -4.9558631E+00 -1.0133009E-01 
      1086 SSD -3.9269570E+02  3.3642764E+00 -6.7632156E+00 -2.1507393E-01  6.1176053E+01 -1.4498761E+00 
      1087      7.6673460E+01 -5.3824809E-02  1.2109888E-03  2.9399973E-03 -5.9461479E+00 -2.3459767E-01 
      1087 SSD -9.2212290E+02  1.2853757E+00 -6.4765231E+00 -2.0905696E-01  4.5411484E+01 -3.0881589E+00 
      1088      1.3110235E+02 -2.4217337E-02  1.7070335E-02  2.9096690E-03 -5.1065161E+00 -2.5804425E-01 
      1088 SSD -1.2689388E+03 -8.0572006E-01 -6.2735119E+00 -2.1031370E-01  2.3878791E+01 -4.6815101E+00 
      1089      1.7092056E+02  5.5626020E-03  2.9239141E-02  2.9520412E-03 -2.9803217E+00 -1.9037742E-01 
      1089 SSD -1.4054374E+03 -2.9122636E+00 -6.1474990E+00 -2.1000602E-01  2.8883066E+00 -5.5716096E+00 
      1090      7.3330227E+01 -5.7084358E-02  3.3076654E-02  3.2345301E-03 -5.5766380E+00  1.0869988E+00 
      1090 SSD -8.4788104E+02  1.3412173E+00 -8.5162018E+00 -2.0340479E-01  4.3366693E+01 -1.2422757E+01 
      1091      5.7894457E+01 -6.1159519E-02  7.1535547E-02  3.3821372E-03 -4.4061440E+00  2.1423881E+00 
      1091 SSD -6.7965354E+02  1.3854851E+00 -1.0408844E+01 -2.0316193E-01  4.0061517E+01 -2.3094172E+01 
      1092      3.4210631E+01 -6.6600748E-02  1.1244644E-01  3.1345945E-03 -2.7454798E+00  2.6562036E+00 
      1092 SSD -4.1199299E+02  1.4185924E+00 -1.2260680E+01 -2.0916497E-01  3.1579151E+01 -3.3149613E+01 
      1093      8.4643681E+00 -7.0926357E-02  1.4574479E-01  2.1066396E-03 -1.0150792E+00  2.4600765E+00 
      1093 SSD -6.9566609E+01  1.4231861E+00 -1.4148392E+01 -2.1633331E-01  1.8427223E+01 -3.7283134E+01 
      1094      1.6597870E+01 -9.0327467E-02  5.8142008E-02  4.8276829E-03 -3.8891802E+00  7.5207734E-01 
      1094 SSD -2.4692521E+02  3.5177401E+00 -1.0591858E+01 -1.9010524E-01  4.8877979E+01 -1.5157262E+01 
      1095      2.2154005E+01 -8.6762144E-02  1.4730902E-02  4.1352272E-03 -4.7694390E+00  3.7330590E-01 
      1095 SSD -3.5195791E+02  3.4352125E+00 -8.7867454E+00 -1.9816881E-01  5.7357448E+01 -8.1174917E+00 
      1096      7.6253752E+00 -9.6343088E-02  1.0687100E-01  4.3102928E-03 -2.5236393E+00  9.5679426E-01 
      1096 SSD -8.7332431E+01  3.6496667E+00 -1.2368380E+01 -1.8657435E-01  3.5659559E+01 -1.9242056E+01 
      1097     -2.4545975E+00 -1.0235587E-01  1.4563016E-01  2.8087208E-03 -1.0280149E+00  8.9281478E-01 
      1097 SSD  1.0824072E+02  3.8622299E+00 -1.4126537E+01 -1.7285970E-01  1.7747438E+01 -2.1047956E+01 
      1098      1.2418477E+02 -1.5017619E-02  9.1166960E-02  2.8940552E-03 -1.9229057E+00  4.6582245E+00 
      1098 SSD -1.1842393E+03 -3.1023358E+00 -1.0255869E+01 -2.1180829E-01  1.3338870E+01 -2.4113134E+01 
      1099      9.7356417E+01 -3.8544054E-02  8.2996442E-02  2.9794816E-03 -3.6216553E+00  3.5755164E+00 
      1099 SSD -9.9714706E+02 -8.5451356E-01 -1.0297489E+01 -2.0903244E-01  2.5963964E+01 -2.5949106E+01 
      1100      1.5956080E+02 -3.7702442E-03  5.9130261E-02  2.9547814E-03 -2.6174440E+00  2.5870823E+00 
      1100 SSD -1.3394309E+03 -2.9878761E+00 -8.2228719E+00 -2.0994466E-01  8.5604311E+00 -7.9498189E+00 
      1101      1.2382445E+02 -3.0605866E-02  4.7940638E-02  2.9937668E-03 -4.6995161E+00  1.8973237E+00 
      1101 SSD -1.1810707E+03 -8.1722831E-01 -8.3305401E+00 -2.0847446E-01  2.4135440E+01 -1.2734550E+01 
      1102      2.2973098E+01 -4.7690625E-02  1.5412823E-01  1.4383365E-03 -3.2081086E-01  4.7919381E+00 
      1102 SSD -3.4667145E+02 -3.5636107E+00 -1.4367864E+01 -2.3674968E-01  9.5167956E+00 -5.7673067E+01 
      1103      7.4094683E+01 -2.9586001E-02  1.2399472E-01  2.6871419E-03 -1.0770284E+00  5.5410266E+00 
      1103 SSD -8.4729056E+02 -3.2902443E+00 -1.2285404E+01 -2.1686024E-01  1.3408049E+01 -4.4034031E+01 
      1104      1.7683389E+01 -6.2198721E-02  1.5178696E-01  1.2139715E-03 -7.4414362E-01  3.8783974E+00 
      1104 SSD -2.3058213E+02 -1.1079838E+00 -1.4282923E+01 -2.3221630E-01  1.6230051E+01 -4.9361198E+01 
      1105      5.8520132E+01 -4.9205494E-02  1.1952889E-01  2.7121920E-03 -2.1836125E+00  4.3285721E+00 
      1105 SSD -6.7294849E+02 -9.4159749E-01 -1.2245269E+01 -2.1429100E-01  2.3176610E+01 -4.1362453E+01 
      1106      8.2358365E-01 -3.2858995E-02 -8.6614875E-02  4.9359353E-03 -8.5531660E-01 -1.9002090E+00 
      1106 SSD -1.0580011E+02  1.3864701E+00  2.6107980E+00 -1.9886833E-01  2.0176265E+01  3.8371761E+01 
      1107      2.2824665E+01 -3.9420029E-02 -5.9594790E-02  3.0403803E-03 -2.4958435E+00 -2.5604740E+00 
      1107 SSD -4.6403788E+02  1.2853226E+00  3.9344289E-01 -2.0854673E-01  3.4366771E+01  3.3023417E+01 
      1108      4.7538058E+01 -4.5620293E-02 -4.0755037E-02  2.6452942E-03 -4.1786924E+00 -2.3344102E+00 
      1108 SSD -7.4116967E+02  1.2386913E+00 -1.9406050E+00 -2.1537820E-01  4.3084799E+01  2.2105509E+01 
      1109      6.7227753E+01 -5.0345660E-02 -2.2451117E-02  2.6620908E-03 -5.4331735E+00 -1.4773601E+00 
      1109 SSD -8.9505749E+02  1.2434324E+00 -4.2698170E+00 -2.1441176E-01  4.6159798E+01  8.2761154E+00 
      1110      1.4544343E+00 -7.4046530E-02 -6.4760443E-02  1.1628819E-03 -1.8259295E+00 -8.9998047E-01 
      1110 SSD -9.1687389E+01  3.1865360E+00  4.0565134E-01 -2.2391587E-01  4.0285464E+01  1.9532979E+01 
      1111     -6.6929677E+00 -7.2127493E-02 -8.7790481E-02  3.5281720E-03 -5.6616125E-01 -6.6389694E-01 
      1111 SSD  1.0513504E+02  3.1133647E+00  2.8084164E+00 -2.0351004E-01  2.2535991E+01  1.9807860E+01 
      1112      1.0985577E+01 -7.6638078E-02 -5.1879178E-02  1.0170419E-03 -3.2540759E+00 -8.3419380E-01 
      1112 SSD -2.6054051E+02  3.2466053E+00 -2.0513324E+00 -2.3583269E-01  5.3379860E+01  1.4174689E+01 
      1113      1.8853122E+01 -7.9723971E-02 -3.9162124E-02  1.7349034E-03 -4.4003659E+00 -5.3829022E-01 
      1113 SSD -3.6486593E+02  3.3030850E+00 -4.4999796E+00 -2.3063701E-01  6.0384159E+01  6.1908770E+00 
      1114      6.7017496E+01  4.1487379E-02 -5.1471747E-02  3.2225749E-03 -1.5149831E+00 -5.4617067E+00 
      1114 SSD -9.0999540E+02 -2.4875104E+00  3.0219400E-01 -2.0655404E-01  8.2942754E+00  4.5497672E+01 
      1115      4.7193015E+01  1.8880594E-03 -5.5029210E-02  3.4165986E-03 -2.3194238E+00 -4.2312580E+00 
      1115 SSD -7.5173137E+02 -5.7938276E-01  3.5905499E-01 -2.0202906E-01  2.3094987E+01  4.1963491E+01 
      1116      1.8381677E+01  5.9591755E-02 -8.1810206E-02  3.8329557E-03 -6.0306369E-01 -4.4179574E+00 
      1116 SSD -3.8294226E+02 -2.2059120E+00  2.4130681E+00 -2.1093992E-01  5.5041487E+00  6.0449387E+01 
      1117      1.0186104E+01  1.5468381E-02 -8.4380727E-02  4.9762573E-03 -8.5147275E-01 -3.2944014E+00 
      1117 SSD -2.7955276E+02 -3.9080107E-01  2.4918521E+00 -1.9630120E-01  1.4445316E+01  5.2689747E+01 
      1118      1.5544128E+02  1.4993253E-02  1.6876805E-03  2.9508836E-03 -2.8563850E+00 -2.8556523E+00 
      1118 SSD -1.4136471E+03 -2.8297900E+00 -4.0219916E+00 -2.1036352E-01  5.0770807E+00  4.3188901E+00 
      1119      1.1755988E+02  2.6543276E-02 -2.4553200E-02  3.0214693E-03 -2.3222095E+00 -4.7642374E+00 
      1119 SSD -1.2642614E+03 -2.6971922E+00 -1.8607504E+00 -2.0970981E-01  8.1015284E+00  2.5233697E+01 
      1120      1.1758688E+02 -1.7675432E-02 -8.8262133E-03  2.8632761E-03 -4.7500411E+00 -2.3125559E+00 
      1120 SSD -1.2567070E+03 -7.8280220E-01 -4.1122865E+00 -2.1156136E-01  2.6169219E+01  7.5458209E+00 
      1121      8.6967252E+01 -9.2714896E-03 -3.1571877E-02  2.9997808E-03 -3.7385023E+00 -3.7630826E+00 
      1121 SSD -1.0901562E+03 -7.1359943E-01 -1.8765720E+00 -2.0955463E-01  2.6816735E+01  2.5678134E+01 

