      NODE            V1             V2             V3             VR1            VR2            VR3
      1001     -8.9075536E+00 -1.0788320E-01  6.2072390E-02 -5.6492262E-02  7.6340140E-02 -1.4596149E-01 
      1001 SSD  2.4152279E+02  5.2135061E+00 -1.5651102E+01 -2.2927670E+00 -3.4149011E+00  2.5758335E+00 
      1002     -8.8719071E+00 -1.6494705E-01  3.9162658E-02  1.2867971E-01  1.6704325E-01  5.3046421E-01 
      1002 SSD  2.4095696E+02  3.8977303E+00 -1.5764945E+01 -3.5919071E+00  2.3115458E+00 -8.0767468E+00 
      1003     -8.8473166E+00 -1.2101267E-01  3.6153160E-02  9.3186734E-02  9.6294707E-02  1.0886947E+00 
      1003 SSD  2.4024882E+02  1.0342652E+00 -1.6040550E+01 -5.2219843E-01  1.3196146E+00 -2.9314822E+01 
      1004     -8.7981258E+00 -1.5900661E-01  3.2244899E-02  1.3885987E-01  5.8260335E-02  1.4986492E+00 
      1004 SSD  2.4065326E+02 -1.5605302E+00 -1.6066747E+01  6.3622618E-01  2.0551788E+00 -4.8779106E+01 
      1005     -8.7736824E+00 -1.6758758E-01  3.6446286E-02  1.0050726E-01 -2.4587039E-02  1.6551676E+00 
      1005 SSD  2.4075022E+02 -4.1356008E+00 -1.6052969E+01  1.2460945E+00  9.6819641E-01 -6.2561067E+01 
      1006     -8.7649338E+00 -1.6185701E-01  4.5429742E-02  4.4759464E-02 -9.1536870E-02  1.5542496E+00 
      1006 SSD  2.4104100E+02 -6.3170139E+00 -1.5944851E+01  1.3366827E+00  4.6866645E-01 -6.8389220E+01 
      1007     -8.7894633E+00 -1.3220190E-01  5.4067447E-02 -3.4579067E-02 -1.2618266E-01  1.2300485E+00 
      1007 SSD  2.4109620E+02 -8.1056455E+00 -1.5849562E+01  8.8136463E-01  8.8878385E-02 -6.5662828E+01 
      1008     -8.8343641E+00 -9.1316209E-02  5.7853791E-02 -9.9480274E-02 -1.3645884E-01  7.8586167E-01 
      1008 SSD  2.4133087E+02 -9.6658352E+00 -1.5795804E+01  6.9025062E-01 -6.7189445E-01 -5.3434941E+01 
      1009     -8.9067103E+00 -3.2896910E-02  5.4051078E-02 -1.1796719E-01 -8.4031863E-02  3.7101369E-01 
      1009 SSD  2.4125770E+02 -1.1323215E+01 -1.5920674E+01 -1.1841984E-01 -2.5691278E-01 -3.3851296E+01 
      1010     -8.9100922E+00  5.4559650E-03  4.9324209E-02 -1.5227155E-01 -2.8640080E-02  8.2365127E-02 
      1010 SSD  2.4287440E+02 -1.2539506E+01 -1.5953585E+01  7.2537240E-02 -2.3446728E+00 -1.1561365E+01 
      1011     -8.9960304E+00  3.0785787E-02  2.6039958E-02 -5.2028085E-02 -1.0269021E-02  6.0314324E-02 
      1011 SSD  2.4242005E+02 -1.4672442E+01 -1.6419728E+01 -2.9166886E+00  5.9642543E-01  2.8465133E+00 
      1012     -8.8887956E+00  3.2775882E-03 -1.6541604E-01 -4.1171819E-02 -7.0442585E-02  1.4766198E-01 
      1012 SSD  2.4493461E+02 -1.5110748E+01  3.6446765E+00 -2.2370186E+00  3.6651138E+00 -2.3104756E+00 
      1013     -8.8357703E+00  5.6041340E-02 -1.4095705E-01  1.1114188E-01 -1.6826871E-01 -5.2353280E-01 
      1013 SSD  2.4413264E+02 -1.3894968E+01  3.7640862E+00 -3.1760658E+00 -2.4479452E+00  8.1492152E+00 
      1014     -8.7960600E+00  1.7334148E-02 -1.3579730E-01  9.3386877E-02 -9.3731856E-02 -1.0704439E+00 
      1014 SSD  2.4320283E+02 -1.1149151E+01  4.0174561E+00 -7.2500647E-01 -1.3713239E+00  2.9879431E+01 
      1015     -8.7300812E+00  5.2385981E-02 -1.3143028E-01  1.4127490E-01 -5.6989761E-02 -1.4748455E+00 
      1015 SSD  2.4343697E+02 -8.4081597E+00  4.0507713E+00  7.6199954E-01 -2.1595078E+00  4.9708716E+01 
      1016     -8.6895116E+00  6.0932343E-02 -1.3560651E-01  9.6846058E-02  2.4305526E-02 -1.6192751E+00 
      1016 SSD  2.4332957E+02 -5.8646031E+00  4.0240736E+00  1.2507343E+00 -1.0758600E+00  6.3730294E+01 
      1017     -8.6631661E+00  5.9182062E-02 -1.4408075E-01  3.9974360E-02  9.3123875E-02 -1.5034427E+00 
      1017 SSD  2.4344257E+02 -3.6065556E+00  3.9180694E+00  1.2630857E+00 -5.5357614E-01  6.9691245E+01 
      1018     -8.6717759E+00  2.8278035E-02 -1.5220082E-01 -2.6732354E-02  1.2697519E-01 -1.1795759E+00 
      1018 SSD  2.4332327E+02 -1.7557132E+00  3.8362223E+00  9.1870251E-01 -1.1498283E-01  6.6835876E+01 
      1019     -8.7004944E+00 -1.5868990E-02 -1.5624681E-01 -1.0204537E-01  1.3492115E-01 -7.3943619E-01 
      1019 SSD  2.4339908E+02 -2.2109580E-01  3.7857783E+00  7.9966848E-01  7.3070336E-01  5.4210398E+01 
      1020     -8.7546338E+00 -6.8495205E-02 -1.5131292E-01 -1.2634716E-01  8.6143699E-02 -3.3015375E-01 
      1020 SSD  2.4309006E+02  1.3749340E+00  3.9065109E+00 -7.9785625E-02  2.5042193E-01  3.4188693E+01 
      1021     -8.7389297E+00 -1.0851676E-01 -1.4537344E-01 -1.3741533E-01  3.7492697E-02 -7.0480547E-02 
      1021 SSD  2.4457904E+02  2.7061464E+00  3.9334679E+00 -1.3005988E-01  2.5732090E+00  1.1682458E+01 
      1022     -8.8098460E+00 -1.3847218E-01 -1.2221739E-01 -5.7093212E-02  1.1423354E-02 -6.3869521E-02 
      1022 SSD  2.4380554E+02  4.6152155E+00  4.3588608E+00 -2.5830934E+00 -3.2528119E-01 -3.2316975E+00 
      1023     -8.8013529E+00 -1.3172914E-01 -1.1614868E-01  1.3743929E-02 -1.8418144E-01 -5.0547516E-02 
      1023 SSD  2.4280095E+02  4.8738856E+00  2.8533650E+00 -2.8062526E+00  8.8140333E+00  3.8316687E-01 
      1024     -8.7662458E+00 -1.2952134E-01 -1.2194962E-01  1.3057510E-01 -6.2241456E-01  8.8076243E-02 
      1024 SSD  2.4228129E+02  5.0047497E+00  1.0467669E-01 -5.5056276E-01  2.8660947E+01  8.5403369E-01 
      1025     -8.7265942E+00 -1.2956474E-01 -1.3830118E-01  1.5703298E-01 -1.0777832E+00  1.4953332E-01 
      1025 SSD  2.4198714E+02  5.0598227E+00 -2.4105802E+00  5.6735802E-01  4.8366462E+01  8.9531453E-01 
      1026     -8.6923326E+00 -1.3454622E-01 -1.5385493E-01  1.3272613E-01 -1.4154389E+00  1.6477644E-01 
      1026 SSD  2.4181624E+02  5.0074641E+00 -4.9728447E+00  1.2960796E+00  6.1961114E+01  3.7562541E-01 
      1027     -8.6840427E+00 -1.4287028E-01 -1.5325591E-01  6.9358067E-02 -1.5683488E+00  1.2038134E-01 
      1027 SSD  2.4168641E+02  4.8987406E+00 -7.2465491E+00  1.3828875E+00  6.6946228E+01 -9.6552877E-02 
      1028     -8.6979456E+00 -1.5106073E-01 -1.3018548E-01 -7.9220902E-03 -1.4962301E+00  4.5459023E-02 
      1028 SSD  2.4138010E+02  4.8198154E+00 -9.1463418E+00  8.8694031E-01  6.3740483E+01 -6.0915081E-01 
      1029     -8.7371822E+00 -1.5455150E-01 -8.9106212E-02 -9.2618572E-02 -1.1962255E+00 -3.1516310E-02 
      1029 SSD  2.4120437E+02  4.7951940E+00 -1.0688040E+01  5.2352983E-01  5.2591186E+01 -1.6159156E+00 
      1030     -8.8027462E+00 -1.4819512E-01 -2.9215100E-02 -1.3193193E-01 -7.5578434E-01 -1.0161059E-01 
      1030 SSD  2.4083424E+02  4.8797135E+00 -1.2182031E+01 -2.6520912E-01  3.5080649E+01 -1.1498993E+00 
      1031     -8.8383236E+00 -1.4038709E-01 -4.4615199E-03 -1.8779079E-01 -2.6938003E-01 -1.6489906E-01 
      1031 SSD  2.4155974E+02  4.9598299E+00 -1.3596794E+01  2.2135073E-01  1.2905838E+01 -2.4990975E+00 
      1032     -8.9645003E+00  2.6922149E-02  2.2213378E-02  1.5687396E-02  1.8546627E-01  5.0915605E-02 
      1032 SSD  2.4195949E+02 -1.4858086E+01 -1.4750972E+01 -2.7376971E+00 -9.2399719E+00 -4.8654136E-01 
      1033     -8.9085922E+00  2.4201360E-02  2.5017028E-02  1.3265327E-01  6.1775084E-01 -8.8699006E-02 
      1033 SSD  2.4185771E+02 -1.4977846E+01 -1.2066327E+01 -5.6364899E-01 -3.0092167E+01 -8.7062921E-01 
      1034     -8.8476672E+00  2.3952366E-02  4.2074750E-02  1.5885020E-01  1.0665273E+00 -1.4905632E-01 
      1034 SSD  2.4203125E+02 -1.5027427E+01 -9.5487899E+00  6.1105148E-01 -5.0743728E+01 -8.7486289E-01 
      1035     -8.7940505E+00  2.8428792E-02  5.7800373E-02  1.3285164E-01  1.3938462E+00 -1.6551912E-01 
      1035 SSD  2.4230984E+02 -1.4981402E+01 -7.0040592E+00  1.3463795E+00 -6.4826555E+01 -2.9344535E-01 
      1036     -8.7648429E+00  3.6837469E-02  5.8178416E-02  6.8530575E-02  1.5394886E+00 -1.1401438E-01 
      1036 SSD  2.4266636E+02 -1.4874070E+01 -4.7356908E+00  1.4300613E+00 -6.9745236E+01  2.1621545E-01 
      1037     -8.7626034E+00  4.4565730E-02  3.4223042E-02 -9.8112731E-03  1.4622996E+00 -4.6773456E-02 
      1037 SSD  2.4278195E+02 -1.4802027E+01 -2.8692208E+00  8.9346929E-01 -6.6119354E+01  6.7120926E-01 
      1038     -8.7818139E+00  4.8958970E-02 -5.0023963E-03 -9.5062983E-02  1.1702199E+00  4.1459318E-02 
      1038 SSD  2.4314704E+02 -1.4762815E+01 -1.3277022E+00  5.2753136E-01 -5.4109114E+01  1.9558137E+00 
      1039     -8.8228153E+00  4.3303423E-02 -6.5958954E-02 -1.3029155E-01  7.4669176E-01  1.1138901E-01 
      1039 SSD  2.4331720E+02 -1.4840567E+01  1.4005080E-01 -2.9491174E-01 -3.5794189E+01  1.2587240E+00 
      1040     -8.8361594E+00  3.6958900E-02 -8.5805585E-02 -1.9561279E-01  2.6296278E-01  1.6459824E-01 
      1040 SSD  2.4441070E+02 -1.4936097E+01  1.4920376E+00  1.2577059E-01 -1.3180813E+01  2.4462090E+00 
      1041      2.5277342E+01 -1.3088007E-01  2.1875062E-02  1.1209937E-03  2.2692287E-01  5.3582550E+00 
      1041 SSD -3.4064070E+02 -5.9138741E+00 -1.4011874E+01 -2.1685479E-01  3.2112041E+00 -4.9274265E+01 
      1042      8.4090027E+01 -1.0398396E-01  3.7261144E-03  1.6696056E-03  3.3820244E-01  6.5668758E+00 
      1042 SSD -7.4031975E+02 -5.5552926E+00 -1.2012369E+01 -2.0208574E-01  4.8533116E+00 -3.1076939E+01 
      1043      1.4423661E+02 -8.2451224E-02 -1.4150503E-02  1.7149556E-03  3.1437516E-01  5.6546135E+00 
      1043 SSD -9.5447449E+02 -5.2917674E+00 -1.0014528E+01 -2.0138828E-01  6.0919334E+00 -1.1221860E+01 
      1044      1.8817091E+02 -6.5982676E-02 -3.1299830E-02  1.7283782E-03  2.0607300E-01  3.2782446E+00 
      1044 SSD -9.9096107E+02 -5.1153012E+00 -8.0155081E+00 -2.0081071E-01  6.6681925E+00  4.8180255E+00 
      1045      2.0421631E+02 -5.2466415E-02 -4.7981860E-02  1.7306386E-03 -4.9827877E-03 -1.9738043E-02 
      1045 SSD -9.6546553E+02 -4.9889704E+00 -6.0140426E+00 -2.0071121E-01  7.3112886E-01 -4.9635918E-03 
      1046      1.8780646E+02 -3.8943162E-02 -6.4704520E-02  1.7255722E-03 -2.1702124E-01 -3.3125419E+00 
      1046 SSD -9.9106694E+02 -4.8602106E+00 -4.0129437E+00 -2.0102847E-01 -5.2995808E+00 -4.8955936E+00 
      1047      1.4364525E+02 -2.2438896E-02 -8.1942469E-02  1.7125518E-03 -3.2748453E-01 -5.6658508E+00 
      1047 SSD -9.5548575E+02 -4.6764661E+00 -2.0137427E+00 -2.0191475E-01 -5.0114682E+00  1.1049901E+01 
      1048      8.3521117E+01 -7.5338193E-04 -9.9964696E-02  1.6741170E-03 -3.5056811E-01 -6.5502503E+00 
      1048 SSD -7.4314129E+02 -4.4005994E+00 -1.1883614E-02 -2.0332916E-01 -4.2331087E+00  3.0857649E+01 
      1049      2.4962826E+01  2.6454696E-02 -1.1832328E-01  1.0672671E-03 -2.3547122E-01 -5.3236649E+00 
      1049 SSD -3.4437835E+02 -4.0257171E+00  2.0037151E+00 -2.2014753E-01 -3.1016410E+00  4.9344707E+01 
      1050      1.8797243E+02 -3.4794386E-02 -3.5294733E-02  1.7274624E-03  3.3027964E+00  1.9103940E-01 
      1050 SSD -9.9804552E+02 -7.0078968E+00 -5.9046890E+00 -2.0054706E-01  5.5461614E+00  5.9848297E+00 
      1051      1.4379250E+02 -1.6952509E-02 -1.9660157E-02  1.6977288E-03  5.6732905E+00  2.8183981E-01 
      1051 SSD -9.6779777E+02 -9.0195410E+00 -5.7413854E+00 -2.0043183E-01 -1.0731914E+01  5.3886164E+00 
      1052      8.3499795E+01  9.5628343E-04  9.9516056E-04  1.6110103E-03  6.5740925E+00  2.6848624E-01 
      1052 SSD -7.5669306E+02 -1.1015665E+01 -5.4893933E+00 -2.0082208E-01 -3.1017164E+01  3.8968530E+00 
      1053      2.4837707E+01  1.8627863E-02  2.6737491E-02  1.2126977E-03  5.3292992E+00  1.2299828E-01 
      1053 SSD -3.5283525E+02 -1.2994751E+01 -5.1446380E+00 -2.1254558E-01 -5.0135574E+01  2.0177468E+00 
      1054      1.2888395E+02 -2.5057290E-02 -7.1356219E-03  1.6302521E-03  5.2798355E+00  2.5486854E+00 
      1054 SSD -9.8774688E+02 -9.0486997E+00 -7.8073431E+00 -2.0184884E-01 -1.3757085E+01 -2.1726230E+00 
      1055      9.5068829E+01 -3.5855573E-02  1.0398897E-03  1.8109053E-03  4.1377871E+00  4.1595185E+00 
      1055 SSD -8.9161805E+02 -9.1250390E+00 -9.9563462E+00 -1.9960004E-01 -1.6868682E+01 -1.7161423E+01 
      1056      5.1246473E+01 -5.0590326E-02  1.0106060E-02  2.2001765E-03  2.5330542E+00  4.6511714E+00 
      1056 SSD -6.4263243E+02 -9.2690743E+00 -1.2104865E+01 -1.9386524E-01 -1.6799592E+01 -3.2568686E+01 
      1057      1.1261482E+01 -6.8737046E-02  2.7485482E-02  3.8944660E-03  8.8475836E-01  3.4913078E+00 
      1057 SSD -2.5377436E+02 -9.4713487E+00 -1.4139994E+01 -1.8777626E-01 -1.1994310E+01 -4.5176189E+01 
      1058      1.2898254E+02 -6.1778189E-02 -7.3966034E-03  1.8571697E-03  2.5785295E+00  5.2886368E+00 
      1058 SSD -9.8213374E+02 -7.2533697E+00 -1.0003268E+01 -1.9893160E-01 -1.3878640E+00 -1.4097120E+01 
      1059      1.7095338E+02 -4.6794704E-02 -2.0420046E-02  1.7366920E-03  3.1749368E+00  3.1558964E+00 
      1059 SSD -1.0425960E+03 -7.1055739E+00 -7.9344727E+00 -2.0053212E-01  3.0803119E+00  2.3502456E+00 
      1060      7.3029402E+01 -8.1476172E-02  6.4282797E-03  2.1633929E-03  1.6733266E+00  6.0364512E+00 
      1060 SSD -7.4619461E+02 -7.4805360E+00 -1.2070816E+01 -1.9400939E-01 -3.9070510E+00 -3.2750950E+01 
      1061      2.0014180E+01 -1.0562725E-01  2.4609247E-02  2.8907303E-03  6.5404120E-01  4.7391266E+00 
      1061 SSD -3.3407825E+02 -7.7827503E+00 -1.4075568E+01 -1.9531792E-01 -3.7838950E+00 -4.9841078E+01 
      1062      1.2191797E+01  1.1157828E-02  2.6516281E-02 -1.3053902E-03  3.4406015E+00  8.5691254E-01 
      1062 SSD -2.4814319E+02 -1.2885766E+01 -9.7033557E+00 -2.3774301E-01 -4.6239899E+01 -1.2609164E+01 
      1063      5.1619293E+01 -8.7420744E-03  1.2429119E-02  1.2931463E-03  4.5888076E+00  2.5431453E+00 
      1063 SSD -6.4322366E+02 -1.0970004E+01 -9.8553386E+00 -2.0689928E-01 -3.2774184E+01 -1.7105336E+01 
      1064      2.0437228E+01  1.4848974E-02  3.2174023E-02 -2.1426733E-04  4.7116833E+00  5.5800964E-01 
      1064 SSD -3.3598796E+02 -1.2938874E+01 -7.3214260E+00 -2.3008369E-01 -5.0697629E+01 -4.9275486E+00 
      1065      7.3108074E+01 -2.9927027E-03  1.0387325E-02  1.2874859E-03  6.0032392E+00  1.6097108E+00 
      1065 SSD -7.5310317E+02 -1.0973634E+01 -7.6039543E+00 -2.0648381E-01 -3.2862128E+01 -4.8139889E+00 
      1066     -5.6990451E+00  5.9657902E-03  2.8444079E-02  2.7759784E-03  5.0229435E-01  6.2722252E-01 
      1066 SSD  8.6336524E+01 -1.2718945E+01 -1.4412731E+01 -1.8430601E-01 -2.1091613E+01 -1.8865982E+01 
      1067      2.3539966E+00  8.0602141E-03  2.0966456E-02 -3.4092885E-04  1.8592743E+00  9.0279635E-01 
      1067 SSD -9.6803719E+01 -1.2818687E+01 -1.2099450E+01 -2.1819506E-01 -3.6168106E+01 -1.8056622E+01 
      1068      1.5878161E+00 -2.5005338E-02  2.8703320E-02  3.8461063E-03  8.5231200E-01  1.9516812E+00 
      1068 SSD -1.0554147E+02 -1.1122061E+01 -1.4237842E+01 -1.9013717E-01 -1.7839974E+01 -3.4446964E+01 
      1069      2.4800954E+01 -1.6570160E-02  1.5082059E-02  1.6379291E-03  2.6879067E+00  2.7644753E+00 
      1069 SSD -4.1818022E+02 -1.1018689E+01 -1.2114096E+01 -2.0171928E-01 -2.8068669E+01 -2.7792453E+01 
      1070      2.0174661E+01  2.9814010E-02 -1.1282813E-01 -4.4140679E-04  7.2314281E-01 -4.1436527E+00 
      1070 SSD -1.8975639E+02 -8.6295114E+00  1.8160030E+00 -2.2861094E-01 -1.4589608E+01  4.0401371E+01 
      1071      6.4287044E+01  1.3448546E-02 -9.1312487E-02  1.4465010E-03  2.3346530E+00 -4.7107359E+00 
      1071 SSD -5.3719941E+02 -8.8337202E+00 -1.1664261E-01 -2.0591481E-01 -1.7800418E+01  3.1321517E+01 
      1072      1.0671294E+02  3.5154352E-04 -6.4001742E-02  1.7990941E-03  3.9642083E+00 -3.9225943E+00 
      1072 SSD -7.7170153E+02 -8.9466887E+00 -1.9445020E+00 -1.9932214E-01 -1.6832774E+01  1.7767524E+01 
      1073      1.3578030E+02 -9.2275199E-03 -3.8981259E-02  1.8126075E-03  5.1978502E+00 -2.0915686E+00 
      1073 SSD -8.9555646E+02 -8.9990505E+00 -3.7932430E+00 -1.9845346E-01 -1.2144612E+01  8.4549695E+00 
      1074      8.0730496E+01  9.9502402E-03 -9.6656297E-02  1.4471527E-03  1.1121264E+00 -6.0845648E+00 
      1074 SSD -6.7106777E+02 -6.5450839E+00 -7.8932892E-02 -2.0752865E-01 -1.0383427E+01  3.0670429E+01 
      1075      2.5224251E+01  3.3607865E-02 -1.1499266E-01 -1.8399195E-04  2.7386757E-01 -5.1273530E+00 
      1075 SSD -2.9320456E+02 -6.2205795E+00  1.9222534E+00 -2.3135119E-01 -8.7227440E+00  4.6295917E+01 
      1076      1.3593996E+02 -8.7885322E-03 -7.4462379E-02  1.6789527E-03  2.0809666E+00 -5.1593408E+00 
      1076 SSD -8.8771982E+02 -6.7712356E+00 -2.0046564E+00 -2.0231045E-01 -7.8236495E+00  1.2983740E+01 
      1077      1.7520703E+02 -2.3035574E-02 -5.3408556E-02  1.7380339E-03  2.8802432E+00 -2.8866175E+00 
      1077 SSD -9.5886023E+02 -6.9130100E+00 -3.9314790E+00 -2.0053885E-01 -1.0907991E+00  1.8128711E+00 
      1078      9.6256356E+00  3.1886473E-02 -7.3855755E-02  3.9586832E-03  2.6821227E+00 -9.5711208E-01 
      1078 SSD -7.0777488E+01 -1.3265232E+01  3.1290667E-02 -1.7029211E-01 -3.0045766E+01  1.7414927E+01 
      1079      3.8167593E+01  1.4744504E-02 -8.2258398E-02  2.0954131E-03  2.9552151E+00 -2.8338187E+00 
      1079 SSD -3.3453302E+02 -1.1146838E+01 -8.5703384E-02 -1.9529639E-01 -2.5216571E+01  2.7286919E+01 
      1080     -5.6618858E-01  3.5502602E-02 -1.0427323E-01  2.9187943E-03  1.0723611E+00 -8.7718094E-01 
      1080 SSD  1.0404860E+02 -1.3463932E+01  1.6416644E+00 -1.5541222E-01 -1.5487710E+01  1.9189912E+01 
      1081      1.0803467E+01  1.9225338E-02 -1.0625375E-01  5.6635280E-04  1.0349940E+00 -2.5908389E+00 
      1081 SSD -4.9579171E+01 -1.1153519E+01  1.6944710E+00 -1.9783544E-01 -1.6202435E+01  3.1808142E+01 
      1082      1.8700077E+01  2.5886692E-02 -3.0656680E-02  4.0951332E-03  4.1729666E+00 -7.4017440E-01 
      1082 SSD -2.1382312E+02 -1.3135625E+01 -1.5765743E+00 -1.7515348E-01 -4.0242786E+01  1.3953651E+01 
      1083      6.3527152E+01  8.8022959E-03 -4.8884971E-02  2.2821348E-03  4.8190935E+00 -2.2953952E+00 
      1083 SSD -5.5088061E+02 -1.1114902E+01 -1.8006680E+00 -1.9091070E-01 -2.9563277E+01  1.8616722E+01 
      1084      2.4218736E+01  2.2631330E-02  4.7171438E-03  2.8096572E-03  5.1339581E+00 -3.5948670E-01 
      1084 SSD -3.1056780E+02 -1.3058407E+01 -3.2429418E+00 -1.9178695E-01 -4.6669995E+01  7.6963498E+00 
      1085      8.0048194E+01  4.4705572E-03 -1.9533993E-02  2.0416646E-03  6.1462492E+00 -1.1623749E+00 
      1085 SSD -6.8724608E+02 -1.1070722E+01 -3.5642099E+00 -1.9378732E-01 -2.9983093E+01  1.0240597E+01 
      1086      2.4970512E+01 -1.2300297E-01 -1.2227362E-01  1.6708852E-03 -5.3137350E+00 -1.2816713E-01 
      1086 SSD -3.3421103E+02  3.0146175E+00 -6.8520848E+00 -2.0546503E-01  4.8912323E+01 -1.6826924E+00 
      1087      8.3473916E+01 -1.0563110E-01 -9.6684331E-02  1.7376924E-03 -6.5586465E+00 -2.8985226E-01 
      1087 SSD -7.3117342E+02  1.0317592E+00 -6.5180087E+00 -1.9940579E-01  3.0798950E+01 -3.6081642E+00 
      1088      1.4368460E+02 -8.7926779E-02 -7.6159232E-02  1.6950434E-03 -5.6701870E+00 -3.1527742E-01 
      1088 SSD -9.4471876E+02 -9.6237862E-01 -6.2763981E+00 -2.0073400E-01  1.1431493E+01 -5.2283295E+00 
      1089      1.8788600E+02 -7.0149231E-02 -6.0626530E-02  1.7482886E-03 -3.3089414E+00 -2.2914856E-01 
      1089 SSD -9.8466867E+02 -2.9714288E+00 -6.1205505E+00 -2.0032669E-01 -4.2732230E+00 -5.9509128E+00 
      1090      8.0218577E+01 -1.0913884E-01 -7.6071696E-02  2.1313996E-03 -6.1461188E+00  1.1434756E+00 
      1090 SSD -6.6551339E+02  1.0789440E+00 -8.4553025E+00 -1.9306994E-01  2.9682249E+01 -9.7387568E+00 
      1091      6.3804343E+01 -1.1364475E-01 -4.6413293E-02  2.3196946E-03 -4.8270586E+00  2.2930955E+00 
      1091 SSD -5.3527467E+02  1.1126455E+00 -1.0230192E+01 -1.9245137E-01  2.9239971E+01 -1.7828280E+01 
      1092      3.8418190E+01 -1.1989183E-01 -1.3275338E-02  1.9819391E-03 -2.9646102E+00  2.8435704E+00 
      1092 SSD -3.2594841E+02  1.1314259E+00 -1.1958062E+01 -1.9909701E-01  2.4831119E+01 -2.6584593E+01 
      1093      1.0923056E+01 -1.2505430E-01  1.0466572E-02  7.4116387E-04 -1.0406534E+00  2.6080430E+00 
      1093 SSD -4.7206015E+01  1.1243944E+00 -1.3741936E+01 -2.0862186E-01  1.5927627E+01 -3.1188810E+01 
      1094      1.8889208E+01 -1.3046520E-01 -6.4052442E-02  4.1259074E-03 -4.1833080E+00  7.4561750E-01 
      1094 SSD -2.0417122E+02  3.1491859E+00 -1.0445977E+01 -1.7590467E-01  3.9278717E+01 -1.3303441E+01 
      1095      2.4409022E+01 -1.2686709E-01 -1.0017763E-01  3.1995338E-03 -5.1302782E+00  3.5678865E-01 
      1095 SSD -2.9553052E+02  3.0758692E+00 -8.7702055E+00 -1.8575354E-01  4.5582003E+01 -7.2020309E+00 
      1096      9.7623530E+00 -1.3668355E-01 -2.0815589E-02  3.5456846E-03 -2.6982213E+00  9.6311534E-01 
      1096 SSD -6.6732720E+01  3.2652319E+00 -1.2078404E+01 -1.7380541E-01  2.9426905E+01 -1.6865373E+01 
      1097     -5.0727686E-01 -1.4237870E-01  1.0618752E-02  1.8943142E-03 -1.0793135E+00  8.8915105E-01 
      1097 SSD  1.0372497E+02  3.4610647E+00 -1.3720259E+01 -1.6360865E-01  1.5216175E+01 -1.8800594E+01 
      1098      1.3640377E+02 -9.6298991E-02 -2.1535392E-02  1.6660348E-03 -2.0937478E+00  5.1500129E+00 
      1098 SSD -8.7751617E+02 -3.2122308E+00 -1.0028847E+01 -2.0227074E-01  8.6153758E+00 -1.2751483E+01 
      1099      1.0707062E+02 -1.0550573E-01 -3.1714331E-02  1.7893212E-03 -3.9733611E+00  3.9155846E+00 
      1099 SSD -7.5609033E+02 -1.0471255E+00 -1.0090776E+01 -1.9929708E-01  1.7103993E+01 -1.7193956E+01 
      1100      1.7546522E+02 -8.1949844E-02 -4.2528414E-02  1.7517078E-03 -2.8899310E+00  2.8549622E+00 
      1100 SSD -9.4661993E+02 -3.0701400E+00 -8.0983760E+00 -2.0026408E-01  2.2028771E+00 -1.6678065E+00 
      1101      1.3596942E+02 -9.5711192E-02 -5.6794928E-02  1.8083501E-03 -5.2013777E+00  2.0649808E+00 
      1101 SSD -8.7518748E+02 -9.8999455E-01 -8.2334981E+00 -1.9870250E-01  1.2682378E+01 -8.0728250E+00 
      1102      2.5458833E+01 -1.3886566E-01  1.8907298E-02 -2.5088460E-04 -2.8225702E-01  5.1567459E+00 
      1102 SSD -2.8846772E+02 -3.7525952E+00 -1.3938428E+01 -2.3074663E-01  8.7146088E+00 -4.5849497E+01 
      1103      8.1176937E+01 -1.1515890E-01  4.8179778E-04  1.3815971E-03 -1.1252210E+00  6.0982896E+00 
      1103 SSD -6.6323530E+02 -3.4356085E+00 -1.1953925E+01 -2.0781093E-01  1.0740728E+01 -3.0420128E+01 
      1104      2.0343444E+01 -1.3584201E-01  1.6759539E-02 -4.7359025E-04 -7.2835767E-01  4.1669660E+00 
      1104 SSD -1.8550884E+02 -1.3588376E+00 -1.3860182E+01 -2.2674570E-01  1.4385638E+01 -3.9791204E+01 
      1105      6.4626448E+01 -1.1895640E-01 -4.6083750E-03  1.4316889E-03 -2.3440333E+00  4.7225024E+00 
      1105 SSD -5.2723441E+02 -1.1607188E+00 -1.1925298E+01 -2.0520290E-01  1.7817186E+01 -3.0701442E+01 
      1106      1.4525179E+00 -7.9409444E-02 -1.2488772E-01  4.2130622E-03 -8.3730519E-01 -1.9324777E+00 
      1106 SSD -1.0185320E+02  1.1841657E+00  2.2549287E+00 -1.8435175E-01  1.8036736E+01  3.3604448E+01 
      1107      2.4485676E+01 -8.8182723E-02 -1.1137612E-01  1.8770633E-03 -2.6539869E+00 -2.7488629E+00 
      1107 SSD -4.0517294E+02  1.0675941E+00  1.2780272E-01 -1.9866047E-01  2.8163036E+01  2.6656116E+01 
      1108      5.1237819E+01 -9.6045192E-02 -1.0855910E-01  1.3454604E-03 -4.5510496E+00 -2.5482368E+00 
      1108 SSD -6.2109992E+02  1.0059158E+00 -2.1351685E+00 -2.0643512E-01  3.2740439E+01  1.6350785E+01 
      1109      7.2862711E+01 -1.0171843E-01 -1.0631276E-01  1.3705909E-03 -5.9736332E+00 -1.6338291E+00 
      1109 SSD -7.2676170E+02  9.9887294E-01 -4.3943491E+00 -2.0541880E-01  3.2764886E+01  4.6991792E+00 
      1110      2.3663358E+00 -1.1364076E-01 -1.1746609E-01 -4.8461117E-04 -1.8245766E+00 -9.0085050E-01 
      1110 SSD -8.6242344E+01  2.8606987E+00  1.2632182E-01 -2.1867696E-01  3.5685060E+01  1.7278923E+01 
      1111     -5.6395370E+00 -1.1202279E-01 -1.2454877E-01  2.5115682E-03 -4.7785046E-01 -6.2280755E-01 
      1111 SSD  9.0158231E+01  2.7921345E+00  2.4488746E+00 -1.9246841E-01  2.1094044E+01  1.8138482E+01 
      1112      1.2185533E+01 -1.1620680E-01 -1.2276482E-01 -7.5747117E-04 -3.4005217E+00 -8.5913789E-01 
      1112 SSD -2.3134732E+02  2.9139749E+00 -2.2736203E+00 -2.3090517E-01  4.5242132E+01  1.2102027E+01 
      1113      2.0487625E+01 -1.1939523E-01 -1.2810602E-01  1.3470952E-04 -4.6806449E+00 -5.6880710E-01 
      1113 SSD -3.1627924E+02  2.9624063E+00 -4.6654197E+00 -2.2393058E-01  4.9443627E+01  4.8792613E+00 
      1114      7.2389661E+01 -2.3445365E-02 -1.0259443E-01  2.0964528E-03 -1.6752438E+00 -6.0163552E+00 
      1114 SSD -7.4239331E+02 -2.4585760E+00  5.7682511E-02 -1.9622098E-01  4.6401143E+00  3.2028950E+01 
      1115      5.0681987E+01 -5.4512989E-02 -1.0627653E-01  2.3729482E-03 -2.5165873E+00 -4.6287032E+00 
      1115 SSD -6.3257236E+02 -6.7159840E-01  1.0529822E-01 -1.9123035E-01  1.7384553E+01  3.1485191E+01 
      1116      1.9676656E+01  7.3235611E-04 -1.2100226E-01  2.7451605E-03 -6.5161938E-01 -4.6978636E+00 
      1116 SSD -3.3561459E+02 -2.1327527E+00  2.0698878E+00 -1.9922755E-01  4.0483099E+00  4.9484350E+01 
      1117      1.0992616E+01 -3.6486134E-02 -1.2328361E-01  4.2526090E-03 -8.7464388E-01 -3.4541314E+00 
      1117 SSD -2.5232646E+02 -4.4969821E-01  2.1420782E+00 -1.8175583E-01  1.2338210E+01  4.4469561E+01 
      1118      1.7050633E+02 -5.8136622E-02 -7.5563736E-02  1.7447354E-03 -3.1794474E+00 -3.1912149E+00 
      1118 SSD -1.0297522E+03 -2.8656473E+00 -4.0870853E+00 -2.0068362E-01 -1.7849739E+00 -2.5539628E+00 
      1119      1.2830199E+02 -4.3156922E-02 -8.8670710E-02  1.8337495E-03 -2.5834510E+00 -5.3005322E+00 
      1119 SSD -9.7248191E+02 -2.7047220E+00 -2.0147381E+00 -1.9985893E-01  2.5078374E+00  1.3578667E+01 
      1120      1.2845350E+02 -7.9826507E-02 -8.8814747E-02  1.6321029E-03 -5.2701850E+00 -2.5821375E+00 
      1120 SSD -9.6474898E+02 -9.2307316E-01 -4.2033544E+00 -2.0209024E-01  1.4557749E+01  1.9621349E+00 
      1121      9.4433073E+01 -6.9106230E-02 -9.7122137E-02  1.8127113E-03 -4.1231753E+00 -4.1684296E+00 
      1121 SSD -8.7290697E+02 -8.3313879E-01 -2.0482008E+00 -1.9975714E-01  1.7645629E+01  1.6438549E+01 

