      NODE            V1             V2             V3             VR1            VR2            VR3
      1001     -7.6497863E+00 -1.4329589E-01 -9.5472347E-02 -9.5658593E-02  6.6929399E-02 -1.6330727E-01 
      1001 SSD  2.2053105E+02  4.7810422E+00 -1.5425967E+01 -2.4345244E+00 -3.2136745E+00  2.2125769E+00 
      1002     -7.6089271E+00 -2.3010971E-01 -1.2660710E-01  1.3186937E-01  2.2983616E-01  6.1298216E-01 
      1002 SSD  2.2004848E+02  3.3385995E+00 -1.5599167E+01 -3.2758185E+00  2.7259432E+00 -6.7557897E+00 
      1003     -7.5822020E+00 -1.9672098E-01 -1.3265958E-01  1.1315402E-01  1.3291833E-01  1.1301814E+00 
      1003 SSD  2.1941355E+02  6.1175837E-01 -1.5880398E+01 -2.7714587E-01  1.5653965E+00 -2.6587970E+01 
      1004     -7.5160692E+00 -2.6774229E-01 -1.3801338E-01  1.8203868E-01  9.1334558E-02  1.4609049E+00 
      1004 SSD  2.1993490E+02 -2.0531321E+00 -1.5916578E+01  9.9064139E-01  2.2025296E+00 -4.5014309E+01 
      1005     -7.4843144E+00 -2.9969552E-01 -1.3252777E-01  1.3857596E-01 -1.7228248E-02  1.5137098E+00 
      1005 SSD  2.2009290E+02 -4.6228065E+00 -1.5891718E+01  1.5033228E+00  9.1602272E-01 -5.8396190E+01 
      1006     -7.4718092E+00 -3.1133788E-01 -1.2043934E-01  7.0973735E-02 -1.0843008E-01  1.3246363E+00 
      1006 SSD  2.2040142E+02 -6.7672102E+00 -1.5761591E+01  1.4536437E+00  2.4064826E-01 -6.4455891E+01 
      1007     -7.5014752E+00 -2.8938055E-01 -1.0866283E-01 -3.2506219E-02 -1.6006142E-01  9.4816012E-01 
      1007 SSD  2.2039735E+02 -8.4606918E+00 -1.5644539E+01  7.9957716E-01 -2.3319929E-01 -6.2511606E+01 
      1008     -7.5561274E+00 -2.5019823E-01 -1.0330723E-01 -1.1919116E-01 -1.8109734E-01  5.0615070E-01 
      1008 SSD  2.2051711E+02 -9.8959155E+00 -1.5581155E+01  4.3863151E-01 -1.0206680E+00 -5.1395602E+01 
      1009     -7.6492425E+00 -1.8851938E-01 -1.0913399E-01 -1.5144876E-01 -1.1126172E-01  1.6199651E-01 
      1009 SSD  2.2026770E+02 -1.1378747E+01 -1.5713272E+01 -4.1369706E-01 -4.7836905E-01 -3.2875394E+01 
      1010     -7.6411972E+00 -1.4944343E-01 -1.1565918E-01 -1.9527535E-01 -5.9041645E-02 -1.4838504E-03 
      1010 SSD  2.2184925E+02 -1.2483358E+01 -1.5759710E+01 -3.1977646E-01 -2.4155196E+00 -1.1345949E+01 
      1011     -7.7545766E+00 -1.3470117E-01 -1.4947402E-01 -9.3941746E-02 -6.7243488E-03  1.0400166E-01 
      1011 SSD  2.2120906E+02 -1.4525992E+01 -1.6275822E+01 -3.0363213E+00  5.7907330E-01  2.9865502E+00 
      1012     -7.5797202E+00 -1.7567858E-01 -2.2615044E-01 -7.5475431E-02 -5.6451471E-02  1.6771300E-01 
      1012 SSD  2.2401257E+02 -1.5034123E+01  3.0710955E+00 -2.3411731E+00  3.4786382E+00 -1.9445963E+00 
      1013     -7.5188388E+00 -9.5427722E-02 -1.9288654E-01  1.1206559E-01 -2.3313197E-01 -6.0142553E-01 
      1013 SSD  2.2333730E+02 -1.3701521E+01  3.2538335E+00 -2.9064635E+00 -2.8655993E+00  6.8498983E+00 
      1014     -7.4749438E+00 -1.2246375E-01 -1.8404572E-01  1.1179173E-01 -1.3041858E-01 -1.0953436E+00 
      1014 SSD  2.2251923E+02 -1.1075351E+01  3.5190180E+00 -4.7922725E-01 -1.6112625E+00  2.7209016E+01 
      1015     -7.3887850E+00 -5.4232468E-02 -1.7800278E-01  1.8630416E-01 -9.1117835E-02 -1.4110365E+00 
      1015 SSD  2.2291212E+02 -8.2743696E+00  3.5635054E+00  1.1226178E+00 -2.3040621E+00  4.6019712E+01 
      1016     -7.3382274E+00 -2.2346931E-02 -1.8348072E-01  1.3445615E-01  1.5498898E-02 -1.4422973E+00 
      1016 SSD  2.2290657E+02 -5.7350959E+00  3.5262428E+00  1.4992645E+00 -1.0246313E+00  5.9674728E+01 
      1017     -7.3047686E+00 -4.9385727E-03 -1.9487613E-01  6.4528382E-02  1.0929392E-01 -1.2305532E+00 
      1017 SSD  2.2308147E+02 -3.5052506E+00  3.3995736E+00  1.3692010E+00 -3.2191044E-01  6.5904853E+01 
      1018     -7.3155304E+00 -2.7872553E-02 -2.0586449E-01 -2.1902081E-02  1.6060182E-01 -8.5542162E-01 
      1018 SSD  2.2294310E+02 -1.7538921E+00  3.2969572E+00  8.5711388E-01  2.0867457E-01  6.3829774E+01 
      1019     -7.3507700E+00 -7.1507110E-02 -2.1153985E-01 -1.2079226E-01  1.7973923E-01 -4.2512092E-01 
      1019 SSD  2.2294450E+02 -3.5177451E-01  3.2360562E+00  5.4181681E-01  1.0752485E+00  5.2303625E+01 
      1020     -7.4225768E+00 -1.2605827E-01 -2.0426790E-01 -1.6179878E-01  1.1409505E-01 -9.7449253E-02 
      1020 SSD  2.2250619E+02  1.0861921E+00  3.3668810E+00 -3.9676356E-01  4.7779847E-01  3.3326520E+01 
      1021     -7.3907689E+00 -1.6680728E-01 -1.9631490E-01 -1.7754451E-01  7.4232256E-02  2.0186816E-02 
      1021 SSD  2.2400684E+02  2.2973814E+00  3.4101422E+00 -4.8147340E-01  2.6679818E+00  1.1498601E+01 
      1022     -7.4882688E+00 -1.8953787E-01 -1.6291645E-01 -9.8852223E-02  1.0654830E-02 -1.1306546E-01 
      1022 SSD  2.2308594E+02  4.1082453E+00  3.8859343E+00 -2.7221565E+00 -3.0719203E-01 -3.3785745E+00 
      1023     -7.4881868E+00 -1.7827914E-01 -1.6723641E-01 -1.0690442E-02 -1.5477321E-01 -6.0936078E-02 
      1023 SSD  2.2209442E+02  4.3850384E+00  2.4228388E+00 -2.7842876E+00  8.3532926E+00  2.6305020E-01 
      1024     -7.4485517E+00 -1.7432567E-01 -1.9893991E-01  1.6237136E-01 -5.3212061E-01  1.2205298E-01 
      1024 SSD  2.2166327E+02  4.5207237E+00 -3.1935223E-01 -2.0909979E-01  2.7093011E+01  1.0879219E+00 
      1025     -7.4018351E+00 -1.7382327E-01 -2.4120646E-01  2.0544775E-01 -9.2670577E-01  2.0006397E-01 
      1025 SSD  2.2146593E+02  4.5756656E+00 -2.8503992E+00  9.6757176E-01  4.5632680E+01  1.2753797E+00 
      1026     -7.3619559E+00 -1.8046500E-01 -2.8276163E-01  1.8093307E-01 -1.2186242E+00  2.1414673E-01 
      1026 SSD  2.2137698E+02  4.5108096E+00 -5.4267358E+00  1.6346304E+00  5.8366424E+01  7.9135551E-01 
      1027     -7.3549197E+00 -1.9173308E-01 -3.0067959E-01  1.0128264E-01 -1.3539954E+00  1.4904256E-01 
      1027 SSD  2.2126325E+02  4.3816202E+00 -7.6729973E+00  1.5579039E+00  6.2971489E+01  1.9934376E-01 
      1028     -7.3756595E+00 -2.0290686E-01 -2.8778385E-01  8.8771434E-04 -1.2961567E+00  4.8247511E-02 
      1028 SSD  2.2092196E+02  4.2817227E+00 -9.4918559E+00  8.7041320E-01  5.9937488E+01 -5.0720439E-01 
      1029     -7.4285652E+00 -2.0768769E-01 -2.4910597E-01 -1.0998966E-01 -1.0361531E+00 -5.3275782E-02 
      1029 SSD  2.2064468E+02  4.2476342E+00 -1.0910609E+01  2.9342333E-01  4.9517330E+01 -1.7006660E+00 
      1030     -7.5168675E+00 -1.9879811E-01 -1.8453436E-01 -1.6954408E-01 -6.5035121E-01 -1.3783920E-01 
      1030 SSD  2.2011113E+02  4.3474528E+00 -1.2229653E+01 -5.9382855E-01  3.3103504E+01 -1.4096820E+00 
      1031     -7.5592978E+00 -1.8774790E-01 -1.6475187E-01 -2.3914939E-01 -2.3483484E-01 -2.2876118E-01 
      1031 SSD  2.2073268E+02  4.4482546E+00 -1.3563527E+01 -2.5767973E-01  1.2177267E+01 -2.9083124E+00 
      1032     -7.7166715E+00 -1.4156409E-01 -1.4066966E-01 -7.2418472E-03  1.5168430E-01  6.0029903E-02 
      1032 SSD  2.2082363E+02 -1.4723628E+01 -1.4645824E+01 -2.7119333E+00 -8.7784209E+00 -3.6660720E-01 
      1033     -7.6434039E+00 -1.4602608E-01 -1.1319297E-01  1.6529430E-01  5.1065518E-01 -1.2309557E-01 
      1033 SSD  2.2086806E+02 -1.4849675E+01 -1.1973590E+01 -2.1623466E-01 -2.8540053E+01 -1.1058310E+00 
      1034     -7.5621044E+00 -1.4679253E-01 -6.9841008E-02  2.0839244E-01  8.8619492E-01 -1.9933990E-01 
      1034 SSD  2.2119643E+02 -1.4899818E+01 -9.4379188E+00  1.0160583E+00 -4.8043011E+01 -1.2534732E+00 
      1035     -7.4903209E+00 -1.4078491E-01 -2.8139299E-02  1.8164102E-01  1.1580970E+00 -2.1407634E-01 
      1035 SSD  2.2161074E+02 -1.4842305E+01 -6.8782051E+00  1.6855574E+00 -6.1291343E+01 -7.1003705E-01 
      1036     -7.4493779E+00 -1.2941251E-01 -9.1561607E-03  1.0054285E-01  1.2823261E+00 -1.3948034E-01 
      1036 SSD  2.2203980E+02 -1.4714235E+01 -4.6351326E+00  1.6028953E+00 -6.5849785E+01 -6.3353939E-02 
      1037     -7.4423887E+00 -1.1886890E-01 -2.3619761E-02 -1.4900062E-03  1.2213014E+00 -4.7964162E-02 
      1037 SSD  2.2216700E+02 -1.4622226E+01 -2.8519062E+00  8.7209565E-01 -6.2408423E+01  5.6873161E-01 
      1038     -7.4620117E+00 -1.1290072E-01 -6.0182085E-02 -1.1335707E-01  9.7991992E-01  6.9486461E-02 
      1038 SSD  2.2248426E+02 -1.4571724E+01 -1.4294975E+00  2.9087378E-01 -5.1108897E+01  2.0654932E+00 
      1039     -7.5113361E+00 -1.2092023E-01 -1.2650159E-01 -1.6787882E-01  6.2564377E-01  1.5222967E-01 
      1039 SSD  2.2255538E+02 -1.4663416E+01 -1.3934255E-01 -6.1977449E-01 -3.3847210E+01  1.5444068E+00 
      1040     -7.5183363E+00 -1.3016071E-01 -1.4032618E-01 -2.5031046E-01  2.2151733E-01  2.2890365E-01 
      1040 SSD  2.2360839E+02 -1.4775643E+01  1.1451858E+00 -3.7227197E-01 -1.2470039E+01  2.8567912E+00 
      1041      3.0182760E+01 -2.6822693E-01 -1.3405088E-01 -4.3444601E-04  3.1282033E-01  6.3187628E+00 
      1041 SSD -2.7527035E+02 -6.2870196E+00 -1.3909007E+01 -2.1184374E-01  3.7418418E+00 -3.5751952E+01 
      1042      1.0054223E+02 -2.3077987E-01 -1.4040516E-01  4.2016695E-04  4.5330022E-01  7.9464746E+00 
      1042 SSD -5.2692183E+02 -5.8616318E+00 -1.1977940E+01 -1.9559777E-01  5.6204769E+00 -1.4587138E+01 
      1043      1.7347604E+02 -2.0097729E-01 -1.4640258E-01  4.8782579E-04  4.1309631E-01  6.8762381E+00 
      1043 SSD -5.9056180E+02 -5.5444053E+00 -1.0047866E+01 -1.9477983E-01  6.7728152E+00  2.8679245E+00 
      1044      2.2683970E+02 -1.7837211E-01 -1.5143123E-01  5.1092644E-04  2.6462046E-01  3.9771963E+00 
      1044 SSD -5.1812196E+02 -5.3266597E+00 -8.1148383E+00 -1.9416619E-01  7.0814591E+00  1.2874679E+01 
      1045      2.4626445E+02 -1.5994400E-01 -1.5584790E-01  5.1550234E-04  3.9552236E-04 -3.0881075E-02 
      1045 SSD -4.5323976E+02 -5.1662706E+00 -6.1783184E+00 -1.9405656E-01  7.1950635E-01 -6.2174395E-02 
      1046      2.2627194E+02 -1.4147211E-01 -1.6033552E-01  5.0650365E-04 -2.6623486E-01 -4.0311171E+00 
      1046 SSD -5.1927953E+02 -5.0034261E+00 -4.2422980E+00 -1.9438460E-01 -5.7388042E+00 -1.3050916E+01 
      1047      1.7254172E+02 -1.1871884E-01 -1.6551884E-01  4.8144797E-04 -4.2071825E-01 -6.8966377E+00 
      1047 SSD -5.9328974E+02 -4.7782950E+00 -2.3094064E+00 -1.9530141E-01 -5.7241375E+00 -3.0747269E+00 
      1048      9.9611024E+01 -8.8554684E-02 -1.7172358E-01  4.1764744E-04 -4.6464695E-01 -7.9245395E+00 
      1048 SSD -5.3141501E+02 -4.4483445E+00 -3.7584439E-01 -1.9680629E-01 -5.0305701E+00  1.4413869E+01 
      1049      2.9629642E+01 -5.0490872E-02 -1.7825302E-01 -5.2480552E-04 -3.2393987E-01 -6.2640602E+00 
      1049 SSD -2.7994480E+02 -4.0058920E+00  1.5704652E+00 -2.1520806E-01 -3.6529962E+00  3.5924467E+01 
      1050      2.2647059E+02 -1.5442856E-01 -1.3863741E-01  5.1414629E-04  4.0200040E+00  2.3383685E-01 
      1050 SSD -5.2574741E+02 -7.1176940E+00 -6.0369626E+00 -1.9389819E-01  1.3664482E+01  6.3518791E+00 
      1051      1.7269918E+02 -1.4859152E-01 -1.1719816E-01  4.7848235E-04  6.9074132E+00  3.6064137E-01 
      1051 SSD -6.0500855E+02 -9.0614242E+00 -5.8344073E+00 -1.9385232E-01  3.3998347E+00  5.9847431E+00 
      1052      9.9540677E+01 -1.4251492E-01 -8.8588477E-02  3.6439026E-04  7.9555144E+00  3.5192919E-01 
      1052 SSD -5.4470364E+02 -1.0989562E+01 -5.5307856E+00 -1.9445161E-01 -1.4519400E+01  4.4953422E+00 
      1053      2.9438754E+01 -1.3661945E-01 -5.2719913E-02 -2.6946075E-04  6.2693521E+00  1.6675011E-01 
      1053 SSD -2.8848141E+02 -1.2901389E+01 -5.1218689E+00 -2.0720947E-01 -3.6679125E+01  2.3031517E+00 
      1054      1.5446823E+02 -1.5928259E-01 -1.1863045E-01  3.8084877E-04  6.4303013E+00  3.0992122E+00 
      1054 SSD -6.6119327E+02 -9.1112641E+00 -7.8454954E+00 -1.9543726E-01 -5.6950131E-01  4.1016376E+00 
      1055      1.1343506E+02 -1.7382566E-01 -1.2637542E-01  6.3013388E-04  5.0180296E+00  5.0395950E+00 
      1055 SSD -6.4923119E+02 -9.2148158E+00 -9.9505965E+00 -1.9274511E-01 -6.4998492E+00 -6.7410198E+00 
      1056      6.0617615E+01 -1.9403700E-01 -1.3302730E-01  1.1772092E-03  3.0299969E+00  5.5824880E+00 
      1056 SSD -5.1055785E+02 -9.3958217E+00 -1.2053305E+01 -1.8605044E-01 -1.0430986E+01 -2.0808648E+01 
      1057      1.3469236E+01 -2.1923036E-01 -1.2811195E-01  3.3653108E-03  1.0052178E+00  4.0316372E+00 
      1057 SSD -2.2315756E+02 -9.6437503E+00 -1.4022300E+01 -1.7575510E-01 -9.7609747E+00 -3.6272861E+01 
      1058      1.5468718E+02 -1.9119453E-01 -1.3760018E-01  6.9082095E-04  3.1494211E+00  6.4350110E+00 
      1058 SSD -6.5532811E+02 -7.4311551E+00 -1.0019143E+01 -1.9197167E-01  4.9608375E+00 -8.8870772E-01 
      1059      2.0574912E+02 -1.7068474E-01 -1.3676117E-01  5.2530265E-04  3.8761457E+00  3.8400473E+00 
      1059 SSD -6.1160816E+02 -7.2457040E+00 -8.0062024E+00 -1.9386349E-01  1.0881030E+01  1.0101430E+01 
      1060      8.6874673E+01 -2.1845933E-01 -1.3740630E-01  1.1189171E-03  2.0337975E+00  7.2946419E+00 
      1060 SSD -5.5975808E+02 -7.7076915E+00 -1.2028966E+01 -1.8630531E-01  2.1543720E-01 -1.7548652E+01 
      1061      2.3708109E+01 -2.5218007E-01 -1.3113281E-01  1.9845828E-03  7.7805389E-01  5.5512928E+00 
      1061 SSD -2.8156032E+02 -8.0705581E+00 -1.3965344E+01 -1.8591796E-01 -2.1735202E+00 -3.7822347E+01 
      1062      1.4691609E+01 -1.4520663E-01 -9.1373327E-02 -3.6815752E-03  3.9565380E+00  9.6151995E-01 
      1062 SSD -2.1528808E+02 -1.2812062E+01 -9.6324240E+00 -2.3877254E-01 -3.7447762E+01 -1.0441073E+01 
      1063      6.1068882E+01 -1.5460123E-01 -1.1087080E-01 -9.0656866E-05  5.5015325E+00  3.0367120E+00 
      1063 SSD -5.1022796E+02 -1.0968796E+01 -9.8204582E+00 -2.0133404E-01 -2.1169458E+01 -1.0713151E+01 
      1064      2.4187225E+01 -1.4101278E-01 -6.3986050E-02 -2.2110237E-03  5.5059456E+00  6.4168853E-01 
      1064 SSD -2.8243854E+02 -1.2855508E+01 -7.2604942E+00 -2.2829143E-01 -3.8736767E+01 -3.5458306E+00 
      1065      8.6853980E+01 -1.4726883E-01 -9.4404219E-02 -9.4119773E-05  7.2511841E+00  1.9396469E+00 
      1065 SSD -5.6645908E+02 -1.0957897E+01 -7.5979293E+00 -2.0091531E-01 -1.7745989E+01 -8.4592813E-01 
      1066     -4.9704513E+00 -1.5032635E-01 -1.2938834E-01  2.0049412E-03  4.5072019E-01  6.3057883E-01 
      1066 SSD  7.3586975E+01 -1.2659517E+01 -1.4291615E+01 -1.7512605E-01 -1.9772946E+01 -1.7253954E+01 
      1067      3.6258767E+00 -1.4855275E-01 -1.1893959E-01 -2.2885524E-03  2.0453947E+00  9.8248026E-01 
      1067 SSD -8.8940103E+01 -1.2753372E+01 -1.2018819E+01 -2.1687379E-01 -3.1373210E+01 -1.5750119E+01 
      1068      2.5710583E+00 -1.7674010E-01 -1.2745966E-01  3.3078791E-03  9.2068839E-01  2.1789547E+00 
      1068 SSD -9.9492220E+01 -1.1160645E+01 -1.4116706E+01 -1.7824251E-01 -1.5659607E+01 -2.9440944E+01 
      1069      2.9259117E+01 -1.6504049E-01 -1.2672418E-01  3.9334660E-04  3.1556199E+00  3.2551306E+00 
      1069 SSD -3.5294891E+02 -1.1036882E+01 -1.2049326E+01 -1.9531843E-01 -2.1240697E+01 -2.0775589E+01 
      1070      2.5223759E+01 -8.5255745E-02 -1.7272762E-01 -2.4697210E-03  7.6433432E-01 -4.8756773E+00 
      1070 SSD -1.3773143E+02 -8.5526878E+00  1.3988266E+00 -2.2736687E-01 -1.2765427E+01  2.9989886E+01 
      1071      7.7634934E+01 -1.0799010E-01 -1.6139888E-01  1.1447977E-04  2.7463756E+00 -5.6318992E+00 
      1071 SSD -3.7435011E+02 -8.7978932E+00 -4.5755243E-01 -1.9997088E-01 -1.1953957E+01  1.9483958E+01 
      1072      1.2844982E+02 -1.2575231E-01 -1.4180304E-01  6.1906542E-04  4.7678908E+00 -4.7082710E+00 
      1072 SSD -5.0248863E+02 -8.9441931E+00 -2.1944335E+00 -1.9250336E-01 -6.9295819E+00  7.9494591E+00 
      1073      1.6326740E+02 -1.3847882E-01 -1.2542702E-01  6.4112909E-04  6.3056286E+00 -2.5021970E+00 
      1073 SSD -5.5351542E+02 -9.0210677E+00 -3.9578216E+00 -1.9159844E-01  7.9767623E-01  3.1918655E+00 
      1074      9.6792505E+01 -9.3157048E-02 -1.6798950E-01  9.9286104E-05  1.2739476E+00 -7.3399193E+00 
      1074 SSD -4.6689659E+02 -6.5422899E+00 -4.3384020E-01 -2.0156371E-01 -7.5682973E+00  1.5411302E+01 
      1075      3.0479998E+01 -6.0190316E-02 -1.7464281E-01 -2.1800662E-03  2.4663387E-01 -6.0455072E+00 
      1075 SSD -2.2840037E+02 -6.1590929E+00  1.4982484E+00 -2.2947517E-01 -8.0220588E+00  3.3404976E+01 
      1076      1.6350966E+02 -1.1905670E-01 -1.5579800E-01  4.3823240E-04  2.4897832E+00 -6.2508551E+00 
      1076 SSD -5.4543790E+02 -6.8153474E+00 -2.2810732E+00 -1.9578202E-01 -2.6002766E+00  1.1743845E-01 
      1077      2.1104815E+02 -1.3851984E-01 -1.4513360E-01  5.2776887E-04  3.4902326E+00 -3.4963413E+00 
      1077 SSD -5.1880937E+02 -6.9930260E+00 -4.1322608E+00 -1.9386582E-01  6.0614290E+00 -5.3668435E+00 
      1078      1.3083526E+01 -1.2183145E-01 -1.3768460E-01  3.6247562E-03  3.1390286E+00 -1.0459083E+00 
      1078 SSD -4.4862503E+01 -1.3136684E+01 -2.6679740E-01 -1.5818497E-01 -2.3308662E+01  1.4994394E+01 
      1079      4.6780150E+01 -1.2590670E-01 -1.4947159E-01  1.0382298E-03  3.4956190E+00 -3.3220807E+00 
      1079 SSD -2.3706632E+02 -1.1083544E+01 -4.0402650E-01 -1.8780317E-01 -1.7814041E+01  2.0145677E+01 
      1080      1.7787939E+00 -1.1878219E-01 -1.6313841E-01  2.4769721E-03  1.2303257E+00 -9.4654425E-01 
      1080 SSD  1.0413137E+02 -1.3324941E+01  1.2477647E+00 -1.4587571E-01 -1.2810994E+01  1.6947886E+01 
      1081      1.4785930E+01 -1.2017372E-01 -1.6521636E-01 -9.0697680E-04  1.1568289E+00 -3.0050067E+00 
      1081 SSD -2.1054690E+01 -1.1077554E+01  1.2949638E+00 -1.9412791E-01 -1.3610504E+01  2.5281390E+01 
      1082      2.3119047E+01 -1.2849740E-01 -9.5635921E-02  3.7359041E-03  4.9168007E+00 -7.9248557E-01 
      1082 SSD -1.6506217E+02 -1.3023197E+01 -1.7431273E+00 -1.6265183E-01 -2.9750057E+01  1.2092380E+01 
      1083      7.6549962E+01 -1.3327668E-01 -1.2109164E-01  1.3096515E-03  5.7864372E+00 -2.6906333E+00 
      1083 SSD -3.8965207E+02 -1.1067753E+01 -2.0128157E+00 -1.8290886E-01 -1.7489740E+01  1.2850406E+01 
      1084      2.9053030E+01 -1.3198030E-01 -6.4643663E-02  1.9222561E-03  6.0538062E+00 -3.6812632E-01 
      1084 SSD -2.4792719E+02 -1.2954441E+01 -3.2986814E+00 -1.8252058E-01 -3.3746195E+01  6.7939507E+00 
      1085      9.5811562E+01 -1.3843880E-01 -9.8507587E-02  9.7136169E-04  7.4262339E+00 -1.3432305E+00 
      1085 SSD -4.8442689E+02 -1.1035148E+01 -3.6803016E+00 -1.8637203E-01 -1.4586024E+01  7.3004216E+00 
      1086      2.9820251E+01 -1.8254577E-01 -2.5793075E-01  3.5718601E-04 -6.2605351E+00 -1.7247877E-01 
      1086 SSD -2.6948714E+02  2.5679422E+00 -7.2020511E+00 -1.9902330E-01  3.5493136E+01 -1.9841323E+00 
      1087      9.9770565E+01 -1.7709332E-01 -2.2244589E-01  5.3192161E-04 -7.9354938E+00 -3.8242983E-01 
      1087 SSD -5.1920703E+02  6.5167085E-01 -6.8043737E+00 -1.9272872E-01  1.4340983E+01 -4.2684402E+00 
      1088      1.7278339E+02 -1.7126801E-01 -1.9416425E-01  4.6994722E-04 -6.8953480E+00 -4.1065606E-01 
      1088 SSD -5.8217195E+02 -1.2749696E+00 -6.5115404E+00 -1.9416257E-01 -2.6906927E+00 -5.9200114E+00 
      1089      2.2648412E+02 -1.6548696E-01 -1.7296452E-01  5.4155010E-04 -4.0156033E+00 -2.9282148E-01 
      1089 SSD -5.1257304E+02 -3.2162565E+00 -6.3167212E+00 -1.9362738E-01 -1.2405372E+01 -6.4279745E+00 
      1090      9.6303207E+01 -1.8125459E-01 -2.1263094E-01  1.0854124E-03 -7.4297836E+00  1.3204224E+00 
      1090 SSD -4.6216198E+02  6.8940495E-01 -8.6669249E+00 -1.8544639E-01  1.4283074E+01 -6.8501446E+00 
      1091      7.7143080E+01 -1.8672902E-01 -1.8987418E-01  1.3430769E-03 -5.8032176E+00  2.6942708E+00 
      1091 SSD -3.7320844E+02  7.1124468E-01 -1.0345187E+01 -1.8434732E-01  1.7139676E+01 -1.2070648E+01 
      1092      4.7265000E+01 -1.9458975E-01 -1.6200709E-01  8.5987852E-04 -3.5154501E+00  3.3441435E+00 
      1092 SSD -2.2771568E+02  7.1336699E-01 -1.1967516E+01 -1.9188328E-01  1.7397746E+01 -1.9414445E+01 
      1093      1.5003855E+01 -2.0130680E-01 -1.4668741E-01 -7.6013658E-04 -1.1697660E+00  3.0385533E+00 
      1093 SSD -1.8307517E+01  6.9228494E-01 -1.3670834E+01 -2.0440169E-01  1.3316225E+01 -2.4609478E+01 
      1094      2.3506848E+01 -1.9102535E-01 -2.1449390E-01  3.7700279E-03 -4.9434523E+00  8.0644423E-01 
      1094 SSD -1.5486393E+02  2.6827830E+00 -1.0605209E+01 -1.6330049E-01  2.8751784E+01 -1.1428739E+01 
      1095      2.9490417E+01 -1.8704813E-01 -2.4619569E-01  2.4587345E-03 -6.0622597E+00  3.6877385E-01 
      1095 SSD -2.3235225E+02  2.6188462E+00 -9.0417209E+00 -1.7556624E-01  3.2660349E+01 -6.3079616E+00 
      1096      1.3338697E+01 -1.9810147E-01 -1.7269187E-01  3.0539664E-03 -3.1700978E+00  1.0612321E+00 
      1096 SSD -4.0413662E+01  2.7823104E+00 -1.2105844E+01 -1.6280597E-01  2.2640774E+01 -1.4426265E+01 
      1097      1.8652693E+00 -2.0397998E-01 -1.4618657E-01  1.0647668E-03 -1.2446978E+00  9.6915919E-01 
      1097 SSD  1.0397696E+02  2.9621535E+00 -1.3648855E+01 -1.5659616E-01  1.2515816E+01 -1.6523796E+01 
      1098      1.6434963E+02 -2.0106050E-01 -1.5607905E-01  4.2101277E-04 -2.5011845E+00  6.2374432E+00 
      1098 SSD -5.3384264E+02 -3.5229673E+00 -1.0081217E+01 -1.9577997E-01  3.3577302E+00  8.5286852E-02 
      1099      1.2917750E+02 -1.9457841E-01 -1.6973756E-01  6.0321825E-04 -4.7801459E+00  4.7023351E+00 
      1099 SSD -4.8578432E+02 -1.4046521E+00 -1.0168947E+01 -1.9250711E-01  7.1734887E+00 -7.3978323E+00 
      1100      2.1158462E+02 -1.8148613E-01 -1.6657004E-01  5.4589989E-04 -3.4933189E+00  3.4488890E+00 
      1100 SSD -5.0578002E+02 -3.3448051E+00 -8.2261271E+00 -1.9356247E-01 -4.9740694E+00  5.4211689E+00 
      1101      1.6378010E+02 -1.8153792E-01 -1.8602787E-01  6.2995732E-04 -6.3061666E+00  2.4654485E+00 
      1101 SSD -5.3254361E+02 -1.3225631E+00 -8.3970576E+00 -1.9186151E-01 -2.7095472E-01 -2.8852806E+00 
      1102      3.0923762E+01 -2.5995889E-01 -1.3732203E-01 -2.2541953E-03 -2.6002858E-01  6.0961835E+00 
      1102 SSD -2.2293191E+02 -4.1691625E+00 -1.3843896E+01 -2.2905520E-01  7.9908256E+00 -3.2870221E+01 
      1103      9.7592906E+01 -2.2704773E-01 -1.4417507E-01  1.3167490E-05 -1.2904409E+00  7.3626599E+00 
      1103 SSD -4.5770744E+02 -3.7934372E+00 -1.1928384E+01 -2.0201645E-01  7.8902679E+00 -1.5121902E+01 
      1104      2.5551978E+01 -2.3611770E-01 -1.3945314E-01 -2.4939982E-03 -7.7627054E-01  4.9185883E+00 
      1104 SSD -1.3294357E+02 -1.7927654E+00 -1.3771990E+01 -2.2559777E-01  1.2544461E+01 -2.9308477E+01 
      1105      7.8284669E+01 -2.1278499E-01 -1.5054122E-01  9.9304614E-05 -2.7621656E+00  5.6557614E+00 
      1105 SSD -3.6333537E+02 -1.5523679E+00 -1.1913064E+01 -1.9930281E-01  1.1941469E+01 -1.8830159E+01 
      1106      2.3797692E+00 -1.4184546E-01 -1.8414132E-01  3.8402437E-03 -8.9467771E-01 -2.1582594E+00 
      1106 SSD -9.6196534E+01  8.6985330E-01  1.8040380E+00 -1.7148432E-01  1.5899615E+01  2.8650870E+01 
      1107      2.8896876E+01 -1.5419145E-01 -1.8493204E-01  7.3279100E-04 -3.1034893E+00 -3.2447613E+00 
      1107 SSD -3.4081886E+02  7.3187096E-01 -2.6662392E-01 -1.9165047E-01  2.1429898E+01  1.9679994E+01 
      1108      6.0713320E+01 -1.6486482E-01 -2.0053807E-01 -1.8604199E-05 -5.4456481E+00 -3.0531448E+00 
      1108 SSD -4.8914442E+02  6.5060044E-01 -2.4990120E+00 -2.0072924E-01  2.1239999E+01  9.9427616E+00 
      1109      8.6753353E+01 -1.7225846E-01 -2.1679578E-01  1.9738851E-05 -7.2087932E+00 -1.9775065E+00 
      1109 SSD -5.4076722E+02  6.2912226E-01 -4.7286731E+00 -1.9963886E-01  1.7728262E+01  6.6309712E-01 
      1110      3.7295273E+00 -1.7189525E-01 -1.9278184E-01 -2.4595765E-03 -1.9986992E+00 -9.8755975E-01 
      1110 SSD -7.8351003E+01  2.4391183E+00 -2.8442183E-01 -2.1765837E-01  3.0985212E+01  1.4977471E+01 
      1111     -4.8639435E+00 -1.7050860E-01 -1.8190020E-01  1.6106175E-03 -4.1415666E-01 -6.3123987E-01 
      1111 SSD  7.7562514E+01  2.3745513E+00  1.9980531E+00 -1.8390028E-01  1.9843482E+01  1.6538120E+01 
      1112      1.4835380E+01 -1.7467826E-01 -2.1995291E-01 -2.9143020E-03 -3.9080894E+00 -9.7060966E-01 
      1112 SSD -1.9851089E+02  2.4854938E+00 -2.6736256E+00 -2.3050951E-01  3.6557789E+01  9.9275984E+00 
      1113      2.4448876E+01 -1.7830104E-01 -2.4699609E-01 -1.7187973E-03 -5.4739344E+00 -6.5839423E-01 
      1113 SSD -2.6259378E+02  2.5254391E+00 -5.0544101E+00 -2.2126806E-01  3.7564379E+01  3.4685535E+00 
      1114      8.5915683E+01 -1.0091821E-01 -1.7447403E-01  1.0185879E-03 -2.0279273E+00 -7.2731255E+00 
      1114 SSD -5.5778221E+02 -2.5861247E+00 -3.1352561E-01 -1.8866168E-01  5.1685533E-01  1.6881195E+01 
      1115      5.9845728E+01 -1.2556360E-01 -1.7866805E-01  1.4242980E-03 -2.9982390E+00 -5.5617050E+00 
      1115 SSD -5.0208087E+02 -8.9985570E-01 -2.7564982E-01 -1.8298651E-01  1.1064456E+01  1.9784912E+01 
      1116      2.3145901E+01 -6.6870698E-02 -1.8102772E-01  1.7702059E-03 -7.7168307E-01 -5.4923550E+00 
      1116 SSD -2.8407527E+02 -2.1997322E+00  1.6295572E+00 -1.9017066E-01  2.4463510E+00  3.7582561E+01 
      1117      1.3044738E+01 -1.0027227E-01 -1.8316130E-01  3.8782775E-03 -9.8567035E-01 -3.9830851E+00 
      1117 SSD -2.2248452E+02 -6.3263025E-01  1.6957734E+00 -1.6887192E-01  1.0134051E+01  3.5669042E+01 
      1118      2.0519913E+02 -1.4911361E-01 -1.7488062E-01  5.3475086E-04 -3.8685885E+00 -3.8964493E+00 
      1118 SSD -6.0000263E+02 -3.0801333E+00 -4.3439757E+00 -1.9399013E-01 -9.5940520E+00 -1.0406168E+01 
      1119      1.5374041E+02 -1.2843920E-01 -1.7414504E-01  6.5492163E-04 -3.1437410E+00 -6.4597225E+00 
      1119 SSD -6.4759307E+02 -2.8815909E+00 -2.3277986E+00 -1.9294565E-01 -3.8493241E+00  3.3390908E-01 
      1120      1.5405645E+02 -1.6045010E-01 -1.9280613E-01  3.8053961E-04 -6.4068456E+00 -3.1521757E+00 
      1120 SSD -6.3935612E+02 -1.2149849E+00 -4.4936936E+00 -1.9567206E-01  1.3989897E+00 -4.4065957E+00 
      1121      1.1266080E+02 -1.4582343E-01 -1.8519421E-01  6.3285501E-04 -4.9871498E+00 -5.0619228E+00 
      1121 SSD -6.3227431E+02 -1.0980101E+00 -2.3829009E+00 -1.9289618E-01  7.3199208E+00  5.9901643E+00 

