      NODE            V1             V2             V3             VR1            VR2            VR3
      1001     -6.2062313E+00 -3.5734376E-01 -7.0399748E-01 -2.9043390E-01  6.0969244E-02 -3.0291445E-01 
      1001 SSD  1.8617986E+02  3.5171183E+00 -1.6430423E+01 -3.1181552E+00 -2.8650074E+00  1.2509546E+00 
      1002     -6.1285261E+00 -5.9192000E-01 -7.8094127E-01  2.0220865E-01  5.7600256E-01  1.2032274E+00 
      1002 SSD  1.8592573E+02  1.5251723E+00 -1.6809120E+01 -2.5535475E+00  4.2482227E+00 -3.1056127E+00 
      1003     -6.0805841E+00 -5.7860367E-01 -8.0134157E-01  2.4390522E-01  3.3512773E-01  1.7891824E+00 
      1003 SSD  1.8547016E+02 -1.0132836E+00 -1.7132673E+01  4.6276895E-01  2.4608706E+00 -2.0267067E+01 
      1004     -5.9204072E+00 -8.0282597E-01 -8.1465942E-01  4.3301853E-01  2.6128948E-01  1.9562343E+00 
      1004 SSD  1.8641045E+02 -4.1472603E+00 -1.7203670E+01  2.1921565E+00  2.8487678E+00 -3.7180190E+01 
      1005     -5.8466070E+00 -9.3294965E-01 -8.0162977E-01  3.4991119E-01  6.9056196E-03  1.6257630E+00 
      1005 SSD  1.8677248E+02 -6.9303733E+00 -1.7141444E+01  2.4389691E+00  8.7575532E-01 -5.0673276E+01 
      1006     -5.8152071E+00 -1.0113977E+00 -7.7220204E-01  2.0645398E-01 -2.2113737E-01  1.0133722E+00 
      1006 SSD  1.8715504E+02 -9.1613335E+00 -1.6932580E+01  1.9647764E+00 -4.2244264E-01 -5.8067717E+01 
      1007     -5.8777364E+00 -1.0039569E+00 -7.4291406E-01 -3.7021608E-02 -3.6434519E-01  2.7675710E-01 
      1007 SSD  1.8697138E+02 -1.0720560E+01 -1.6736892E+01  6.3904397E-01 -1.2706906E+00 -5.8313202E+01 
      1008     -5.9949777E+00 -9.4776882E-01 -7.2893259E-01 -2.4922991E-01 -4.3744072E-01 -3.4698678E-01 
      1008 SSD  1.8674537E+02 -1.1897736E+01 -1.6636463E+01 -3.0913901E-01 -2.2233944E+00 -4.9592211E+01 
      1009     -6.2099934E+00 -8.3889341E-01 -7.4481679E-01 -3.4959159E-01 -2.6961688E-01 -5.6960623E-01 
      1009 SSD  1.8591069E+02 -1.2966300E+01 -1.6803121E+01 -1.3901786E+00 -1.2354274E+00 -3.2717312E+01 
      1010     -6.1589442E+00 -7.7423272E-01 -7.6148004E-01 -4.5266517E-01 -2.0333076E-01 -3.2541491E-01 
      1010 SSD  1.8751575E+02 -1.3819253E+01 -1.6896843E+01 -1.6072098E+00 -2.8564085E+00 -1.1669966E+01 
      1011     -6.4251926E+00 -7.8710448E-01 -8.4981591E-01 -2.9691062E-01  4.8461574E-03  3.1870178E-01 
      1011 SSD  1.8621531E+02 -1.5765940E+01 -1.7620083E+01 -3.6956774E+00  5.7225438E-01  3.7076643E+00 
      1012     -5.9051027E+00 -8.9816025E-01 -5.7790604E-01 -2.4241673E-01 -2.8270118E-02  3.1988366E-01 
      1012 SSD  1.9031085E+02 -1.6547301E+01  1.2613218E+00 -2.8974168E+00  3.2059703E+00 -9.5095136E-01 
      1013     -5.7873057E+00 -6.8162148E-01 -4.9565848E-01  1.6486652E-01 -5.8837718E-01 -1.1690619E+00 
      1013 SSD  1.8998567E+02 -1.4707668E+01  1.6635201E+00 -2.3059141E+00 -4.4142608E+00  3.2902051E+00 
      1014     -5.7055438E+00 -6.8113569E-01 -4.6872384E-01  2.3575055E-01 -3.3148102E-01 -1.6763591E+00 
      1014 SSD  1.8945277E+02 -1.2223904E+01  1.9901035E+00  2.4591727E-01 -2.4941338E+00  2.1167534E+01 
      1015     -5.5030959E+00 -4.6071575E-01 -4.5352363E-01  4.4616399E-01 -2.6464409E-01 -1.7859602E+00 
      1015 SSD  1.9038848E+02 -8.9732327E+00  2.0742431E+00  2.3555906E+00 -2.9536682E+00  3.8596793E+01 
      1016     -5.3908437E+00 -3.3078961E-01 -4.6656130E-01  3.4193404E-01 -1.4675598E-02 -1.3882119E+00 
      1016 SSD  1.9070344E+02 -6.2187847E+00  2.0005358E+00  2.4107938E+00 -9.9979236E-01  5.2526149E+01 
      1017     -5.3153429E+00 -2.3738398E-01 -4.9427499E-01  1.9045757E-01  2.1973368E-01 -7.1273409E-01 
      1017 SSD  1.9108242E+02 -3.8665693E+00  1.7997828E+00  1.8402616E+00  3.4244082E-01  6.0248032E+01 
      1018     -5.3380981E+00 -2.4529305E-01 -5.2140474E-01 -1.1252977E-02  3.6415280E-01  1.9128986E-02 
      1018 SSD  1.9088251E+02 -2.2561138E+00  1.6232676E+00  7.6675223E-01  1.2473475E+00  6.0351102E+01 
      1019     -5.4139574E+00 -3.1238046E-01 -5.3606752E-01 -2.4781121E-01  4.3592430E-01  5.9747961E-01 
      1019 SSD  1.9065911E+02 -1.1393270E+00  1.5230632E+00 -2.1033639E-01  2.2699688E+00  5.1120848E+01 
      1020     -5.5850013E+00 -4.0557539E-01 -5.1688261E-01 -3.7229198E-01  2.7644223E-01  7.5494460E-01 
      1020 SSD  1.8976956E+02 -6.7606584E-02  1.6974722E+00 -1.4398266E+00  1.2546167E+00  3.3644508E+01 
      1021     -5.4808602E+00 -4.7311530E-01 -4.9732510E-01 -4.1507909E-01  2.4944652E-01  3.7914078E-01 
      1021 SSD  1.9144212E+02  8.7362527E-01  1.7959546E+00 -1.6503895E+00  3.2216378E+00  1.1957310E+01 
      1022     -5.7194047E+00 -4.8408591E-01 -4.1062671E-01 -3.0394470E-01  1.1263631E-02 -3.5217188E-01 
      1022 SSD  1.8995550E+02  2.5398558E+00  2.4769911E+00 -3.4236314E+00 -2.7290184E-01 -4.1659278E+00 
      1023     -5.7534392E+00 -4.5008301E-01 -4.5019498E-01 -1.1161508E-01 -1.1017630E-01 -1.2789442E-01 
      1023 SSD  1.8890809E+02  2.8997765E+00  1.0099828E+00 -2.9677990E+00  7.6216148E+00 -1.0301962E-01 
      1024     -5.6785542E+00 -4.3762398E-01 -5.9063580E-01  3.6176686E-01 -4.2089323E-01  3.1171281E-01 
      1024 SSD  1.8871349E+02  3.0633282E+00 -1.9665509E+00  8.5545996E-01  2.4513725E+01  1.9374946E+00 
      1025     -5.5840087E+00 -4.3479010E-01 -7.4598068E-01  4.8709109E-01 -7.5558649E-01  4.8743528E-01 
      1025 SSD  1.8879560E+02  3.1230123E+00 -4.7824819E+00  2.3173062E+00  4.1086171E+01  2.6021782E+00 
      1026     -5.5055906E+00 -4.5085435E-01 -9.0045112E-01  4.5019786E-01 -9.9542560E-01  5.0244296E-01 
      1026 SSD  1.8893850E+02  3.0141768E+00 -7.6391760E+00  2.8430599E+00  5.2382894E+01  2.1815781E+00 
      1027     -5.5012955E+00 -4.7853814E-01 -9.9147772E-01  2.7082680E-01 -1.1158717E+00  3.2508691E-01 
      1027 SSD  1.8884728E+02  2.8108911E+00 -1.0003094E+01  2.2475447E+00  5.6335068E+01  1.1225313E+00 
      1028     -5.5578828E+00 -5.0641411E-01 -1.0062168E+00  3.6412489E-02 -1.0881089E+00  7.7393328E-02 
      1028 SSD  1.8836118E+02  2.6355512E+00 -1.1741875E+01  9.1473995E-01  5.3545661E+01 -2.6133807E-01 
      1029     -5.6880422E+00 -5.1854353E-01 -9.5402987E-01 -2.2598860E-01 -8.7605895E-01 -1.6293406E-01 
      1029 SSD  1.8772795E+02  2.5674344E+00 -1.2913974E+01 -3.8540498E-01  4.4336629E+01 -2.1021506E+00 
      1030     -5.9041052E+00 -4.9599473E-01 -8.3594489E-01 -3.9134762E-01 -5.3747826E-01 -3.4095101E-01 
      1030 SSD  1.8661595E+02  2.7243729E+00 -1.3804510E+01 -1.6835812E+00  2.9796188E+01 -2.3335344E+00 
      1031     -5.9943855E+00 -4.6728771E-01 -8.2076723E-01 -5.4767820E-01 -2.1171100E-01 -5.7843349E-01 
      1031 SSD  1.8694237E+02  2.9009782E+00 -1.5007152E+01 -1.8115490E+00  1.0920653E+01 -4.4276154E+00 
      1032     -6.3462498E+00 -8.0909468E-01 -7.9548794E-01 -1.0097036E-01  8.9858396E-02  1.2196761E-01 
      1032 SSD  1.8605397E+02 -1.6019186E+01 -1.5956803E+01 -2.8728671E+00 -8.0856616E+00 -1.2513293E-02 
      1033     -6.1716646E+00 -8.2232230E-01 -6.6572900E-01  3.6937701E-01  3.2861982E-01 -3.1458642E-01 
      1033 SSD  1.8658689E+02 -1.6176192E+01 -1.3074465E+01  8.6961909E-01 -2.6152082E+01 -1.9619801E+00 
      1034     -5.9743486E+00 -8.2542231E-01 -5.0725311E-01  4.9572946E-01  5.9028443E-01 -4.8537455E-01 
      1034 SSD  1.8745191E+02 -1.6232180E+01 -1.0244976E+01  2.3872376E+00 -4.3841851E+01 -2.5747255E+00 
      1035     -5.7999050E+00 -8.1072095E-01 -3.5259711E-01  4.5341400E-01  7.6515679E-01 -4.9914340E-01 
      1035 SSD  1.8833863E+02 -1.6133964E+01 -7.4032249E+00  2.9008153E+00 -5.5802173E+01 -2.0942220E+00 
      1036     -5.6953150E+00 -7.8280226E-01 -2.5975830E-01  2.6994244E-01  8.5414291E-01 -2.9903018E-01 
      1036 SSD  1.8904033E+02 -1.5930974E+01 -5.0373060E+00  2.2883662E+00 -5.9788527E+01 -9.2011007E-01 
      1037     -5.6654784E+00 -7.5644121E-01 -2.4990181E-01  3.1016542E-02  8.2796866E-01 -7.0384136E-02 
      1037 SSD  1.8923862E+02 -1.5767214E+01 -3.3458083E+00  9.0095203E-01 -5.6602442E+01  3.3765022E-01 
      1038     -5.6951681E+00 -7.4155950E-01 -2.9812402E-01 -2.3449789E-01  6.8214714E-01  2.1047684E-01 
      1038 SSD  1.8944742E+02 -1.5676033E+01 -2.1595932E+00 -4.1101191E-01 -4.6372477E+01  2.5823640E+00 
      1039     -5.7982627E+00 -7.6223670E-01 -4.2127689E-01 -3.8882826E-01  4.4361509E-01  3.7971486E-01 
      1039 SSD  1.8922094E+02 -1.5820341E+01 -1.3101261E+00 -1.7013328E+00 -3.0751768E+01  2.5689964E+00 
      1040     -5.7847920E+00 -7.8693268E-01 -4.2367008E-01 -5.7655674E-01  1.6667552E-01  5.8042925E-01 
      1040 SSD  1.9024584E+02 -1.5996628E+01 -1.1865912E-01 -1.9988402E+00 -1.1316381E+01  4.3834120E+00 
      1041      6.2683879E+01 -9.0200892E-01 -7.5904885E-01 -6.0893097E-03  7.7550875E-01  1.2877601E+01 
      1041 SSD -8.4644141E+01 -8.3952328E+00 -1.5159448E+01 -2.1592908E-01  5.7032539E+00  3.2640077E+00 
      1042      2.0925772E+02 -8.0696463E-01 -7.2862544E-01 -3.6292301E-03  1.0774977E+00  1.6833898E+01 
      1042 SSD  1.0063942E+02 -7.7214972E+00 -1.3264777E+01 -1.9340905E-01  8.3536507E+00  3.4973819E+01 
      1043      3.6405628E+02 -7.3178740E-01 -6.9737846E-01 -3.4408788E-03  9.4592775E-01  1.4633695E+01 
      1043 SSD  4.9113093E+02 -7.2066598E+00 -1.1368900E+01 -1.9210735E-01  9.1558536E+00  4.5601691E+01 
      1044      4.7722482E+02 -6.7526456E-01 -6.6380748E-01 -3.3679342E-03  5.7440077E-01  8.3929263E+00 
      1044 SSD  8.9365889E+02 -6.8391072E+00 -9.4639987E+00 -1.9131497E-01  8.5055900E+00  3.7284426E+01 
      1045      5.1806879E+02 -6.2951468E-01 -6.2881158E-01 -3.3509279E-03  1.8603057E-02 -8.8882566E-02 
      1045 SSD  1.0774999E+03 -6.5565498E+00 -7.5520135E+00 -1.9115740E-01  7.4188998E-01 -2.9558321E-01 
      1046      4.7559832E+02 -5.8356505E-01 -5.9403827E-01 -3.3789278E-03 -5.4588692E-01 -8.5482197E+00 
      1046 SSD  8.8822914E+02 -6.2711235E+00 -5.6411162E+00 -1.9154762E-01 -7.1375235E+00 -3.7866031E+01 
      1047      3.6135268E+02 -5.2641246E-01 -5.6095659E-01 -3.4623397E-03 -9.4001200E-01 -1.4698370E+01 
      1047 SSD  4.8133380E+02 -5.8948685E+00 -3.7377025E+00 -1.9265157E-01 -8.1303063E+00 -4.5971501E+01 
      1048      2.0649546E+02 -4.4994219E-01 -5.3027025E-01 -3.6536381E-03 -1.0926478E+00 -1.6779439E+01 
      1048 SSD  8.9010210E+01 -5.3644825E+00 -1.8401209E+00 -1.9460302E-01 -7.8242406E+00 -3.4992261E+01 
      1049      6.0968817E+01 -3.5288099E-01 -5.0001655E-01 -6.3402290E-03 -8.0233730E-01 -1.2718553E+01 
      1049 SSD -9.3632553E+01 -4.6691346E+00  6.8238215E-02 -2.1977267E-01 -5.6855334E+00 -2.6729912E+00 
      1050      4.7605308E+02 -6.6253561E-01 -5.8634007E-01 -3.3448941E-03  8.5224120E+00  4.7030611E-01 
      1050 SSD  8.8326619E+02 -8.4770921E+00 -7.2968005E+00 -1.9099108E-01  3.8375562E+01  7.5256758E+00 
      1051      3.6169773E+02 -6.9447711E-01 -5.3281046E-01 -3.4178414E-03  1.4724202E+01  7.9418938E-01 
      1051 SSD  4.7118189E+02 -1.0387536E+01 -6.9521349E+00 -1.9114722E-01  4.6335530E+01  7.9939428E+00 
      1052      2.0629430E+02 -7.2539126E-01 -4.6060856E-01 -3.6873747E-03  1.6852279E+01  8.0941046E-01 
      1052 SSD  7.6052694E+01 -1.2280471E+01 -6.4585155E+00 -1.9245721E-01  3.5071987E+01  6.5600381E+00 
      1053      6.0496166E+01 -7.5635974E-01 -3.6952378E-01 -5.5245754E-03  1.2731097E+01  4.0222384E-01 
      1053 SSD -1.0281735E+02 -1.4157971E+01 -5.8111128E+00 -2.0971659E-01  2.0093593E+00  3.3303879E+00 
      1054      3.2284584E+02 -7.2005802E-01 -5.8278901E-01 -3.6756255E-03  1.3725036E+01  6.5728141E+00 
      1054 SSD  3.0388215E+02 -1.0507764E+01 -8.9769744E+00 -1.9339418E-01  3.9484845E+01  2.3146314E+01 
      1055      2.3580119E+02 -7.5569093E-01 -6.4953469E-01 -3.0512090E-03  1.0653621E+01  1.0687673E+01 
      1055 SSD  6.1564838E+01 -1.0707180E+01 -1.1138952E+01 -1.8907859E-01  2.4757335E+01  2.4636657E+01 
      1056      1.2449010E+02 -8.0625745E-01 -7.1398751E-01 -1.6507181E-03  6.3042355E+00  1.1707612E+01 
      1056 SSD -1.2911836E+02 -1.1022176E+01 -1.3292715E+01 -1.7877135E-01  8.3416127E+00  1.4062808E+01 
      1057      2.8224497E+01 -8.7018911E-01 -7.4918136E-01  3.4243852E-03  1.9194908E+00  7.9648741E+00 
      1057 SSD -1.3443090E+02 -1.1438408E+01 -1.5237106E+01 -1.5444588E-01 -3.7028544E+00 -1.1407100E+01 
      1058      3.2359672E+02 -7.5378399E-01 -6.7663200E-01 -2.9112300E-03  6.7212143E+00  1.3719263E+01 
      1058 SSD  3.1136359E+02 -9.0341866E+00 -1.1282003E+01 -1.8794068E-01  2.4355149E+01  3.9181217E+01 
      1059      4.3222156E+02 -7.0262126E-01 -6.2784045E-01 -3.3222939E-03  8.2578224E+00  8.1427668E+00 
      1059 SSD  6.7139911E+02 -8.7127716E+00 -9.2581893E+00 -1.9089755E-01  3.4724749E+01  3.3681641E+01 
      1060      1.7965255E+02 -8.2264725E-01 -7.2306581E-01 -1.8255279E-03  4.3105806E+00  1.5437042E+01 
      1060 SSD -1.6026685E+01 -9.4920682E+00 -1.3296565E+01 -1.7947681E-01  1.2696030E+01  2.8028861E+01 
      1061      4.8737438E+01 -9.0868432E-01 -7.5408602E-01 -7.2982804E-05  1.5945354E+00  1.1208974E+01 
      1061 SSD -1.3055507E+02 -1.0080416E+01 -1.5197862E+01 -1.7406644E-01  2.5310965E+00 -3.5055066E+00 
      1062      3.1155002E+01 -7.7324512E-01 -5.6175887E-01 -1.3944506E-02  7.7647224E+00  1.7974619E+00 
      1062 SSD -1.1882064E+02 -1.4122599E+01 -1.0585199E+01 -2.6400146E-01 -1.3050507E+01 -4.6700778E+00 
      1063      1.2547807E+02 -7.5227864E-01 -6.1107461E-01 -4.8766347E-03  1.1515484E+01  6.3040241E+00 
      1063 SSD -1.2595377E+02 -1.2337461E+01 -1.0904939E+01 -2.0243740E-01  1.3179586E+01  8.0874822E+00 
      1064      4.9699776E+01 -7.6517748E-01 -4.4419277E-01 -1.0321372E-02  1.1077891E+01  1.2430366E+00 
      1064 SSD -1.2852533E+02 -1.4139917E+01 -8.0263181E+00 -2.4357923E-01 -4.7065840E+00  2.7994764E-01 
      1065      1.7929718E+02 -7.3548394E-01 -5.2171997E-01 -4.8711267E-03  1.5332240E+01  4.0586391E+00 
      1065 SSD -2.3071997E+01 -1.2279368E+01 -8.5676862E+00 -2.0198221E-01  2.7541363E+01  1.1012729E+01 
      1066     -4.3332587E+00 -7.8060002E-01 -7.5958125E-01  5.3652487E-04  4.6412141E-01  9.3658040E-01 
      1066 SSD  5.2406013E+01 -1.4001193E+01 -1.5519992E+01 -1.6237082E-01 -1.7336747E+01 -1.3653072E+01 
      1067      1.0321793E+01 -7.7915372E-01 -6.8088359E-01 -1.0279887E-02  3.7128590E+00  1.7404506E+00 
      1067 SSD -5.9336471E+01 -1.4084892E+01 -1.3162878E+01 -2.3287155E-01 -1.8956366E+01 -9.8946591E+00 
      1068      7.6716111E+00 -8.0709546E-01 -7.5040040E-01  3.3210978E-03  1.6044309E+00  4.0637352E+00 
      1068 SSD -7.6618526E+01 -1.2673587E+01 -1.5329292E+01 -1.5727236E-01 -1.0192462E+01 -1.6173141E+01 
      1069      6.0008742E+01 -7.7753013E-01 -6.9965374E-01 -3.6421097E-03  6.3970396E+00  6.6331273E+00 
      1069 SSD -1.6592444E+02 -1.2473381E+01 -1.3246757E+01 -1.9327400E-01 -1.6848071E+00 -5.8164138E-01 
      1070      5.6026064E+01 -5.3841006E-01 -4.9157525E-01 -1.0826444E-02  1.2643351E+00 -9.8929702E+00 
      1070 SSD  2.4535184E+01 -9.4579131E+00 -6.7847673E-02 -2.4432213E-01 -8.3472134E+00  7.2680036E-02 
      1071      1.6399578E+02 -5.9598524E-01 -5.0861161E-01 -4.3812113E-03  5.5613759E+00 -1.1713846E+01 
      1071 SSD  1.1143814E+02 -9.8547514E+00 -1.8551882E+00 -1.9976345E-01  4.8856267E+00 -1.5424733E+01 
      1072      2.6988905E+02 -6.3982601E-01 -5.0410002E-01 -3.0646017E-03  9.9896210E+00 -9.8376214E+00 
      1072 SSD  2.9812026E+02 -1.0119329E+01 -3.4668028E+00 -1.8890782E-01  2.2596231E+01 -2.1229212E+01 
      1073      3.4240335E+02 -6.7050489E-01 -5.0785186E-01 -2.9995164E-03  1.3368856E+01 -5.2054877E+00 
      1073 SSD  4.6289543E+02 -1.0280470E+01 -5.1259962E+00 -1.8783187E-01  3.9913665E+01 -1.2373986E+01 
      1074      2.0218947E+02 -5.0977547E-01 -5.2308594E-01 -4.4639817E-03  2.4706236E+00 -1.5469770E+01 
      1074 SSD  1.3617009E+02 -7.4949845E+00 -1.8741262E+00 -2.0146454E-01  2.2143914E-01 -3.0237200E+01 
      1075      6.4425087E+01 -4.2612588E-01 -4.9358306E-01 -1.0284432E-02  2.5108983E-01 -1.2307291E+01 
      1075 SSD -3.5874515E+01 -6.8931897E+00  1.8957057E-02 -2.4468366E-01 -6.7206517E+00 -3.7804193E+00 
      1076      3.4303181E+02 -5.7497354E-01 -5.3811150E-01 -3.5609613E-03  5.1759737E+00 -1.3230824E+01 
      1076 SSD  4.7218512E+02 -7.9401077E+00 -3.6455350E+00 -1.9341041E-01  1.2851186E+01 -3.8688547E+01 
      1077      4.4345864E+02 -6.2337467E-01 -5.5684901E-01 -3.3137350E-03  7.3729962E+00 -7.3850033E+00 
      1077 SSD  7.9347146E+02 -8.2469683E+00 -5.4307231E+00 -1.9087800E-01  2.7657934E+01 -2.7030054E+01 
      1078      3.2366696E+01 -7.2886067E-01 -4.5010520E-01  4.5702237E-03  6.3143683E+00 -1.8592611E+00 
      1078 SSD  4.4824317E+01 -1.4302394E+01 -1.5102414E+00 -1.3467209E-01 -4.1414444E+00  8.8096877E+00 
      1079      1.0107585E+02 -6.9007866E-01 -4.8021275E-01 -1.9911455E-03  7.1481529E+00 -6.7017747E+00 
      1079 SSD  5.9311321E+01 -1.2265341E+01 -1.7246335E+00 -1.8157934E-01  3.6551761E+00 -2.7100471E-01 
      1080      1.1665040E+01 -7.2648078E-01 -4.7342403E-01  2.4822154E-03  2.3898246E+00 -1.6444979E+00 
      1080 SSD  1.2631654E+02 -1.4473634E+01 -1.5813281E-01 -1.2926306E-01 -5.4500790E+00  1.1363339E+01 
      1081      3.6811749E+01 -6.7671459E-01 -4.7692874E-01 -6.4211704E-03  2.1447877E+00 -5.9570795E+00 
      1081 SSD  7.9226744E+01 -1.2218939E+01 -1.2444851E-01 -2.0035298E-01 -6.7420981E+00  6.9775773E+00 
      1082      5.0603103E+01 -7.4118037E-01 -3.8753472E-01  4.6243554E-03  1.0000312E+01 -1.3476568E+00 
      1082 SSD -1.5787096E+01 -1.4230038E+01 -2.7091377E+00 -1.3857268E-01  4.6138912E-01  7.4847818E+00 
      1083      1.6121417E+02 -7.0643833E-01 -4.5243100E-01 -1.2653126E-03  1.2111275E+01 -5.4205253E+00 
      1083 SSD  8.9608529E+01 -1.2298916E+01 -3.1485327E+00 -1.7472375E-01  1.8364027E+01 -3.6662580E+00 
      1084      6.0788971E+01 -7.4710888E-01 -3.5373756E-01 -5.9048425E-05  1.2330155E+01 -5.6529649E-01 
      1084 SSD -6.3986373E+01 -1.4181795E+01 -4.0633912E+00 -1.7063775E-01  3.5382261E+00  4.7102678E+00 
      1085      1.9968733E+02 -7.1721306E-01 -4.3995959E-01 -2.1322045E-03  1.5688351E+01 -2.6466700E+00 
      1085 SSD  1.1302540E+02 -1.2299804E+01 -4.6701233E+00 -1.8039612E-01  3.1593485E+01 -9.5007565E-01 
      1086      6.1953438E+01 -5.0093266E-01 -8.8424463E-01 -3.9734890E-03 -1.2739687E+01 -4.1376980E-01 
      1086 SSD -8.0698874E+01  1.0484144E+00 -9.2513023E+00 -1.9749407E-01 -3.1720073E+00 -3.0529003E+00 
      1087      2.0752969E+02 -5.3310208E-01 -7.9459631E-01 -3.2889983E-03 -1.6804157E+01 -8.9082482E-01 
      1087 SSD  1.0383871E+02 -8.3639435E-01 -8.6185810E+00 -1.8967619E-01 -3.5117194E+01 -6.5588147E+00 
      1088      3.6247911E+02 -5.6458076E-01 -7.2361841E-01 -3.4535229E-03 -1.4674093E+01 -9.3280938E-01 
      1088 SSD  4.9521831E+02 -2.7293553E+00 -8.1385437E+00 -1.9153472E-01 -4.5521835E+01 -8.3001953E+00 
      1089      4.7640894E+02 -5.9658977E-01 -6.7095415E-01 -3.2803133E-03 -8.4799108E+00 -6.3860199E-01 
      1089 SSD  8.9688745E+02 -4.6376214E+00 -7.8035467E+00 -1.9054838E-01 -3.7051919E+01 -8.0455791E+00 
      1090      2.0157446E+02 -5.4173775E-01 -8.1612593E-01 -1.8757337E-03 -1.5706616E+01  2.5964746E+00 
      1090 SSD  1.3944732E+02 -8.2574376E-01 -1.0420852E+01 -1.7879206E-01 -3.1934420E+01  1.2479061E+00 
      1091      1.6324897E+02 -5.5346015E-01 -8.0393258E-01 -1.2323227E-03 -1.2169023E+01  5.4464441E+00 
      1091 SSD  1.1084616E+02 -8.3931723E-01 -1.1953409E+01 -1.7599699E-01 -1.8855527E+01  4.4822097E+00 
      1092      1.0265614E+02 -5.7120516E-01 -7.7794375E-01 -2.5025817E-03 -7.2166649E+00  6.7798230E+00 
      1092 SSD  7.2532837E+01 -8.8943669E-01 -1.3394936E+01 -1.8692021E-01 -4.2379482E+00  1.1816787E+00 
      1093      3.7492260E+01 -5.8711174E-01 -7.8250412E-01 -6.3191542E-03 -2.1910114E+00  6.0677349E+00 
      1093 SSD  8.3703098E+01 -9.5677229E-01 -1.5002496E+01 -2.0988799E-01  6.3364939E+00 -6.0362066E+00 
      1094      5.1902135E+01 -5.1719062E-01 -8.6671307E-01  4.6959634E-03 -1.0099535E+01  1.3991050E+00 
      1094 SSD -2.5329528E+00  1.1106939E+00 -1.2377932E+01 -1.3897423E-01 -1.6878898E+00 -6.7118026E+00 
      1095      6.2332414E+01 -5.0998727E-01 -9.0134043E-01  1.2787168E-03 -1.2385952E+01  5.7769495E-01 
      1095 SSD -4.4923659E+01  1.0706310E+00 -1.1018314E+01 -1.6026989E-01 -4.7314144E+00 -4.2118930E+00 
      1096      3.3176520E+01 -5.3080001E-01 -8.0553327E-01  3.1235150E-03 -6.4156378E+00  1.9164590E+00 
      1096 SSD  5.1261058E+01  1.1664231E+00 -1.3603402E+01 -1.4326246E-01  3.2257263E+00 -8.1124907E+00 
      1097      1.1888263E+01 -5.4016473E-01 -7.8050899E-01 -1.0488355E-03 -2.4385113E+00  1.7174702E+00 
      1097 SSD  1.2677702E+02  1.3103848E+00 -1.4977417E+01 -1.4914411E-01  5.0337278E+00 -1.0762839E+01 
      1098      3.4568883E+02 -6.8465377E-01 -7.2035155E-01 -3.6049769E-03 -5.1906861E+00  1.3194538E+01 
      1098 SSD  4.9040226E+02 -5.1799783E+00 -1.1466151E+01 -1.9353811E-01 -1.2160369E+01  3.8786862E+01 
      1099      2.7233353E+02 -6.2063359E-01 -7.5367316E-01 -3.1127335E-03 -1.0021020E+01  9.8311622E+00 
      1099 SSD  3.2069926E+02 -3.0130446E+00 -1.1644033E+01 -1.8903612E-01 -2.2443921E+01  2.1741329E+01 
      1100      4.4528223E+02 -6.3605972E-01 -7.0092314E-01 -3.2718645E-03 -7.3563322E+00  7.2532811E+00 
      1100 SSD  8.1085199E+02 -4.8722061E+00 -9.6753803E+00 -1.9047309E-01 -2.6567264E+01  2.6732413E+01 
      1101      3.4433540E+02 -5.8913966E-01 -7.4923270E-01 -3.0435403E-03 -1.3360188E+01  5.1106529E+00 
      1101 SSD  4.8820360E+02 -2.8448243E+00 -9.9749288E+00 -1.8819627E-01 -3.9384849E+01  1.2415409E+01 
      1102      6.5860856E+01 -8.3304553E-01 -7.6508538E-01 -1.0432108E-02 -2.9019126E-01  1.2463471E+01 
      1102 SSD -2.6833254E+01 -6.2159783E+00 -1.5115607E+01 -2.4476376E-01  6.5904969E+00  4.7125266E+00 
      1103      2.0470685E+02 -7.4985543E-01 -7.3623516E-01 -4.6726198E-03 -2.5096337E+00  1.5537962E+01 
      1103 SSD  1.5169220E+02 -5.6225729E+00 -1.3239856E+01 -2.0249727E-01 -1.2217813E-02  3.0699214E+01 
      1104      5.7099864E+01 -7.2420322E-01 -7.6824163E-01 -1.0839462E-02 -1.3073498E+00  1.0030279E+01 
      1104 SSD  3.1997368E+01 -3.6769918E+00 -1.5057601E+01 -2.4268778E-01  8.0249726E+00  9.5080906E-01 
      1105      1.6611147E+02 -6.6545600E-01 -7.5048794E-01 -4.4077455E-03 -5.6099014E+00  1.1794103E+01 
      1105 SSD  1.2767541E+02 -3.2815493E+00 -1.3266052E+01 -1.9919585E-01 -5.0246834E+00  1.6266991E+01 
      1106      7.1691813E+00 -4.4703118E-01 -5.0598683E-01  4.7392485E-03 -1.5240283E+00 -4.0242397E+00 
      1106 SSD -7.4725943E+01 -3.8642497E-01  2.6962018E-01 -1.4676488E-01  1.0633320E+01  1.5517821E+01 
      1107      5.9253562E+01 -4.7870437E-01 -5.5657775E-01 -2.7625716E-03 -6.2497063E+00 -6.6338003E+00 
      1107 SSD -1.5623045E+02 -6.0602249E-01 -1.8153657E+00 -1.8730411E-01  2.2586148E+00 -4.6849672E-01 
      1108      1.2497887E+02 -5.0504779E-01 -6.4443973E-01 -4.6968235E-03 -1.1362320E+01 -6.3690517E+00 
      1108 SSD -1.0701386E+02 -7.5748357E-01 -4.1583306E+00 -2.0133936E-01 -1.2703359E+01 -8.9978838E+00 
      1109      1.7961455E+02 -5.2245184E-01 -7.3345161E-01 -4.5876907E-03 -1.5219554E+01 -4.1668285E+00 
      1109 SSD  2.4568948E+00 -8.2730543E-01 -6.5012555E+00 -1.9994921E-01 -2.7259225E+01 -1.1476948E+01 
      1110      1.0798616E+01 -4.8031371E-01 -5.7492041E-01 -1.0629538E-02 -3.5959268E+00 -1.7721501E+00 
      1110 SSD -4.7840738E+01  9.8750625E-01 -1.8861009E+00 -2.3458027E-01  1.8895897E+01  9.0696800E+00 
      1111     -3.9990829E+00 -4.7920112E-01 -4.9549522E-01 -5.4326638E-04 -3.6355233E-01 -9.5476729E-01 
      1111 SSD  5.7173116E+01  9.2981229E-01  4.8179210E-01 -1.7375810E-01  1.7673370E+01  1.2917129E+01 
      1112      3.1893818E+01 -4.8525194E-01 -6.9285660E-01 -1.1974215E-02 -7.6573512E+00 -1.8353511E+00 
      1112 SSD -1.0070701E+02  1.0163850E+00 -4.4628401E+00 -2.5046375E-01  1.2483921E+01  4.0792131E+00 
      1113      5.0835063E+01 -4.9223582E-01 -8.0978732E-01 -9.0573107E-03 -1.1022330E+01 -1.2898493E+00 
      1113 SSD -1.0643186E+02  1.0333423E+00 -7.0281649E+00 -2.3327546E-01  3.7298803E+00 -4.7718553E-01 
      1114      1.7699196E+02 -4.3380209E-01 -5.3481014E-01 -2.0958276E-03 -4.2743635E+00 -1.5396498E+01 
      1114 SSD -2.1149811E+01 -3.5777104E+00 -1.7949463E+00 -1.8247118E-01 -1.1894885E+01 -2.8557570E+01 
      1115      1.2251742E+02 -4.5063897E-01 -5.4291187E-01 -1.0067157E-03 -6.2000123E+00 -1.1679117E+01 
      1115 SSD -1.2616587E+02 -2.0504450E+00 -1.7834630E+00 -1.7405074E-01 -7.4572300E+00 -1.4964785E+01 
      1116      4.7053330E+01 -3.4619814E-01 -5.0442664E-01 -6.4154735E-04 -1.5710844E+00 -1.1051851E+01 
      1116 SSD -1.3735892E+02 -2.9631511E+00  1.1088142E-01 -1.7973440E-01 -2.2040563E+00  3.6954980E+00 
      1117      2.6999358E+01 -3.8577171E-01 -5.0693557E-01  4.7618312E-03 -1.8553522E+00 -7.8463647E+00 
      1117 SSD -1.3695324E+02 -1.6135261E+00  1.6538840E-01 -1.4418919E-01  4.2290118E+00  1.1143536E+01 
      1118      4.3096141E+02 -5.5594705E-01 -6.2943103E-01 -3.3023806E-03 -8.2046578E+00 -8.3067712E+00 
      1118 SSD  6.7921961E+02 -4.3927984E+00 -5.8388011E+00 -1.9095624E-01 -3.3346671E+01 -3.4410494E+01 
      1119      3.2113299E+02 -5.0392524E-01 -5.8088288E-01 -3.0092971E-03 -6.6757009E+00 -1.3803096E+01 
      1119 SSD  3.1226906E+02 -4.0567465E+00 -3.8126446E+00 -1.8913541E-01 -2.3166350E+01 -3.9935964E+01 
      1120      3.2222523E+02 -5.3832810E-01 -6.7353519E-01 -3.6848583E-03 -1.3639562E+01 -6.7254298E+00 
      1120 SSD  3.2322643E+02 -2.5977175E+00 -6.1070618E+00 -1.9363758E-01 -3.8462467E+01 -2.3846151E+01 
      1121      2.3405624E+02 -5.0197381E-01 -6.0700783E-01 -3.0441892E-03 -1.0547503E+01 -1.0769594E+01 
      1121 SSD  7.3232656E+01 -2.3836723E+00 -3.9404005E+00 -1.8920928E-01 -2.3689359E+01 -2.5574215E+01 

