      NODE            V1             V2             V3             VR1            VR2            VR3
      1001     -8.8399924E+00 -2.2930211E+00 -5.2262240E+00 -1.8874584E+00  1.3717840E-01 -1.6119451E+00 
      1001 SSD  1.5469086E+02 -2.4369315E-01 -2.3673433E+01 -5.8985436E+00 -2.4724038E+00 -1.3589236E+00 
      1002     -8.4310804E+00 -3.7271639E+00 -5.6910143E+00  9.4402269E-01  3.5379751E+00  6.5591972E+00 
      1002 SSD  1.5507661E+02 -4.3395567E+00 -2.4754584E+01 -9.3486812E-01  9.6541326E+00  7.2620572E+00 
      1003     -8.1751245E+00 -3.7906569E+00 -5.8274275E+00  1.4291690E+00  2.0659218E+00  8.5305734E+00 
      1003 SSD  1.5506123E+02 -6.8595952E+00 -2.5275543E+01  2.7494286E+00  5.6243868E+00 -5.8115566E+00 
      1004     -7.2126372E+00 -5.2382526E+00 -5.9075560E+00  2.6188337E+00  1.6813870E+00  8.0675247E+00 
      1004 SSD  1.5746347E+02 -1.2088489E+01 -2.5466287E+01  6.2481087E+00  5.3720725E+00 -2.2342297E+01 
      1005     -6.7749006E+00 -6.1208571E+00 -5.8280068E+00  2.1619055E+00  1.6913494E-01  5.0144606E+00 
      1005 SSD  1.5850304E+02 -1.6105718E+01 -2.5278722E+01  5.7473288E+00  1.0701325E+00 -3.9675888E+01 
      1006     -6.5879428E+00 -6.6889954E+00 -5.6493378E+00  1.3380125E+00 -1.2384663E+00  9.9634245E-01 
      1006 SSD  1.5916353E+02 -1.9098804E+01 -2.4795199E+01  3.9647113E+00 -2.3931320E+00 -5.2861715E+01 
      1007     -6.9433066E+00 -6.7283838E+00 -5.4693613E+00 -1.2238813E-01 -2.1608055E+00 -2.9811910E+00 
      1007 SSD  1.5842349E+02 -2.0620690E+01 -2.4323039E+01  3.8040912E-01 -4.6417809E+00 -5.9380139E+01 
      1008     -7.6190277E+00 -6.4541010E+00 -5.3810849E+00 -1.4251452E+00 -2.6607696E+00 -5.6732655E+00 
      1008 SSD  1.5713337E+02 -2.1288746E+01 -2.4087027E+01 -2.5805878E+00 -6.3309470E+00 -5.5483712E+01 
      1009     -8.8905583E+00 -5.8612915E+00 -5.4783308E+00 -2.0835555E+00 -1.6537479E+00 -5.6028294E+00 
      1009 SSD  1.5435089E+02 -2.1348051E+01 -2.4393099E+01 -4.6253911E+00 -3.8089129E+00 -3.9549919E+01 
      1010     -8.5429356E+00 -5.5210753E+00 -5.5827810E+00 -2.7187845E+00 -1.3596035E+00 -2.6926287E+00 
      1010 SSD  1.5636258E+02 -2.1622053E+01 -2.4649579E+01 -5.8548650E+00 -4.8149681E+00 -1.5222943E+01 
      1011     -1.0096728E+01 -5.6844847E+00 -6.1202328E+00 -1.9397478E+00  8.0163723E-02  2.0661407E+00 
      1011 SSD  1.5276340E+02 -2.3708248E+01 -2.6158327E+01 -6.5119145E+00  6.7005438E-01  6.7180254E+00 
      1012     -6.6976881E+00 -6.3706258E+00 -3.6575370E+00 -1.6022040E+00  7.6953796E-02  1.7286282E+00 
      1012 SSD  1.6195361E+02 -2.5495838E+01 -4.5160493E+00 -5.2474726E+00  3.1288911E+00  1.8229484E+00 
      1013     -6.0629736E+00 -5.0485637E+00 -3.1607500E+00  7.4412719E-01 -3.6217263E+00 -6.3377620E+00 
      1013 SSD  1.6262474E+02 -2.1716337E+01 -3.3633053E+00 -1.0114877E+00 -9.9419687E+00 -6.7390032E+00 
      1014     -5.6160758E+00 -4.9056109E+00 -2.9856961E+00  1.3667007E+00 -2.0489191E+00 -7.7815583E+00 
      1014 SSD  1.6283754E+02 -1.9124064E+01 -2.7797739E+00  2.4419380E+00 -5.6296200E+00  7.8386158E+00 
      1015     -4.4097135E+00 -3.4743011E+00 -2.8936512E+00  2.7047946E+00 -1.7095847E+00 -6.9210007E+00 
      1015 SSD  1.6561625E+02 -1.3809620E+01 -2.5578099E+00  6.5403895E+00 -5.5152311E+00  2.5472985E+01 
      1016     -3.7522877E+00 -2.5927430E+00 -2.9730493E+00  2.1175101E+00 -2.2343502E-01 -3.4248013E+00 
      1016 SSD  1.6695609E+02 -9.8207135E+00 -2.7557736E+00  5.6484318E+00 -1.2722448E+00  4.3902632E+01 
      1017     -3.3112044E+00 -1.9337794E+00 -3.1413103E+00  1.2404203E+00  1.2220786E+00  9.9539240E-01 
      1017 SSD  1.6801100E+02 -6.5724652E+00 -3.2152967E+00  3.6948999E+00  2.2927785E+00  5.8015694E+01 
      1018     -3.4364641E+00 -1.8932997E+00 -3.3079240E+00  3.2828305E-02  2.1560834E+00  4.9446764E+00 
      1018 SSD  1.6761599E+02 -5.0029007E+00 -3.6490546E+00  7.4657645E-01  4.6130186E+00  6.4347734E+01 
      1019     -3.8719642E+00 -2.2322819E+00 -3.3999967E+00 -1.4039005E+00  2.6546408E+00  7.3246106E+00 
      1019 SSD  1.6670359E+02 -4.4910476E+00 -3.8909633E+00 -2.4576730E+00  6.3641270E+00  5.9485964E+01 
      1020     -4.8907714E+00 -2.7339245E+00 -3.2835506E+00 -2.2157945E+00  1.6950635E+00  6.8001142E+00 
      1020 SSD  1.6426628E+02 -4.2851138E+00 -3.5480455E+00 -4.8829741E+00  3.8929718E+00  4.2285516E+01 
      1021     -4.2305122E+00 -3.0917617E+00 -3.1633910E+00 -2.4991326E+00  1.6603697E+00  3.0394876E+00 
      1021 SSD  1.6682650E+02 -3.9604752E+00 -3.2631948E+00 -5.5439072E+00  5.6299999E+00  1.6029644E+01 
      1022     -5.6362655E+00 -3.0786883E+00 -2.6368440E+00 -1.9772674E+00  2.9811137E-02 -2.2909724E+00 
      1022 SSD  1.6328541E+02 -2.3685022E+00 -1.8109515E+00 -6.3234932E+00 -2.1980495E-01 -7.4957399E+00 
      1023     -5.9333089E+00 -2.8565106E+00 -2.9116455E+00 -8.7795462E-01 -5.8204752E-02 -7.2729644E-01 
      1023 SSD  1.6181410E+02 -1.6773920E+00 -3.6089787E+00 -4.1880280E+00  7.0934929E+00 -1.2418015E+00 
      1024     -5.5308359E+00 -2.7741957E+00 -3.8848441E+00  2.1406144E+00 -5.5061896E-01  1.9474170E+00 
      1024 SSD  1.6226838E+02 -1.3927813E+00 -7.9479561E+00  4.2339153E+00  2.2214898E+01  4.9403868E+00 
      1025     -5.0056952E+00 -2.7535779E+00 -4.9226199E+00  2.9361588E+00 -1.1380510E+00  2.9697092E+00 
      1025 SSD  1.6317801E+02 -1.3048879E+00 -1.2238430E+01  6.8561436E+00  3.6817984E+01  7.1697900E+00 
      1026     -4.5800374E+00 -2.8514632E+00 -5.9549157E+00  2.7585731E+00 -1.4872424E+00  3.0083481E+00 
      1026 SSD  1.6399267E+02 -1.5655753E+00 -1.6556889E+01  7.0623817E+00  4.6774526E+01  6.8258117E+00 
      1027     -4.5887181E+00 -3.0206898E+00 -6.5889341E+00  1.6970413E+00 -1.7042058E+00  1.8747040E+00 
      1027 SSD  1.6390065E+02 -2.0294465E+00 -1.9782601E+01  4.8010684E+00  5.0048905E+01  4.0419924E+00 
      1028     -4.9491472E+00 -3.1925468E+00 -6.7599429E+00  2.9803981E-01 -1.7951454E+00  3.5931494E-01 
      1028 SSD  1.6286549E+02 -2.4693643E+00 -2.1679631E+01  1.3047684E+00  4.7296298E+01  3.2646529E-01 
      1029     -5.7459070E+00 -3.2689741E+00 -6.5186670E+00 -1.2797585E+00 -1.5122385E+00 -1.0772627E+00 
      1029 SSD  1.6100490E+02 -2.6569735E+00 -2.2392372E+01 -2.4321580E+00  3.9189124E+01 -3.7238344E+00 
      1030     -7.0590254E+00 -3.1318785E+00 -5.8680099E+00 -2.3301177E+00 -8.7246510E-01 -2.0897092E+00 
      1030 SSD  1.5788526E+02 -2.2952164E+00 -2.2195773E+01 -5.2997453E+00  2.6613601E+01 -5.5486378E+00 
      1031     -7.5890031E+00 -2.9540089E+00 -5.8283197E+00 -3.2589342E+00 -4.7608012E-01 -3.5617653E+00 
      1031 SSD  1.5734941E+02 -1.8496446E+00 -2.3262934E+01 -6.8907488E+00  9.5254177E+00 -9.8572408E+00 
      1032     -9.6546664E+00 -5.8323965E+00 -5.7488680E+00 -8.0914777E-01 -9.2262141E-02  6.8334950E-01 
      1032 SSD  1.5328563E+02 -2.4184546E+01 -2.4026251E+01 -3.9943652E+00 -7.7759496E+00  1.0623479E+00 
      1033     -8.5991776E+00 -5.9183080E+00 -4.8393789E+00  2.1887130E+00 -9.0709617E-02 -1.9647548E+00 
      1033 SSD  1.5545068E+02 -2.4468877E+01 -1.9873330E+01  4.3224683E+00 -2.4788492E+01 -4.9905330E+00 
      1034     -7.4013734E+00 -5.9394072E+00 -3.7808425E+00  2.9922036E+00  7.9404835E-04 -2.9564516E+00 
      1034 SSD  1.5815380E+02 -2.4553923E+01 -1.5536859E+01  7.0102461E+00 -4.1231402E+01 -7.1221180E+00 
      1035     -6.3441453E+00 -5.8488860E+00 -2.7475758E+00  2.7813407E+00 -7.7296598E-02 -2.9804290E+00 
      1035 SSD  1.6066142E+02 -2.4314504E+01 -1.1230936E+01  7.1533189E+00 -5.2482098E+01 -6.6980090E+00 
      1036     -5.6986325E+00 -5.6781760E+00 -2.1051691E+00  1.6931391E+00 -6.3341328E-02 -1.7104723E+00 
      1036 SSD  1.6234411E+02 -2.3848394E+01 -7.9906181E+00  4.8344057E+00 -5.6095751E+01 -3.5911673E+00 
      1037     -5.4832522E+00 -5.5151269E+00 -1.9662743E+00  2.6582792E-01  5.5456971E-02 -2.9921973E-01 
      1037 SSD  1.6285866E+02 -2.3433024E+01 -6.1886985E+00  1.2407032E+00 -5.2914460E+01 -1.6187572E-01 
      1038     -5.6200799E+00 -5.4227968E+00 -2.1875462E+00 -1.3321663E+00  2.1581759E-01  1.3845188E+00 
      1038 SSD  1.6282854E+02 -2.3198827E+01 -5.4322538E+00 -2.5375455E+00 -4.3138467E+01  4.6634645E+00 
      1039     -6.2028946E+00 -5.5495559E+00 -2.8704304E+00 -2.3190255E+00  2.2943069E-01  2.3336785E+00 
      1039 SSD  1.6168876E+02 -2.3532874E+01 -5.7177941E+00 -5.2999031E+00 -2.8516399E+01  6.1531599E+00 
      1040     -6.0562608E+00 -5.7042622E+00 -2.8378327E+00 -3.4357594E+00  1.7712620E-01  3.5792576E+00 
      1040 SSD  1.6287373E+02 -2.3942529E+01 -4.5502681E+00 -7.3417532E+00 -1.0359760E+01  9.8423859E+00 
      1041      3.5595229E+02 -6.0161573E+00 -5.4839483E+00 -4.6345971E-02  4.6571895E+00  7.2457556E+01 
      1041 SSD  4.8309404E+02 -1.7311242E+01 -2.2864370E+01 -2.7642829E-01  1.2674548E+01  1.1876948E+02 
      1042      1.1887908E+03 -5.4313451E+00 -5.2175949E+00 -3.0332709E-02  6.3123838E+00  9.6341586E+01 
      1042 SSD  1.9884861E+03 -1.5749325E+01 -2.0661775E+01 -2.2969007E-01  1.7812044E+01  1.8704544E+02 
      1043      2.0747181E+03 -4.9696322E+00 -4.9465198E+00 -2.9120467E-02  5.4036697E+00  8.3761310E+01 
      1043 SSD  3.7762735E+03 -1.4532079E+01 -1.8450863E+01 -2.2656475E-01  1.7261935E+01  1.7757609E+02 
      1044      2.7206112E+03 -4.6234134E+00 -4.6616866E+00 -2.8626741E-02  3.1487774E+00  4.7680667E+01 
      1044 SSD  5.1966833E+03 -1.3636564E+01 -1.6210345E+01 -2.2502995E-01  1.3242259E+01  1.1243331E+02 
      1045      2.9521694E+03 -4.3437555E+00 -4.3685972E+00 -2.8501022E-02  1.4397678E-01 -5.7979855E-01 
      1045 SSD  5.7457128E+03 -1.2926608E+01 -1.3950524E+01 -2.2467530E-01  9.4129992E-01 -1.1753158E+00 
      1046      2.7100255E+03 -4.0626669E+00 -4.0770036E+00 -2.8684173E-02 -2.9193455E+00 -4.8690952E+01 
      1046 SSD  5.1751928E+03 -1.2211685E+01 -1.1694080E+01 -2.2533420E-01 -1.1561891E+01 -1.1454551E+02 
      1047      2.0570902E+03 -3.7120094E+00 -3.7955016E+00 -2.9246914E-02 -5.3265883E+00 -8.4191158E+01 
      1047 SSD  3.7397560E+03 -1.1300961E+01 -9.4602160E+00 -2.2726681E-01 -1.6147430E+01 -1.7859277E+02 
      1048      1.1706880E+03 -3.2415646E+00 -3.5281267E+00 -3.0492918E-02 -6.3851185E+00 -9.5998652E+01 
      1048 SSD  1.9494842E+03 -1.0055341E+01 -7.2535644E+00 -2.3105635E-01 -1.7407026E+01 -1.8653412E+02 
      1049      3.4462742E+02 -2.6434716E+00 -3.2625000E+00 -4.7834568E-02 -4.8219226E+00 -7.1416561E+01 
      1049 SSD  4.5707850E+02 -8.4522626E+00 -5.0394756E+00 -2.8236554E-01 -1.2904731E+01 -1.1659777E+02 
      1050      2.7129511E+03 -4.6269086E+00 -4.1096008E+00 -2.8436128E-02  4.8508391E+01  2.4495508E+00 
      1050 SSD  5.1749651E+03 -1.5179149E+01 -1.3299088E+01 -2.2441544E-01  1.1473699E+02  1.1217275E+01 
      1051      2.0596012E+03 -4.9027476E+00 -3.7819175E+00 -2.8831167E-02  8.4324070E+01  4.4320303E+00 
      1051 SSD  3.7341518E+03 -1.7410975E+01 -1.2454458E+01 -2.2517236E-01  1.7911748E+02  1.4648979E+01 
      1052      1.1700514E+03 -5.1712306E+00 -3.3383755E+00 -3.0423522E-02  9.6430702E+01  4.6502996E+00 
      1052 SSD  1.9366142E+03 -1.9614813E+01 -1.1285714E+01 -2.2888437E-01  1.8725347E+02  1.3540481E+01 
      1053      3.4219483E+02 -5.4389842E+00 -2.7776521E+00 -4.2221830E-02  7.1535610E+01  2.3757556E+00 
      1053 SSD  4.4496821E+02 -2.1802470E+01 -9.7858291E+00 -2.6367277E-01  1.1618613E+02  6.9049485E+00 
      1054      1.8386953E+03 -5.0571996E+00 -4.1671491E+00 -3.0443386E-02  7.8686418E+01  3.7421318E+01 
      1054 SSD  3.2212372E+03 -1.7769209E+01 -1.4965921E+01 -2.2986474E-01  1.6336840E+02  8.1944516E+01 
      1055      1.3415554E+03 -5.2739915E+00 -4.6575011E+00 -2.6641123E-02  6.0962422E+01  6.1140023E+01 
      1055 SSD  2.1960406E+03 -1.8300400E+01 -1.7773730E+01 -2.1979970E-01  1.2086117E+02  1.2104309E+02 
      1056      7.0566589E+02 -5.5839384E+00 -5.1355067E+00 -1.8025122E-02  3.5748070E+01  6.6823383E+01 
      1056 SSD  1.0001787E+03 -1.9087628E+01 -2.0555258E+01 -1.9648038E-01  6.4959686E+01  1.1991376E+02 
      1057      1.6241598E+02 -5.9781117E+00 -5.4344136E+00  1.2179766E-02  1.0416868E+01  4.4310144E+01 
      1057 SSD  1.2777435E+02 -2.0103375E+01 -2.2856686E+01 -1.2543391E-01  1.3153205E+01  6.0033684E+01 
      1058      1.8435965E+03 -5.1846537E+00 -4.8217969E+00 -2.5828208E-02  3.8365543E+01  7.8626477E+01 
      1058 SSD  3.2357536E+03 -1.6588326E+01 -1.8170421E+01 -2.1742485E-01  8.4541015E+01  1.6300888E+02 
      1059      2.4645284E+03 -4.8714265E+00 -4.4427171E+00 -2.8317351E-02  4.7094615E+01  4.6348634E+01 
      1059 SSD  4.5732097E+03 -1.5789079E+01 -1.5668697E+01 -2.2414520E-01  1.0869959E+02  1.0656599E+02 
      1060      1.0192488E+03 -5.6080645E+00 -5.1873397E+00 -1.9181593E-02  2.4512430E+01  8.8378562E+01 
      1060 SSD  1.6079245E+03 -1.7690377E+01 -2.0642718E+01 -1.9890690E-01  5.1152019E+01  1.6763481E+02 
      1061      2.7630923E+02 -6.1392088E+00 -5.4584903E+00 -9.5447906E-03  8.9076108E+00  6.2895889E+01 
      1061 SSD  3.1323940E+02 -1.9085629E+01 -2.2859016E+01 -1.7837690E-01  1.6581645E+01  9.7148223E+01 
      1062      1.8007834E+02 -5.5328009E+00 -4.1175082E+00 -9.3760091E-02  4.3083438E+01  9.6576786E+00 
      1062 SSD  1.7011314E+02 -2.1919312E+01 -1.6392293E+01 -3.9719465E-01  5.6600407E+01  1.1074926E+01 
      1063      7.1150324E+02 -5.3290093E+00 -4.4219119E+00 -3.7836319E-02  6.5663724E+01  3.5722358E+01 
      1063 SSD  1.0124282E+03 -1.9918635E+01 -1.7177937E+01 -2.5014637E-01  1.1725930E+02  6.4698791E+01 
      1064      2.8184555E+02 -5.4884395E+00 -3.3131154E+00 -7.1494158E-02  6.2081002E+01  6.7549488E+00 
      1064 SSD  3.2403461E+02 -2.1864082E+01 -1.2713839E+01 -3.4236321E-01  9.4782272E+01  1.1125527E+01 
      1065      1.0166633E+03 -5.2294346E+00 -3.7916985E+00 -3.7747776E-02  8.7738027E+01  2.2951864E+01 
      1065 SSD  1.5976126E+03 -1.9706135E+01 -1.3983883E+01 -2.4951534E-01  1.6616242E+02  4.7151975E+01 
      1066     -7.7949466E+00 -5.5672822E+00 -5.5129990E+00 -4.3151039E-03  1.4549687E+00  4.3759817E+00 
      1066 SSD  3.0883271E+01 -2.1862759E+01 -2.3244468E+01 -1.5950611E-01 -1.3865030E+01 -5.8427626E+00 
      1067      6.7379502E+01 -5.5641802E+00 -4.9357147E+00 -7.1043935E-02  1.9839253E+01  9.1191256E+00 
      1067 SSD  4.5933942E+01 -2.1934984E+01 -2.0112122E+01 -3.3200646E-01  1.3978701E+01  5.2701992E+00 
      1068      5.1219873E+01 -5.6633771E+00 -5.4478946E+00  1.1697384E-02  8.3211228E+00  2.2000065E+01 
      1068 SSD  4.4748197E+00 -2.0763561E+01 -2.2963682E+01 -1.2909690E-01  3.7367572E+00  1.9954346E+01 
      1069      3.4128387E+02 -5.4817562E+00 -5.0502021E+00 -3.0282509E-02  3.5972559E+01  3.7395170E+01 
      1069 SSD  3.8362871E+02 -2.0288258E+01 -2.0374701E+01 -2.2963789E-01  5.5841346E+01  5.9113353E+01 
      1070      3.2709781E+02 -3.9504103E+00 -3.2212644E+00 -7.4482278E-02  6.3133482E+00 -5.5437968E+01 
      1070 SSD  5.3653061E+02 -1.5020478E+01 -5.0998888E+00 -3.4828189E-01  2.3948823E+00 -8.8166911E+01 
      1071      9.3679500E+02 -4.3049151E+00 -3.4039062E+00 -3.4873451E-02  3.1151834E+01 -6.6472366E+01 
      1071 SSD  1.5912805E+03 -1.5957606E+01 -7.0706414E+00 -2.4299238E-01  5.4608561E+01 -1.2079055E+02 
      1072      1.5380530E+03 -4.5726189E+00 -3.4523599E+00 -2.6691592E-02  5.6822971E+01 -5.5920734E+01 
      1072 SSD  2.7308284E+03 -1.6632896E+01 -8.6614922E+00 -2.1974263E-01  1.1249554E+02 -1.0982829E+02 
      1073      1.9497902E+03 -4.7584173E+00 -3.5515254E+00 -2.6257462E-02  7.6383595E+01 -2.9582655E+01 
      1073 SSD  3.5490001E+03 -1.7080591E+01 -1.0375777E+01 -2.1798315E-01  1.6035391E+02 -5.9420858E+01 
      1074      1.1493517E+03 -3.6918216E+00 -3.4883789E+00 -3.5473276E-02  1.3600614E+01 -8.8294232E+01 
      1074 SSD  1.9573844E+03 -1.2768487E+01 -7.2222436E+00 -2.4548917E-01  2.2329190E+01 -1.6972684E+02 
      1075      3.6818942E+02 -3.1772859E+00 -3.2283713E+00 -7.1521206E-02  7.5553383E-01 -6.9122111E+01 
      1075 SSD  5.4735278E+02 -1.1384594E+01 -5.0310748E+00 -3.4370203E-01 -4.8660854E+00 -1.1383198E+02 
      1076      1.9533714E+03 -4.0920911E+00 -3.6585161E+00 -2.9827036E-02  2.9375789E+01 -7.5572362E+01 
      1076 SSD  3.5631802E+03 -1.3823680E+01 -9.1561074E+00 -2.2893411E-01  5.9542388E+01 -1.5796801E+02 
      1077      2.5262463E+03 -4.3881414E+00 -3.8509185E+00 -2.8255757E-02  4.2017738E+01 -4.2111148E+01 
      1077 SSD  4.7891534E+03 -1.4583163E+01 -1.1137271E+01 -2.2403244E-01  9.4012615E+01 -9.3564984E+01 
      1078      1.9765725E+02 -5.2921784E+00 -3.0481319E+00  2.0486101E-02  3.5193974E+01 -9.7196470E+00 
      1078 SSD  3.4960476E+02 -2.1707327E+01 -6.1846869E+00 -9.3654756E-02  5.1882865E+01 -7.3008317E+00 
      1079      5.8334595E+02 -4.9667579E+00 -3.2335753E+00 -2.0157533E-02  4.0198012E+01 -3.7500563E+01 
      1079 SSD  9.7668829E+02 -1.9271914E+01 -6.6792882E+00 -2.0274717E-01  6.7509530E+01 -6.0187754E+01 
      1080      8.7611219E+01 -5.2890653E+00 -3.1222525E+00  9.1777649E-03  1.3031915E+01 -8.4706322E+00 
      1080 SSD  2.5055861E+02 -2.1864225E+01 -5.0275349E+00 -1.0726223E-01  1.5361173E+01 -2.7524919E+00 
      1081      2.2479637E+02 -4.8853554E+00 -3.1407793E+00 -4.6459489E-02  1.1455268E+01 -3.2982171E+01 
      1081 SSD  4.2382475E+02 -1.9095385E+01 -5.0266617E+00 -2.6257905E-01  1.1917177E+01 -4.5780905E+01 
      1082      2.9417823E+02 -5.3576165E+00 -2.7363134E+00  2.0251147E-02  5.6116536E+01 -6.8506164E+00 
      1082 SSD  4.4788742E+02 -2.1741870E+01 -6.8155644E+00 -9.7526572E-02  8.9743743E+01 -4.0455470E+00 
      1083      9.2005048E+02 -5.0633718E+00 -3.1365169E+00 -1.5540155E-02  6.8880798E+01 -3.0318120E+01 
      1083 SSD  1.5450563E+03 -1.9459150E+01 -7.8625218E+00 -1.8874184E-01  1.2725726E+02 -5.2186534E+01 
      1084      3.4636056E+02 -5.3874681E+00 -2.6035346E+00 -8.7963170E-03  6.9297938E+01 -2.6887516E+00 
      1084 SSD  4.8741143E+02 -2.1743500E+01 -7.8728340E+00 -1.7362348E-01  1.1390682E+02 -2.0964199E-02 
      1085      1.1345502E+03 -5.1251410E+00 -3.1347417E+00 -2.0857509E-02  8.9616217E+01 -1.4693789E+01 
      1085 SSD  1.9130280E+03 -1.9559340E+01 -9.2861628E+00 -2.0238489E-01  1.7302774E+02 -2.4711821E+01 
      1086      3.5207884E+02 -3.2379887E+00 -5.9330387E+00 -3.2816183E-02 -7.1641154E+01 -2.4458457E+00 
      1086 SSD  4.8154715E+02 -4.0315640E+00 -1.8034237E+01 -2.3718285E-01 -1.1747592E+02 -6.7425065E+00 
      1087      1.1788225E+03 -3.5132933E+00 -5.3822737E+00 -2.8052336E-02 -9.6133923E+01 -5.1732804E+00 
      1087 SSD  1.9769968E+03 -6.2376564E+00 -1.6563968E+01 -2.2249461E-01 -1.8684453E+02 -1.4343650E+01 
      1088      2.0653866E+03 -3.7851010E+00 -4.9471672E+00 -2.9088567E-02 -8.3977812E+01 -5.3272404E+00 
      1088 SSD  3.7663397E+03 -8.4464962E+00 -1.5421314E+01 -2.2593816E-01 -1.7779888E+02 -1.6319838E+01 
      1089      2.7156798E+03 -4.0612261E+00 -4.6253763E+00 -2.8054444E-02 -4.8193181E+01 -3.5449539E+00 
      1089 SSD  5.1923722E+03 -1.0676601E+01 -1.4595029E+01 -2.2339229E-01 -1.1296980E+02 -1.3401050E+01 
      1090      1.1474183E+03 -3.5626992E+00 -5.5929551E+00 -1.9383849E-02 -8.9746395E+01  1.4392052E+01 
      1090 SSD  1.9583900E+03 -6.3065602E+00 -1.8587873E+01 -1.9855580E-01 -1.7355924E+02  2.4536424E+01 
      1091      9.3367709E+02 -3.6304615E+00 -5.5948358E+00 -1.5474441E-02 -6.9271277E+01  3.0506143E+01 
      1091 SSD  1.5865745E+03 -6.4280033E+00 -2.0027866E+01 -1.8987695E-01 -1.2833393E+02  5.3263405E+01 
      1092      5.9383063E+02 -3.7356629E+00 -5.5099664E+00 -2.3467302E-02 -4.0662905E+01  3.8027275E+01 
      1092 SSD  1.0056285E+03 -6.6440716E+00 -2.1246800E+01 -2.1307775E-01 -6.8788048E+01  6.1878347E+01 
      1093      2.2925794E+02 -3.8324301E+00 -5.6110962E+00 -4.6550812E-02 -1.1770887E+01  3.3720956E+01 
      1093 SSD  4.3504881E+02 -6.8639060E+00 -2.2919188E+01 -2.7199347E-01 -1.2794910E+01  4.7827340E+01 
      1094      3.0281052E+02 -3.3262678E+00 -5.9823550E+00  2.0667222E-02 -5.6794406E+01  7.1973040E+00 
      1094 SSD  4.7397602E+02 -4.1124695E+00 -2.1041155E+01 -9.7289027E-02 -9.1977132E+01  5.3240233E+00 
      1095      3.5670619E+02 -3.2886714E+00 -6.1174304E+00 -6.8404753E-04 -6.9710305E+01  2.7830800E+00 
      1095 SSD  5.2174426E+02 -4.0909372E+00 -1.9981836E+01 -1.5105436E-01 -1.1569915E+02  6.4651093E-01 
      1096      2.0297451E+02 -3.3999890E+00 -5.6807879E+00  1.1504703E-02 -3.5865868E+01  1.0111315E+01 
      1096 SSD  3.6401418E+02 -4.1755374E+00 -2.1713224E+01 -1.1611149E-01 -5.3806091E+01  8.5763978E+00 
      1097      8.8974561E+01 -3.4451249E+00 -5.5986075E+00 -1.2245903E-02 -1.3359162E+01  8.9534310E+00 
      1097 SSD  2.5312036E+02 -4.1094257E+00 -2.2878896E+01 -1.5939812E-01 -1.6271005E+01  4.0733164E+00 
      1098      1.9709921E+03 -4.5989547E+00 -5.0849108E+00 -3.0112925E-02 -2.9449572E+01  7.5336547E+01 
      1098 SSD  3.6078747E+03 -1.2041466E+01 -1.8762049E+01 -2.2951363E-01 -5.8983411E+01  1.5770159E+02 
      1099      1.5544064E+03 -4.1240803E+00 -5.2873353E+00 -2.7014776E-02 -5.7026054E+01  5.5890684E+01 
      1099 SSD  2.7778285E+03 -9.2528087E+00 -1.9250169E+01 -2.2035918E-01 -1.1265761E+02  1.1027770E+02 
      1100      2.5384856E+03 -4.3020154E+00 -4.8875656E+00 -2.8018465E-02 -4.1877212E+01  4.1260770E+01 
      1100 SSD  4.8247868E+03 -1.1279886E+01 -1.6767821E+01 -2.2327837E-01 -9.2737995E+01  9.1973186E+01 
      1101      1.9629464E+03 -3.9333893E+00 -5.1826806E+00 -2.6572829E-02 -7.6316602E+01  2.8981467E+01 
      1101 SSD  3.5937337E+03 -8.7909533E+00 -1.7517806E+01 -2.1881646E-01 -1.5973882E+02  5.8538182E+01 
      1102      3.7775840E+02 -5.5096017E+00 -5.5168163E+00 -7.2398825E-02 -1.0106404E+00  7.0155295E+01 
      1102 SSD  5.7077006E+02 -1.4463311E+01 -2.2875852E+01 -3.4523421E-01  4.3535113E+00  1.1632262E+02 
      1103      1.1660445E+03 -4.9986501E+00 -5.2607629E+00 -3.6755383E-02 -1.3844030E+01  8.8741231E+01 
      1103 SSD  1.9980350E+03 -1.3093156E+01 -2.0707054E+01 -2.4850265E-01 -2.2495375E+01  1.7086228E+02 
      1104      3.3425486E+02 -4.7580095E+00 -5.5321598E+00 -7.4473101E-02 -6.6087579E+00  5.6351163E+01 
      1104 SSD  5.5476232E+02 -1.0885282E+01 -2.2846922E+01 -3.4670059E-01 -3.1553316E+00  9.0562839E+01 
      1105      9.5088674E+02 -4.3972899E+00 -5.3447479E+00 -3.5019508E-02 -3.1476744E+01  6.7008738E+01 
      1105 SSD  1.6286689E+03 -9.9401259E+00 -2.0864840E+01 -2.4266608E-01 -5.5239487E+01  1.2242931E+02 
      1106      4.8011402E+01 -2.9900922E+00 -3.2800158E+00  2.0645269E-02 -7.7885259E+00 -2.1768412E+01 
      1106 SSD  1.4417497E+00 -4.9859943E+00 -4.8815609E+00 -1.0491475E-01 -2.4959605E+00 -2.0233709E+01 
      1107      3.3675069E+02 -3.1857688E+00 -3.6756965E+00 -2.4822702E-02 -3.5019631E+01 -3.7441881E+01 
      1107 SSD  3.8609290E+02 -5.5017987E+00 -7.4692496E+00 -2.1537028E-01 -5.3822850E+01 -6.0196567E+01 
      1108      7.0895499E+02 -3.3464106E+00 -4.2990870E+00 -3.6739065E-02 -6.4680504E+01 -3.6167841E+01 
      1108 SSD  1.0268504E+03 -5.8986308E+00 -1.0659147E+01 -2.4736003E-01 -1.1528795E+02 -6.6261895E+01 
      1109      1.0195150E+03 -3.4508389E+00 -4.9275483E+00 -3.6020149E-02 -8.7021531E+01 -2.3651288E+01 
      1109 SSD  1.6267051E+03 -6.1299553E+00 -1.3855759E+01 -2.4484507E-01 -1.6479066E+02 -4.8677906E+01 
      1110      7.0688159E+01 -3.1235028E+00 -3.7860922E+00 -7.2964955E-02 -1.9106083E+01 -9.3458247E+00 
      1110 SSD  6.2190687E+01 -3.9039147E+00 -7.7128561E+00 -3.3662161E-01 -1.2909672E+01 -6.4144206E+00 
      1111     -5.6035273E+00 -3.1215603E+00 -3.2057833E+00 -1.1136349E-02 -8.1134488E-01 -4.5158119E+00 
      1111 SSD  3.8920365E+01 -3.9541119E+00 -4.5663591E+00 -1.8103561E-01  1.5180215E+01  4.9160752E+00 
      1112      1.8527560E+02 -3.1499076E+00 -4.5961394E+00 -8.1493681E-02 -4.2433900E+01 -9.9184893E+00 
      1112 SSD  1.9564756E+02 -3.9201722E+00 -1.1418603E+01 -3.6484767E-01 -5.6148080E+01 -1.2043983E+01 
      1113      2.8967460E+02 -3.1885991E+00 -5.3971072E+00 -6.3702860E-02 -6.1773439E+01 -7.0539614E+00 
      1113 SSD  3.5744334E+02 -3.9670698E+00 -1.5097755E+01 -3.2025036E-01 -9.5254124E+01 -1.1774633E+01 
      1114      1.0020738E+03 -3.0608329E+00 -3.5512242E+00 -2.0858941E-02 -2.4249045E+01 -8.8143512E+01 
      1114 SSD  1.5766683E+03 -8.0930450E+00 -7.2488129E+00 -2.0438698E-01 -4.9971624E+01 -1.6778079E+02 
      1115      6.9317181E+02 -3.0872184E+00 -3.5958881E+00 -1.4026930E-02 -3.5052909E+01 -6.6682093E+01 
      1115 SSD  9.8391204E+02 -6.7018020E+00 -7.3106488E+00 -1.8571160E-01 -6.3039970E+01 -1.2056350E+02 
      1116      2.6526514E+02 -2.5185760E+00 -3.2840107E+00 -1.3075141E-02 -8.7500642E+00 -6.1890896E+01 
      1116 SSD  2.8980336E+02 -6.6559511E+00 -5.0344825E+00 -1.8936670E-01 -1.6020762E+01 -9.5419769E+01 
      1117      1.5443150E+02 -2.6857961E+00 -3.2931525E+00  2.0451181E-02 -9.9895010E+00 -4.3568828E+01 
      1117 SSD  1.1316958E+02 -5.6551800E+00 -4.9992492E+00 -1.0276116E-01 -1.1992186E+01 -5.9149139E+01 
      1118      2.4567485E+03 -3.8127296E+00 -4.2918358E+00 -2.8200186E-02 -4.6706290E+01 -4.7416018E+01 
      1118 SSD  4.5688758E+03 -1.0051840E+01 -1.2221563E+01 -2.2401157E-01 -1.0676910E+02 -1.0890988E+02 
      1119      1.8279163E+03 -3.4932637E+00 -3.9143109E+00 -2.6434644E-02 -3.8027934E+01 -7.9188233E+01 
      1119 SSD  3.2126006E+03 -9.2290472E+00 -9.7201074E+00 -2.1950595E-01 -8.2873076E+01 -1.6460073E+02 
      1120      1.8354058E+03 -3.6257442E+00 -4.5605644E+00 -3.0521623E-02 -7.8105964E+01 -3.8410750E+01 
      1120 SSD  3.2349397E+03 -8.0697939E+00 -1.2901368E+01 -2.3021287E-01 -1.6149066E+02 -8.4143291E+01 
      1121      1.3308630E+03 -3.4033483E+00 -4.0713764E+00 -2.6598699E-02 -6.0248691E+01 -6.1696211E+01 
      1121 SSD  2.1909386E+03 -7.5159640E+00 -1.0091027E+01 -2.1986537E-01 -1.1873597E+02 -1.2280348E+02 

