      NODE            V1             V2             V3             VR1            VR2            VR3
      1001     -3.3893378E+01 -1.5163788E+01 -3.4676466E+01 -1.2301200E+01  7.0575203E-01 -1.0244314E+01 
      1001 SSD  1.4257358E+02 -1.3886850E+00 -2.5720105E+01 -6.6600379E+00 -2.3282848E+00 -2.1211904E+00 
      1002     -3.1333500E+01 -2.4352849E+01 -3.7662690E+01  5.8609725E+00  2.3032822E+01  4.1577250E+01 
      1002 SSD  1.4312913E+02 -6.0322648E+00 -2.6989094E+01 -4.5504926E-01  1.1233617E+01  1.0128618E+01 
      1003     -2.9692032E+01 -2.4929864E+01 -3.8558743E+01  9.3153861E+00  1.3457343E+01  5.2960221E+01 
      1003 SSD  1.4325126E+02 -8.5661366E+00 -2.7565802E+01  3.4600373E+00  6.5491047E+00 -1.6457330E+00 
      1004     -2.3474419E+01 -3.4342705E+01 -3.9070812E+01  1.7037446E+01  1.1011062E+01  4.8823016E+01 
      1004 SSD  1.4606665E+02 -1.4371749E+01 -2.7787169E+01  7.4468015E+00  6.1017537E+00 -1.7847583E+01 
      1005     -2.0642806E+01 -4.0118683E+01 -3.8548742E+01  1.4087785E+01  1.2190625E+00  2.8333435E+01 
      1005 SSD  1.4730402E+02 -1.8729910E+01 -2.7560390E+01  6.7120731E+00  1.1168900E+00 -3.6059952E+01 
      1006     -1.9441046E+01 -4.3857369E+01 -3.7385882E+01  8.7557997E+00 -7.9552656E+00  2.2463930E+00 
      1006 SSD  1.4804221E+02 -2.1928795E+01 -2.6995449E+01  4.5314256E+00 -2.9790139E+00 -5.0753748E+01 
      1007     -2.1725188E+01 -4.4164249E+01 -3.6212296E+01 -7.2309255E-01 -1.4008292E+01 -2.2929624E+01 
      1007 SSD  1.4713990E+02 -2.3429312E+01 -2.6441572E+01  2.8348962E-01 -5.6359128E+00 -5.9024549E+01 
      1008     -2.6080807E+01 -4.2419996E+01 -3.5631965E+01 -9.2184368E+00 -1.7316020E+01 -3.9373133E+01 
      1008 SSD  1.4553845E+02 -2.3941868E+01 -2.6164400E+01 -3.2707207E+00 -7.5393330E+00 -5.6585326E+01 
      1009     -3.4272918E+01 -3.8605151E+01 -3.6253105E+01 -1.3519143E+01 -1.0812165E+01 -3.7775717E+01 
      1009 SSD  1.4220857E+02 -2.3698905E+01 -2.6504911E+01 -5.5799641E+00 -4.5843110E+00 -4.1101667E+01 
      1010     -3.2098912E+01 -3.6440858E+01 -3.6938222E+01 -1.7704820E+01 -8.8567026E+00 -1.7951908E+01 
      1010 SSD  1.4427352E+02 -2.3810393E+01 -2.6810589E+01 -7.1290939E+00 -5.3280992E+00 -1.6112280E+01 
      1011     -4.1975934E+01 -3.7546955E+01 -4.0379959E+01 -1.2616121E+01  5.5680826E-01  1.3426077E+01 
      1011 SSD  1.4009067E+02 -2.5924214E+01 -2.8520321E+01 -7.2636059E+00  6.9061036E-01  7.5221418E+00 
      1012     -1.9674151E+01 -4.1935261E+01 -2.3935063E+01 -1.0474503E+01  6.9353435E-01  1.1007668E+01 
      1012 SSD  1.5074382E+02 -2.7960408E+01 -6.1858610E+00 -5.8948526E+00  3.0724661E+00  2.6277802E+00 
      1013     -1.5665763E+01 -3.3467088E+01 -2.0743756E+01  4.5953358E+00 -2.3581622E+01 -4.0124334E+01 
      1013 SSD  1.5168595E+02 -2.3675616E+01 -4.8326585E+00 -6.2331935E-01 -1.1555375E+01 -9.5058888E+00 
      1014     -1.2792195E+01 -3.2385768E+01 -1.9601033E+01  8.8907560E+00 -1.3352388E+01 -4.8033550E+01 
      1014 SSD  1.5212636E+02 -2.1036295E+01 -4.1777750E+00  3.1232490E+00 -6.5469322E+00  4.0013828E+00 
      1015     -5.0038847E+00 -2.3067436E+01 -1.9011037E+01  1.7602626E+01 -1.1200110E+01 -4.1268783E+01 
      1015 SSD  1.5542665E+02 -1.5151807E+01 -3.9199012E+00  7.7772999E+00 -6.2556210E+00  2.1476009E+01 
      1016     -7.5593826E-01 -1.7297818E+01 -1.9531432E+01  1.3801557E+01 -1.5761080E+00 -1.7874241E+01 
      1016 SSD  1.5706498E+02 -1.0821542E+01 -4.1564868E+00  6.5918756E+00 -1.3406644E+00  4.0970655E+01 
      1017      2.0828227E+00 -1.2976304E+01 -2.0627045E+01  8.1261402E+00  7.8421265E+00  1.0832069E+01 
      1017 SSD  1.5831133E+02 -7.3322652E+00 -4.6929895E+00  4.2225258E+00  2.8732479E+00  5.6757402E+01 
      1018      1.2841085E+00 -1.2660416E+01 -2.1714857E+01  2.8105304E-01  1.3974668E+01  3.5828392E+01 
      1018 SSD  1.5785819E+02 -5.7864311E+00 -5.2036189E+00  7.1794821E-01  5.6059039E+00  6.4828118E+01 
      1019     -1.5218084E+00 -1.4816815E+01 -2.2319130E+01 -9.0699855E+00  1.7276283E+01  5.0217335E+01 
      1019 SSD  1.5674163E+02 -5.4543636E+00 -5.4883352E+00 -3.1424340E+00  7.5671640E+00  6.1295327E+01 
      1020     -8.0829001E+00 -1.8047449E+01 -2.1575892E+01 -1.4373130E+01  1.1081090E+01  4.5619424E+01 
      1020 SSD  1.5387300E+02 -5.5109686E+00 -5.1034949E+00 -5.8985616E+00  4.6877839E+00  4.4356493E+01 
      1021     -3.8933718E+00 -2.0334394E+01 -2.0792966E+01 -1.6274916E+01  1.0827175E+01  2.0219984E+01 
      1021 SSD  1.5662101E+02 -5.3643696E+00 -4.7638975E+00 -6.7092422E+00  6.2718410E+00  1.7065101E+01 
      1022     -1.2820697E+01 -2.0194999E+01 -1.7421765E+01 -1.2878519E+01  1.5579543E-01 -1.4889822E+01 
      1022 SSD  1.5256919E+02 -3.7986687E+00 -3.1141242E+00 -7.1129030E+00 -2.0428782E-01 -8.3830235E+00 
      1023     -1.4860212E+01 -1.8740486E+01 -1.9181733E+01 -5.8531337E+00  9.9991556E-02 -4.6796801E+00 
      1023 SSD  1.5096541E+02 -3.0138737E+00 -4.9853596E+00 -4.5144945E+00  6.8638700E+00 -1.5750964E+00 
      1024     -1.2301423E+01 -1.8199423E+01 -2.5567530E+01  1.3917718E+01 -1.9976505E+00  1.2754023E+01 
      1024 SSD  1.5160745E+02 -2.6944109E+00 -9.6985046E+00  5.2528501E+00  2.1298216E+01  5.8385447E+00 
      1025     -8.9484233E+00 -1.8064593E+01 -3.2354014E+01  1.9064970E+01 -4.6558235E+00  1.9311323E+01 
      1025 SSD  1.5275375E+02 -2.5997758E+00 -1.4399676E+01  8.1829121E+00  3.5149587E+01  8.5026815E+00 
      1026     -6.2459253E+00 -1.8704148E+01 -3.9095520E+01  1.7924536E+01 -6.0241988E+00  1.9488094E+01 
      1026 SSD  1.5375928E+02 -2.9066090E+00 -1.9120359E+01  8.2782421E+00  4.4574211E+01  8.1703232E+00 
      1027     -6.3389844E+00 -1.9808618E+01 -4.3247568E+01  1.1034939E+01 -6.9938681E+00  1.2058447E+01 
      1027 SSD  1.5366753E+02 -3.4486860E+00 -2.2579833E+01  5.5200262E+00  4.7587060E+01  4.8837794E+00 
      1028     -8.7087375E+00 -2.0930502E+01 -4.4397379E+01  1.9637716E+00 -7.7822460E+00  2.2007457E+00 
      1028 SSD  1.5246639E+02 -3.9671384E+00 -2.4507907E+01  1.3882243E+00  4.4878764E+01  4.8940846E-01 
      1029     -1.3896163E+01 -2.1434813E+01 -4.2876251E+01 -8.2757380E+00 -6.7677511E+00 -7.1084997E+00 
      1029 SSD  1.5024605E+02 -4.1921310E+00 -2.5078976E+01 -3.0612692E+00  3.7215179E+01 -4.2072730E+00 
      1030     -2.2414225E+01 -2.0552944E+01 -3.8692702E+01 -1.5115459E+01 -3.7707608E+00 -1.3613928E+01 
      1030 SSD  1.4654986E+02 -3.7755754E+00 -2.4562243E+01 -6.3671038E+00  2.5381968E+01 -6.4958129E+00 
      1031     -2.5865579E+01 -1.9401340E+01 -3.8455652E+01 -2.1144340E+01 -2.4501112E+00 -2.3181784E+01 
      1031 SSD  1.4574908E+02 -3.2558483E+00 -2.5582152E+01 -8.3906696E+00  9.0185088E+00 -1.1435665E+01 
      1032     -3.9164872E+01 -3.8524284E+01 -3.7991874E+01 -5.4070118E+00 -1.1033480E+00  4.3872458E+00 
      1032 SSD  1.4079875E+02 -2.6466305E+01 -2.6278285E+01 -4.2951984E+00 -7.6119408E+00  1.3769873E+00 
      1033     -3.2315128E+01 -3.9087278E+01 -3.2010802E+01  1.4233108E+01 -2.2325407E+00 -1.2865221E+01 
      1033 SSD  1.4343639E+02 -2.6787121E+01 -2.1773503E+01  5.3634082E+00 -2.4142908E+01 -5.8957259E+00 
      1034     -2.4544120E+01 -3.9223086E+01 -2.5086315E+01  1.9432446E+01 -2.8303110E+00 -1.9224701E+01 
      1034 SSD  1.4666815E+02 -2.6878647E+01 -1.7016197E+01  8.3613535E+00 -4.0039229E+01 -8.4491782E+00 
      1035     -1.7689488E+01 -3.8628892E+01 -1.8338590E+01  1.8074909E+01 -4.2572276E+00 -1.9297515E+01 
      1035 SSD  1.4964150E+02 -2.6595387E+01 -1.2307320E+01  8.3786264E+00 -5.0936049E+01 -8.0298707E+00 
      1036     -1.3490697E+01 -3.7514332E+01 -1.4137319E+01  1.1010065E+01 -4.6151253E+00 -1.0986883E+01 
      1036 SSD  1.5160708E+02 -2.6050124E+01 -8.8309145E+00  5.5509944E+00 -5.4373503E+01 -4.3611118E+00 
      1037     -1.2064394E+01 -3.6448207E+01 -1.3198285E+01  1.7543310E+00 -3.6282849E+00 -1.7886296E+00 
      1037 SSD  1.5220801E+02 -2.5559462E+01 -7.0117019E+00  1.3092866E+00 -5.1224652E+01 -2.9736625E-01 
      1038     -1.2915423E+01 -3.5842695E+01 -1.4597955E+01 -8.6151499E+00 -1.7344192E+00  9.1209612E+00 
      1038 SSD  1.5210389E+02 -2.5281704E+01 -6.3906415E+00 -3.1887626E+00 -4.1706721E+01  5.2794786E+00 
      1039     -1.6653799E+01 -3.6659941E+01 -1.8990956E+01 -1.5050354E+01 -4.6343835E-01  1.5202478E+01 
      1039 SSD  1.5069979E+02 -2.5666970E+01 -7.0095929E+00 -6.3636499E+00 -2.7554717E+01  7.2049025E+00 
      1040     -1.5664342E+01 -3.7664622E+01 -1.8772595E+01 -2.2282733E+01  4.9820979E-01  2.3305400E+01 
      1040 SSD  1.5191517E+02 -2.6141726E+01 -5.8616019E+00 -8.9120511E+00 -9.9728212E+00  1.1431862E+01 
      1041      2.2928093E+03 -3.9488875E+01 -3.6253419E+01 -3.0683395E-01  2.9910844E+01  4.6612105E+02 
      1041 SSD  6.5195721E+02 -1.9849901E+01 -2.5025371E+01 -2.9287413E-01  1.4554646E+01  1.5311773E+02 
      1042      7.6563178E+03 -3.5690432E+01 -3.4477927E+01 -2.0150693E-01  4.0301874E+01  6.2094184E+02 
      1042 SSD  2.5484747E+03 -1.8033927E+01 -2.2744274E+01 -2.3901603E-01  2.0337801E+01  2.3198940E+02 
      1043      1.3365746E+04 -3.2691738E+01 -3.2672646E+01 -1.9357834E-01  3.4328536E+01  5.3975518E+02 
      1043 SSD  4.7492641E+03 -1.6615389E+01 -2.0453079E+01 -2.3537637E-01  1.9433466E+01  2.1659172E+02 
      1044      1.7525641E+04 -3.0443351E+01 -3.0779688E+01 -1.9029859E-01  1.9850811E+01  3.0681065E+02 
      1044 SSD  6.4708297E+03 -1.5568168E+01 -1.8127020E+01 -2.3361766E-01  1.4531330E+01  1.3469363E+02 
      1045      1.9015122E+04 -2.8627210E+01 -2.8834468E+01 -1.8943902E-01  9.5534417E-01 -3.8118208E+00 
      1045 SSD  7.1280753E+03 -1.4735080E+01 -1.5778632E+01 -2.3319628E-01  9.9982352E-01 -1.4300623E+00 
      1046      1.7456088E+04 -2.6801520E+01 -2.6899169E+01 -1.9063863E-01 -1.8325171E+01 -3.1344469E+02 
      1046 SSD  6.4446964E+03 -1.3896389E+01 -1.3434317E+01 -2.3393158E-01 -1.2759265E+01 -1.3724721E+02 
      1047      1.3249924E+04 -2.4523617E+01 -2.5028445E+01 -1.9435350E-01 -3.3802668E+01 -5.4258328E+02 
      1047 SSD  4.7050266E+03 -1.2832013E+01 -1.1116531E+01 -2.3610479E-01 -1.8291566E+01 -2.1779504E+02 
      1048      7.5373406E+03 -2.1467416E+01 -2.3247895E+01 -2.0250190E-01 -4.0761869E+01 -6.1869256E+02 
      1048 SSD  2.5015714E+03 -1.1381391E+01 -8.8315271E+00 -2.4040772E-01 -1.9965817E+01 -2.3132368E+02 
      1049      2.2183856E+03 -1.7582032E+01 -2.1477594E+01 -3.1625179E-01 -3.0978297E+01 -4.5927267E+02 
      1049 SSD  6.2104988E+02 -9.5187215E+00 -6.5399774E+00 -2.9932687E-01 -1.4851674E+01 -1.5048691E+02 
      1050      1.7475679E+04 -3.0511406E+01 -2.7153152E+01 -1.8897517E-01  3.1216348E+02  1.5244366E+01 
      1050 SSD  6.4459816E+03 -1.7072288E+01 -1.5013041E+01 -2.3290326E-01  1.3731673E+02  1.2201895E+01 
      1051      1.3267874E+04 -3.2347602E+01 -2.5025216E+01 -1.9144234E-01  5.4334415E+02  2.7996579E+01 
      1051 SSD  4.7012640E+03 -1.9385916E+01 -1.4024653E+01 -2.3380931E-01  2.1832597E+02  1.6414340E+01 
      1052      7.5356493E+03 -3.4134866E+01 -2.2143940E+01 -2.0163254E-01  6.2145050E+02  2.9555566E+01 
      1052 SSD  2.4896041E+03 -2.1668565E+01 -1.2662105E+01 -2.3816119E-01  2.3220336E+02  1.5394084E+01 
      1053      2.2044288E+03 -3.5915396E+01 -1.8500258E+01 -2.7843270E-01  4.6021114E+02  1.5217703E+01 
      1053 SSD  6.0878447E+02 -2.3934323E+01 -1.0917483E+01 -2.7777191E-01  1.5020647E+02  7.8789988E+00 
      1054      1.1849636E+04 -3.3349427E+01 -2.7567370E+01 -2.0196345E-01  5.0705972E+02  2.4060487E+02 
      1054 SSD  4.0878279E+03 -1.9813070E+01 -1.6663524E+01 -2.3921480E-01  1.9990185E+02  9.9181245E+01 
      1055      8.6490938E+03 -3.4755946E+01 -3.0795074E+01 -1.7738457E-01  3.9271793E+02  3.9387603E+02 
      1055 SSD  2.8322459E+03 -2.0439564E+01 -1.9644724E+01 -2.2754544E-01  1.4918080E+02  1.4946440E+02 
      1056      4.5513756E+03 -3.6768295E+01 -3.3946721E+01 -1.2154623E-01  2.2997830E+02  4.3074435E+02 
      1056 SSD  1.3391802E+03 -2.1361911E+01 -2.2595744E+01 -2.0057054E-01  8.1657656E+01  1.5128745E+02 
      1057      1.0524770E+03 -3.9330060E+01 -3.5938549E+01  7.4101658E-02  6.6585791E+01  2.8512450E+02 
      1057 SSD  2.0786246E+02 -2.2549257E+01 -2.4990568E+01 -1.1587620E-01  1.8168683E+01  8.1581311E+01 
      1058      1.1881244E+04 -3.4132813E+01 -3.1862932E+01 -1.7217085E-01  2.4671230E+02  5.0669091E+02 
      1058 SSD  4.1041085E+03 -1.8726490E+01 -2.0115819E+01 -2.2482110E-01  1.0214571E+02  1.9954714E+02 
      1059      1.5880066E+04 -3.2098995E+01 -2.9357852E+01 -1.8824458E-01  3.0298039E+02  2.9814429E+02 
      1059 SSD  5.7298322E+03 -1.7790103E+01 -1.7488204E+01 -2.3259245E-01  1.3045910E+02  1.2803647E+02 
      1060      6.5679891E+03 -3.6883025E+01 -3.4282534E+01 -1.2909856E-01  1.5741465E+02  5.6975236E+02 
      1060 SSD  2.0920810E+03 -2.0012893E+01 -2.2709031E+01 -2.0345455E-01  6.2330640E+01  2.0892384E+02 
      1061      1.7821790E+03 -4.0334923E+01 -3.6090683E+01 -6.7672905E-02  5.6988274E+01  4.0477324E+02 
      1061 SSD  4.4672925E+02 -2.1638856E+01 -2.5006001E+01 -1.7855681E-01  2.0643250E+01  1.2724813E+02 
      1062      1.1664585E+03 -3.6518785E+01 -2.7279213E+01 -6.1413193E-01  2.7726523E+02  6.1707008E+01 
      1062 SSD  2.5756445E+02 -2.4097062E+01 -1.8021656E+01 -4.3463682E-01  7.7693563E+01  1.5804671E+01 
      1063      4.5892288E+03 -3.5154784E+01 -2.9262038E+01 -2.4998308E-01  4.2324068E+02  2.2982762E+02 
      1063 SSD  1.3540786E+03 -2.2044455E+01 -1.8943194E+01 -2.6271692E-01  1.4813532E+02  8.1413335E+01 
      1064      1.8180854E+03 -3.6233322E+01 -2.2013670E+01 -4.6877428E-01  3.9957391E+02  4.3122399E+01 
      1064 SSD  4.6013995E+02 -2.4019578E+01 -1.4036086E+01 -3.6955652E-01  1.2460354E+02  1.4331889E+01 
      1065      6.5516088E+03 -3.4510658E+01 -2.5126523E+01 -2.4926458E-01  5.6558826E+02  1.4734926E+02 
      1065 SSD  2.0812176E+03 -2.1787206E+01 -1.5516169E+01 -2.6198459E-01  2.0716843E+02  5.7713046E+01 
      1066     -3.4013706E+01 -3.6739853E+01 -3.6455264E+01 -3.2235656E-02  8.6977417E+00  2.7562303E+01 
      1066 SSD  2.3588175E+01 -2.4063391E+01 -2.5403579E+01 -1.5776360E-01 -1.2514545E+01 -3.3242441E+00 
      1067      4.4492371E+02 -3.6721001E+01 -3.2644702E+01 -4.6694626E-01  1.2735687E+02  5.8197628E+01 
      1067 SSD  7.8002475E+01 -2.4129876E+01 -2.2058197E+01 -3.5999410E-01  2.4220486E+01  9.9165513E+00 
      1068      3.4071074E+02 -3.7324008E+01 -3.6029188E+01  7.1117308E-02  5.3052538E+01  1.4127819E+02 
      1068 SSD  3.0004349E+01 -2.3034832E+01 -2.5100092E+01 -1.1982432E-01  8.0343285E+00  3.1042105E+01 
      1069      2.2061243E+03 -3.6144750E+01 -3.3391669E+01 -2.0119162E-01  2.3157188E+02  2.4076948E+02 
      1069 SSD  5.5050389E+02 -2.2481084E+01 -2.2374398E+01 -2.3908858E-01  7.3032770E+01  7.6911574E+01 
      1070      2.1101134E+03 -2.6158793E+01 -2.1214749E+01 -4.8920816E-01  4.0035765E+01 -3.5597946E+02 
      1070 SSD  6.8521839E+02 -1.6570976E+01 -6.5754902E+00 -3.7758069E-01  5.7611753E+00 -1.1418751E+02 
      1071      6.0311631E+03 -2.8464411E+01 -2.2447127E+01 -2.3095185E-01  2.0033247E+02 -4.2795284E+02 
      1071 SSD  2.0260323E+03 -1.7664329E+01 -8.5903742E+00 -2.5435098E-01  6.9467089E+01 -1.5200127E+02 
      1072      9.9032894E+03 -3.0204360E+01 -2.2804673E+01 -1.7769338E-01  3.6598939E+02 -3.6028262E+02 
      1072 SSD  3.4484734E+03 -1.8459017E+01 -1.0165945E+01 -2.2753171E-01  1.3916658E+02 -1.3619088E+02 
      1073      1.2556700E+04 -3.1411060E+01 -2.3489213E+01 -1.7476244E-01  4.9210465E+02 -1.9082458E+02 
      1073 SSD  4.4617640E+03 -1.8990371E+01 -1.1885315E+01 -2.2553155E-01  1.9598129E+02 -7.3552228E+01 
      1074      7.3984154E+03 -2.4436404E+01 -2.2992230E+01 -2.3487582E-01  8.7578104E+01 -5.6881544E+02 
      1074 SSD  2.4952074E+03 -1.4249235E+01 -8.7804570E+00 -2.5703315E-01  2.9147212E+01 -2.1096065E+02 
      1075      2.3708461E+03 -2.1093208E+01 -2.1259228E+01 -4.6988703E-01  4.5350693E+00 -4.4424977E+02 
      1075 SSD  7.1902882E+02 -1.2640660E+01 -6.5138351E+00 -3.7131691E-01 -4.0899672E+00 -1.4641961E+02 
      1076      1.2578725E+04 -2.7037415E+01 -2.4140869E+01 -1.9811508E-01  1.8938273E+02 -4.8699768E+02 
      1076 SSD  4.4768760E+03 -1.5480238E+01 -1.0751034E+01 -2.3804726E-01  7.3540385E+01 -1.9332896E+02 
      1077      1.6270066E+04 -2.8960768E+01 -2.5432236E+01 -1.8782875E-01  2.7069686E+02 -2.7138894E+02 
      1077 SSD  5.9714667E+03 -1.6370511E+01 -1.2777739E+01 -2.3245080E-01  1.1373734E+02 -1.1336902E+02 
      1078      1.2828672E+03 -3.4984545E+01 -2.0142462E+01  1.2979102E-01  2.2555653E+02 -6.1950295E+01 
      1078 SSD  4.3740091E+02 -2.3770500E+01 -7.5509242E+00 -8.0458324E-02  6.8272271E+01 -1.2223926E+01 
      1079      3.7590103E+03 -3.2809829E+01 -2.1346468E+01 -1.3571806E-01  2.5827833E+02 -2.4105038E+02 
      1079 SSD  1.2444967E+03 -2.1226229E+01 -8.1251827E+00 -2.0799680E-01  8.6347165E+01 -7.8035213E+01 
      1080      5.8060473E+02 -3.4974875E+01 -2.0581162E+01  5.6012176E-02  8.3013529E+01 -5.3738763E+01 
      1080 SSD  2.8390397E+02 -2.3922660E+01 -6.4548507E+00 -1.0054645E-01  2.1342996E+01 -7.0026397E+00 
      1081      1.4569288E+03 -3.2275003E+01 -2.0701975E+01 -3.0671569E-01  7.3075680E+01 -2.1129292E+02 
      1081 SSD  5.2187952E+02 -2.1008534E+01 -6.4652877E+00 -2.8019616E-01  1.7496438E+01 -6.1303382E+01 
      1082      1.8993006E+03 -3.5398238E+01 -1.8156650E+01  1.2763338E-01  3.6042540E+02 -4.3540382E+01 
      1082 SSD  5.8419544E+02 -2.3835231E+01 -8.0098657E+00 -8.4315321E-02  1.1607064E+02 -7.6304751E+00 
      1083      5.9244115E+03 -3.3437891E+01 -2.0756448E+01 -1.0527039E-01  4.4336431E+02 -1.9506040E+02 
      1083 SSD  1.9737315E+03 -2.1460096E+01 -9.2301921E+00 -1.9176908E-01  1.5936663E+02 -6.6759405E+01 
      1084      2.2317986E+03 -3.5585583E+01 -1.7332202E+01 -6.1235630E-02  4.4551733E+02 -1.7010996E+01 
      1084 SSD  6.5118416E+02 -2.3851289E+01 -8.9704415E+00 -1.7296583E-01  1.4662949E+02 -1.5694362E+00 
      1085      7.3050071E+03 -3.3837546E+01 -2.0783277E+01 -1.3960023E-01  5.7727773E+02 -9.4690178E+01 
      1085 SSD  2.4459093E+03 -2.1590452E+01 -1.0614535E+01 -2.0758209E-01  2.1475807E+02 -3.1996016E+01 
      1086      2.2693398E+03 -2.1271269E+01 -3.8993265E+01 -2.1756385E-01 -4.6093548E+02 -1.5679195E+01 
      1086 SSD  6.4949989E+02 -5.5126317E+00 -2.0547204E+01 -2.4723340E-01 -1.5153645E+02 -7.7505692E+00 
      1087      7.5934943E+03 -2.3100764E+01 -3.5415709E+01 -1.8636113E-01 -6.1951697E+02 -3.2995146E+01 
      1087 SSD  2.5336190E+03 -7.7998208E+00 -1.8836680E+01 -2.3076186E-01 -2.3166617E+02 -1.6433245E+01 
      1088      1.3306136E+04 -2.4909234E+01 -3.2590287E+01 -1.9316600E-01 -5.4106238E+02 -3.3876713E+01 
      1088 SSD  4.7358156E+03 -1.0088714E+01 -1.7503910E+01 -2.3468876E-01 -2.1686183E+02 -1.8481311E+01 
      1089      1.7493764E+04 -2.6747089E+01 -3.0501206E+01 -1.8652380E-01 -3.1007919E+02 -2.2444975E+01 
      1089 SSD  6.4644932E+03 -1.2400678E+01 -1.6536367E+01 -2.3171960E-01 -1.3542115E+02 -1.4867969E+01 
      1090      7.3897070E+03 -2.3420138E+01 -3.6824651E+01 -1.3023060E-01 -5.7813919E+02  9.2727100E+01 
      1090 SSD  2.4967482E+03 -7.8927563E+00 -2.0912070E+01 -2.0316659E-01 -2.1534551E+02  3.1685522E+01 
      1091      6.0139913E+03 -2.3858471E+01 -3.6878440E+01 -1.0509056E-01 -4.4593915E+02  1.9630120E+02 
      1091 SSD  2.0211128E+03 -8.0466174E+00 -2.2314988E+01 -1.9292293E-01 -1.6061348E+02  6.7910949E+01 
      1092      3.8278908E+03 -2.4541726E+01 -3.6369053E+01 -1.5750158E-01 -2.6134797E+02  2.4451593E+02 
      1092 SSD  1.2779851E+03 -8.3124864E+00 -2.3461035E+01 -2.1981817E-01 -8.7828696E+01  7.9950894E+01 
      1093      1.4862053E+03 -2.5174826E+01 -3.7068190E+01 -3.0858593E-01 -7.5161923E+01  2.1615160E+02 
      1093 SSD  5.3506562E+02 -8.5792021E+00 -2.5144216E+01 -2.8986709E-01 -1.8512649E+01  6.3668856E+01 
      1094      1.9559437E+03 -2.1833473E+01 -3.9397140E+01  1.3021414E-01 -3.6490033E+02  4.5814330E+01 
      1094 SSD  6.1397085E+02 -5.6350633E+00 -2.3496745E+01 -8.3956491E-02 -1.1859976E+02  9.0523379E+00 
      1095      2.2997123E+03 -2.1596308E+01 -4.0231423E+01 -8.8816434E-03 -4.4826557E+02  1.7634052E+01 
      1095 SSD  6.8989555E+02 -5.5959055E+00 -2.2533842E+01 -1.4702282E-01 -1.4860171E+02  2.2305060E+00 
      1096      1.3177136E+03 -2.2300821E+01 -3.7480187E+01  7.1093346E-02 -2.2997135E+02  6.4534793E+01 
      1096 SSD  4.5410272E+02 -5.7314820E+00 -2.4001400E+01 -1.0703906E-01 -7.0487858E+01  1.3667413E+01 
      1097      5.8942957E+02 -2.2579597E+01 -3.6993692E+01 -8.1995068E-02 -8.5171709E+01  5.6905510E+01 
      1097 SSD  2.8706459E+02 -5.6867445E+00 -2.5103280E+01 -1.6144844E-01 -2.2398425E+01  8.5292199E+00 
      1098      1.2694626E+04 -3.0239235E+01 -3.3570326E+01 -2.0002217E-01 -1.8986130E+02  4.8544372E+02 
      1098 SSD  4.5292335E+03 -1.4002955E+01 -2.0826416E+01 -2.3877181E-01 -7.3018821E+01  1.9295631E+02 
      1099      1.0010863E+04 -2.7109469E+01 -3.4883371E+01 -1.7983142E-01 -3.6732960E+02  3.6008601E+02 
      1099 SSD  3.5025425E+03 -1.1047127E+01 -2.1403693E+01 -2.2829067E-01 -1.3941997E+02  1.3662137E+02 
      1100      1.6350622E+04 -2.8310805E+01 -3.2245743E+01 -1.8633624E-01 -2.6976331E+02  2.6580806E+02 
      1100 SSD  6.0123875E+03 -1.3110473E+01 -1.8784286E+01 -2.3161025E-01 -1.1240889E+02  1.1140440E+02 
      1101      1.2643324E+04 -2.5871661E+01 -3.4161194E+01 -1.7687543E-01 -4.9166586E+02  1.8688544E+02 
      1101 SSD  4.5121231E+03 -1.0499877E+01 -1.9663519E+01 -2.2650711E-01 -1.9534211E+02  7.2403287E+01 
      1102      2.4338241E+03 -3.6154109E+01 -3.6465258E+01 -4.7570062E-01 -6.2074701E+00  4.5104916E+02 
      1102 SSD  7.4660481E+02 -1.6822890E+01 -2.5054149E+01 -3.7332913E-01  3.4697219E+00  1.4936243E+02 
      1103      7.5082452E+03 -3.2835396E+01 -3.4756912E+01 -2.4324334E-01 -8.9171793E+01  5.7175176E+02 
      1103 SSD  2.5431352E+03 -1.5229866E+01 -2.2810859E+01 -2.6062997E-01 -2.9419798E+01  2.1229087E+02 
      1104      2.1572166E+03 -3.1227653E+01 -3.6564320E+01 -4.8904141E-01 -4.1988092E+01  3.6198835E+02 
      1104 SSD  7.0658226E+02 -1.2959147E+01 -2.5035480E+01 -3.7599411E-01 -6.6476486E+00  1.1698145E+02 
      1105      6.1238704E+03 -2.8883796E+01 -3.5300243E+01 -2.3188074E-01 -2.0247968E+02  4.3147745E+02 
      1105 SSD  2.0695536E+03 -1.1855696E+01 -2.3007090E+01 -2.5408712E-01 -7.0241228E+01  1.5386894E+02 
      1106      3.1966194E+02 -1.9704583E+01 -2.1579053E+01  1.2968498E-01 -4.9546659E+01 -1.3976089E+02 
      1106 SSD  2.5559206E+01 -6.3167183E+00 -6.3987765E+00 -9.1605785E-02 -6.5623240E+00 -3.1210256E+01 
      1107      2.1764673E+03 -2.0976417E+01 -2.4201060E+01 -1.6566335E-01 -2.2531791E+02 -2.4109191E+02 
      1107 SSD  5.5086143E+02 -6.9171537E+00 -9.1213307E+00 -2.2243724E-01 -7.0596586E+01 -7.8000971E+01 
      1108      4.5727170E+03 -2.2019198E+01 -2.8297589E+01 -2.4286567E-01 -4.1679242E+02 -2.3276009E+02 
      1108 SSD  1.3671540E+03 -7.3845587E+00 -1.2542954E+01 -2.5944388E-01 -1.4573171E+02 -8.3164175E+01 
      1109      6.5705754E+03 -2.2696351E+01 -3.2422086E+01 -2.3806810E-01 -5.6089738E+02 -1.5193943E+02 
      1109 SSD  2.1113056E+03 -7.6629026E+00 -1.5971648E+01 -2.5656108E-01 -2.0548368E+02 -5.9548309E+01 
      1110      4.6667365E+02 -2.0531229E+01 -2.4919264E+01 -4.7907867E-01 -1.2255727E+02 -5.9687122E+01 
      1110 SSD  9.5626911E+01 -5.3260442E+00 -9.4164794E+00 -3.6537401E-01 -2.2823858E+01 -1.1149698E+01 
      1111     -1.9634746E+01 -2.0520182E+01 -2.1092739E+01 -7.6637020E-02 -4.4828923E+00 -2.8487791E+01 
      1111 SSD  3.2581726E+01 -5.3722480E+00 -6.0572370E+00 -1.8213314E-01  1.4111564E+01  2.3435194E+00 
      1112      1.2006416E+03 -2.0702417E+01 -3.0229773E+01 -5.3400732E-01 -2.7302629E+02 -6.3421567E+01 
      1112 SSD  2.8521121E+02 -5.3572631E+00 -1.3434579E+01 -3.9674043E-01 -7.6945240E+01 -1.6880983E+01 
      1113      1.8695262E+03 -2.0952774E+01 -3.5473759E+01 -4.1819849E-01 -3.9758386E+02 -4.5077389E+01 
      1113 SSD  4.9677379E+02 -5.4243319E+00 -1.7419307E+01 -3.4407886E-01 -1.2492974E+02 -1.5110736E+01 
      1114      6.4552629E+03 -2.0247794E+01 -2.3395773E+01 -1.3996858E-01 -1.5567172E+02 -5.6821666E+02 
      1114 SSD  2.0532941E+03 -9.3798850E+00 -8.8399024E+00 -2.0962791E-01 -6.1041288E+01 -2.0895596E+02 
      1115      4.4694545E+03 -2.0376105E+01 -2.3683662E+01 -9.5547563E-02 -2.2541081E+02 -4.2983352E+02 
      1115 SSD  1.3173589E+03 -8.0374684E+00 -8.9245165E+00 -1.8807507E-01 -7.9442509E+01 -1.5186065E+02 
      1116      1.7096554E+03 -1.6722573E+01 -2.1613698E+01 -9.0650128E-02 -5.5955161E+01 -3.9817948E+02 
      1116 SSD  4.1853182E+02 -7.7077663E+00 -6.5469997E+00 -1.9108915E-01 -2.0015181E+01 -1.2507410E+02 
      1117      1.0000377E+03 -1.7765602E+01 -2.1669207E+01  1.2771016E-01 -6.3779917E+01 -2.8026693E+02 
      1117 SSD  1.8979244E+02 -6.8162082E+00 -6.5188043E+00 -8.9741494E-02 -1.6827680E+01 -8.0362915E+01 
      1118      1.5829119E+04 -2.5133120E+01 -2.8293367E+01 -1.8748180E-01 -3.0041301E+02 -3.0515192E+02 
      1118 SSD  5.7219894E+03 -1.1666401E+01 -1.4057149E+01 -2.3240015E-01 -1.2836968E+02 -1.3084690E+02 
      1119      1.1778400E+04 -2.3057776E+01 -2.5798665E+01 -1.7608368E-01 -2.4447652E+02 -5.1038510E+02 
      1119 SSD  4.0740076E+03 -1.0703875E+01 -1.1430660E+01 -2.2714145E-01 -1.0034089E+02 -2.0138013E+02 
      1120      1.1828307E+04 -2.3874710E+01 -3.0038145E+01 -2.0249600E-01 -5.0323978E+02 -2.4709877E+02 
      1120 SSD  4.0998895E+03 -9.6410151E+00 -1.4855838E+01 -2.3959280E-01 -1.9777934E+02 -1.0181495E+02 
      1121      8.5791236E+03 -2.2430372E+01 -2.6817962E+01 -1.7711385E-01 -3.8802537E+02 -3.9753792E+02 
      1121 SSD  2.8222770E+03 -8.9894307E+00 -1.1872792E+01 -2.2759486E-01 -1.4675406E+02 -1.5146249E+02 

