      NODE            V1             V2             V3             VR1            VR2            VR3
      1001     -1.2847441E+01 -4.7974609E+00 -1.0955993E+01 -3.8494660E+00  2.3968300E-01 -3.2337023E+00 
      1001 SSD  1.6396739E+02  1.3919244E+01  9.6491253E+00  5.7387662E+00 -2.9224690E+00  8.0538224E+00 
      1002     -1.2053512E+01 -7.6489850E+00 -1.1884482E+01  1.8525065E+00  7.2889289E+00  1.2983769E+01 
      1002 SSD  1.6200109E+02  1.8453636E+01  1.1362973E+01 -6.1958723E+00 -1.1976756E+01 -3.1090327E+01 
      1003     -1.1530376E+01 -7.8606336E+00 -1.2167118E+01  2.9802302E+00  4.2574312E+00  1.6625802E+01 
      1003 SSD  1.6049234E+02  1.6618251E+01  1.1695171E+01 -5.9262180E+00 -7.0113721E+00 -5.3472116E+01 
      1004     -9.5747862E+00 -1.0816125E+01 -1.2325143E+01  5.3996883E+00  3.4790041E+00  1.5463243E+01 
      1004 SSD  1.5706822E+02  2.0305466E+01  1.1983722E+01 -9.7082680E+00 -5.0293663E+00 -6.4845420E+01 
      1005     -8.6793445E+00 -1.2636069E+01 -1.2157815E+01  4.4546141E+00  3.7733447E-01  9.1666124E+00 
      1005 SSD  1.5546316E+02  2.1802925E+01  1.1682317E+01 -7.4861232E+00 -1.7246669E-01 -6.2060538E+01 
      1006     -8.3010460E+00 -1.3812493E+01 -1.1788719E+01  2.7551034E+00 -2.5229566E+00  1.0640636E+00 
      1006 SSD  1.5499627E+02  2.2409185E+01  1.1075268E+01 -4.3124089E+00  4.9744230E+00 -5.0506780E+01 
      1007     -9.0234088E+00 -1.3908356E+01 -1.1416602E+01 -2.4627187E-01 -4.4361151E+00 -6.8225703E+00 
      1007 SSD  1.5638007E+02  2.1261335E+01  1.0445635E+01  9.7341853E-01  8.4386561E+00 -3.3816035E+01 
      1008     -1.0400004E+01 -1.3358812E+01 -1.1231616E+01 -2.9363784E+00 -5.4831987E+00 -1.2033644E+01 
      1008 SSD  1.5913990E+02  1.9031334E+01  1.0134853E+01  5.9813446E+00  9.8987841E+00 -1.5446551E+01 
      1009     -1.2972065E+01 -1.2155210E+01 -1.1423093E+01 -4.2835933E+00 -3.4387298E+00 -1.1633515E+01 
      1009 SSD  1.6401539E+02  1.5476563E+01  1.0414426E+01  8.0146994E+00  6.3295965E+00 -2.2571497E+00 
      1010     -1.2334756E+01 -1.1482629E+01 -1.1640967E+01 -5.6262801E+00 -2.7529396E+00 -5.5713397E+00 
      1010 SSD  1.6392657E+02  1.3225591E+01  1.0800929E+01  1.0705646E+01  3.5960899E+00  2.2249320E+00 
      1011     -1.5385745E+01 -1.1830746E+01 -1.2706338E+01 -3.9342744E+00  1.6850737E-01  4.1864748E+00 
      1011 SSD  1.6957038E+02  1.2269455E+01  1.2529525E+01  5.4444277E+00  1.1535813E-01 -5.9943803E+00 
      1012     -8.3526179E+00 -1.3178416E+01 -7.5164939E+00 -3.2820504E+00  1.9940622E-01  3.4712050E+00 
      1012 SSD  1.5766782E+02  1.4604906E+01  1.7890439E+01  4.6816168E+00  2.2538950E+00 -8.3194194E+00 
      1013     -7.1037898E+00 -1.0550331E+01 -6.5244462E+00  1.4564725E+00 -7.4612828E+00 -1.2524106E+01 
      1013 SSD  1.5464150E+02  1.0433254E+01  1.6056237E+01 -5.1122535E+00  1.2209845E+01  3.0245367E+01 
      1014     -6.1908736E+00 -1.0183751E+01 -6.1656298E+00  2.8428972E+00 -4.2249660E+00 -1.5068614E+01 
      1014 SSD  1.5221645E+02  1.1876766E+01  1.5557281E+01 -5.8241465E+00  6.9108312E+00  5.0841381E+01 
      1015     -3.7414987E+00 -7.2550551E+00 -5.9829428E+00  5.5791819E+00 -3.5385569E+00 -1.3077162E+01 
      1015 SSD  1.4770473E+02  8.3546327E+00  1.5226535E+01 -9.9504934E+00  5.0689455E+00  6.0820403E+01 
      1016     -2.3994037E+00 -5.4371290E+00 -6.1496092E+00  4.3634769E+00 -4.8942554E-01 -5.8674222E+00 
      1016 SSD  1.4508211E+02  6.8362674E+00  1.5516362E+01 -7.3191627E+00  3.1031599E-01  5.6381502E+01 
      1017     -1.5061088E+00 -4.0794912E+00 -6.4976277E+00  2.5586602E+00  2.4874937E+00  3.0554229E+00 
      1017 SSD  1.4348447E+02  5.9374848E+00  1.6084445E+01 -3.9896911E+00 -4.9626452E+00  4.3281339E+01 
      1018     -1.7604113E+00 -3.9815943E+00 -6.8432241E+00  6.9991443E-02  4.4257764E+00  1.0884514E+01 
      1018 SSD  1.4382853E+02  7.1197362E+00  1.6671460E+01  4.0031241E-01 -8.4333882E+00  2.6568547E+01 
      1019     -2.6494273E+00 -4.6583115E+00 -7.0356104E+00 -2.8906335E+00  5.4695422E+00  1.5449743E+01 
      1019 SSD  1.4552031E+02  9.5794034E+00  1.6998235E+01  5.9543086E+00 -9.8312328E+00  9.1869620E+00 
      1020     -4.7071850E+00 -5.6796854E+00 -6.8064522E+00 -4.5536043E+00  3.5240415E+00  1.4105388E+01 
      1020 SSD  1.4922310E+02  1.2738978E+01  1.6641760E+01  8.5518690E+00 -6.4966215E+00 -2.4117609E+00 
      1021     -3.4379544E+00 -6.3940543E+00 -6.5588347E+00 -5.1703721E+00  3.3739919E+00  6.2838112E+00 
      1021 SSD  1.4779798E+02  1.5150552E+01  1.6193158E+01  9.6872905E+00 -4.6437462E+00 -3.5617817E+00 
      1022     -6.1880426E+00 -6.3451945E+00 -5.5153658E+00 -4.0272306E+00  5.0667682E-02 -4.6415843E+00 
      1022 SSD  1.5262466E+02  1.6527693E+01  1.4475936E+01  5.8660783E+00 -3.4618196E-01  6.6093517E+00 
      1023     -6.8416408E+00 -5.8876567E+00 -6.0594727E+00 -1.8278878E+00 -1.5785281E-02 -1.4807843E+00 
      1023 SSD  1.5313305E+02  1.5843246E+01  1.4378486E+01  1.4536312E+00  6.4825972E+00  3.1118216E+00 
      1024     -6.0356270E+00 -5.7165854E+00 -8.0676983E+00  4.4254288E+00 -7.8293211E-01  4.0512623E+00 
      1024 SSD  1.5123400E+02  1.5614007E+01  1.6142321E+01 -8.7500380E+00  2.2372870E+01 -7.0479018E+00 
      1025     -4.9804471E+00 -5.6751562E+00 -1.0206255E+01  6.0288666E+00 -1.7288538E+00  6.1060475E+00 
      1025 SSD  1.4903959E+02  1.5572471E+01  1.8313339E+01 -1.0991069E+01  3.8200402E+01 -1.0936891E+01 
      1026     -4.1306836E+00 -5.8790884E+00 -1.2326356E+01  5.6542801E+00 -2.2500789E+00  6.1511630E+00 
      1026 SSD  1.4735999E+02  1.5911488E+01  2.0413721E+01 -9.7559915E+00  4.8465086E+01 -1.1403894E+01 
      1027     -4.1592499E+00 -6.2305070E+00 -1.3633402E+01  3.4680041E+00 -2.6012980E+00  3.8030717E+00 
      1027 SSD  1.4737981E+02  1.6484333E+01  2.1169718E+01 -5.5885541E+00  5.2202225E+01 -7.1828659E+00 
      1028     -4.9144846E+00 -6.5864422E+00 -1.3992275E+01  5.9540756E-01 -2.8275629E+00  6.8853428E-01 
      1028 SSD  1.4858066E+02  1.7097727E+01  2.0436949E+01 -6.0035950E-01  5.0397624E+01 -1.6552424E+00 
      1029     -6.5557523E+00 -6.7480366E+00 -1.3512052E+01 -2.6436014E+00 -2.4218310E+00 -2.2585403E+00 
      1029 SSD  1.5158472E+02  1.7384368E+01  1.8375778E+01  5.2471685E+00  4.2176454E+01  3.0075259E+00 
      1030     -9.2414494E+00 -6.4733996E+00 -1.2195254E+01 -4.7903052E+00 -1.3647059E+00 -4.3130397E+00 
      1030 SSD  1.5645262E+02  1.6918504E+01  1.4725799E+01  8.8322488E+00  2.8000507E+01  7.2233760E+00 
      1031     -1.0340148E+01 -6.1132777E+00 -1.2120317E+01 -6.6984047E+00 -8.2344247E-01 -7.3291794E+00 
      1031 SSD  1.5911922E+02  1.6282842E+01  1.3492389E+01  1.2864687E+01  1.1065679E+01  1.1920815E+01 
      1032     -1.4509359E+01 -1.2140327E+01 -1.1965942E+01 -1.6892518E+00 -3.0356219E-01  1.3882994E+00 
      1032 SSD  1.6748402E+02  1.2718948E+01  1.2363919E+01  1.2238458E+00 -6.2073368E+00 -3.0122890E+00 
      1033     -1.2348370E+01 -1.2318086E+01 -1.0082076E+01  4.5252711E+00 -5.5511183E-01 -4.0860916E+00 
      1033 SSD  1.6323813E+02  1.2967909E+01  1.0794503E+01 -8.9580445E+00 -2.0926022E+01  7.1019398E+00 
      1034     -9.8984795E+00 -1.2359347E+01 -7.8993784E+00  6.1449197E+00 -6.3546505E-01 -6.0787501E+00 
      1034 SSD  1.5865863E+02  1.3012262E+01  8.5392877E+00 -1.1184224E+01 -3.5502574E+01  1.0903139E+01 
      1035     -7.7375292E+00 -1.2169092E+01 -5.7774303E+00  5.7016417E+00 -9.9386723E-01 -6.0901568E+00 
      1035 SSD  1.5474360E+02  1.2694002E+01  6.4212756E+00 -9.8081098E+00 -4.4415610E+01  1.1347838E+01 
      1036     -6.4120199E+00 -1.1814308E+01 -4.4560056E+00  3.4600676E+00 -1.0589306E+00 -3.4646249E+00 
      1036 SSD  1.5248025E+02  1.2113946E+01  5.6356289E+00 -5.5329033E+00 -4.7237682E+01  6.6246895E+00 
      1037     -5.9671143E+00 -1.1475557E+01 -4.1636490E+00  5.2903608E-01 -7.6687438E-01 -5.5697997E-01 
      1037 SSD  1.5163522E+02  1.1528101E+01  6.4728220E+00 -4.6846764E-01 -4.5202700E+01  1.4217985E+00 
      1038     -6.2389497E+00 -1.1282467E+01 -4.6074429E+00 -2.7497761E+00 -2.5409570E-01  2.8942670E+00 
      1038 SSD  1.5236556E+02  1.1193325E+01  8.4662939E+00  5.4601934E+00 -3.8071827E+01 -3.9701870E+00 
      1039     -7.4188510E+00 -1.1537317E+01 -5.9899177E+00 -4.7711063E+00  3.1145296E-02  4.8125066E+00 
      1039 SSD  1.5469734E+02  1.1626684E+01  1.2224876E+01  8.7741383E+00 -2.5884521E+01 -8.1137822E+00 
      1040     -7.1165731E+00 -1.1852298E+01 -5.9256378E+00 -7.0527158E+00  2.1308283E-01  7.3700655E+00 
      1040 SSD  1.5489060E+02  1.2161916E+01  1.3137700E+01  1.3482741E+01 -1.0051828E+01 -1.2053493E+01 
      1041      7.2658190E+02 -1.2436532E+01 -1.1428125E+01 -9.6846862E-02  9.3318770E+00  1.4778225E+02 
      1041 SSD -1.6421302E+03  2.0093620E+01  1.1856889E+01  2.0759145E-02 -1.5362496E+01 -3.1316374E+02 
      1042      2.4261639E+03 -1.1239414E+01 -1.0867902E+01 -6.3488826E-02  1.2555460E+01  1.9669793E+02 
      1042 SSD -5.1147609E+03  1.8087559E+01  1.2309061E+01 -3.2059774E-02 -1.9852930E+01 -3.8993315E+02 
      1043      4.2349752E+03 -1.0294100E+01 -1.0298527E+01 -6.0998295E-02  1.0709091E+01  1.7102906E+02 
      1043 SSD -8.6325294E+03  1.6489041E+01  1.2741897E+01 -3.6422325E-02 -1.4731547E+01 -3.2404860E+02 
      1044      5.5534432E+03 -9.5850440E+00 -9.7020982E+00 -5.9954106E-02  6.2200855E+00  9.7284460E+01 
      1044 SSD -1.1076837E+04  1.5274367E+01  1.3122394E+01 -3.8004838E-02 -5.1699155E+00 -1.7245430E+02 
      1045      6.0257714E+03 -9.0120890E+00 -9.0896038E+00 -5.9674736E-02  3.0354144E-01 -1.2026040E+00 
      1045 SSD -1.1910434E+04  1.4280528E+01  1.3473384E+01 -3.8470707E-02  2.7267626E-02  2.4270925E+00 
      1046      5.5315065E+03 -8.4360888E+00 -8.4802658E+00 -6.0053209E-02 -5.7349992E+00 -9.9376028E+01 
      1046 SSD -1.1032613E+04  1.3282535E+01  1.3830382E+01 -3.7991822E-02  5.3870090E+00  1.7660948E+02 
      1047      4.1984487E+03 -7.7176422E+00 -7.8909508E+00 -6.1228889E-02 -1.0539851E+01 -1.7192080E+02 
      1047 SSD -8.5596085E+03  1.2054920E+01  1.4225267E+01 -3.6390861E-02  1.5330075E+01  3.2570756E+02 
      1048      2.3886460E+03 -6.7541406E+00 -7.3295314E+00 -6.3788542E-02 -1.2697128E+01 -1.9598785E+02 
      1048 SSD -5.0412971E+03  1.0430147E+01  1.4677098E+01 -3.2460458E-02  2.0680673E+01  3.8832589E+02 
      1049      7.0312893E+02 -5.5296400E+00 -6.7712158E+00 -9.9759147E-02 -9.6645526E+00 -1.4562061E+02 
      1049 SSD -1.5977441E+03  8.3828860E+00  1.5145016E+01  2.3681081E-02  1.6138206E+01  3.0886316E+02 
      1050      5.5377938E+03 -9.6059932E+00 -8.5592041E+00 -5.9522817E-02  9.8947719E+01  4.7638779E+00 
      1050 SSD -1.1051330E+04  1.3881463E+01  1.2548070E+01 -3.8667727E-02 -1.7520141E+02 -2.8320142E+00 
      1051      4.2045314E+03 -1.0184914E+01 -7.8880629E+00 -6.0279908E-02  1.7212736E+02  8.7214342E+00 
      1051 SSD -8.5822757E+03  1.3457411E+01  1.1395810E+01 -3.7146978E-02 -3.2588741E+02 -1.1370372E+01 
      1052      2.3888246E+03 -1.0748367E+01 -6.9794854E+00 -6.3448979E-02  1.9683733E+02  9.2002455E+00 
      1052 SSD -5.0528367E+03  1.3014362E+01  9.8591261E+00 -3.1333169E-02 -3.9019542E+02 -1.4011803E+01 
      1053      6.9928887E+02 -1.1309181E+01 -5.8303701E+00 -8.7487325E-02  1.4596424E+02  4.7574992E+00 
      1053 SSD -1.5969312E+03  1.2580110E+01  7.9364930E+00  6.3895317E-03 -3.1017358E+02 -7.3225982E+00 
      1054      3.7563679E+03 -1.0501130E+01 -8.6879899E+00 -6.3608996E-02  1.6058025E+02  7.6127516E+01 
      1054 SSD -7.7776177E+03  1.4037105E+01  1.1354210E+01 -3.1935601E-02 -3.0796007E+02 -1.4155414E+02 
      1055      2.7431901E+03 -1.0944554E+01 -9.7043892E+00 -5.5898158E-02  1.2433487E+02  1.2471277E+02 
      1055 SSD -5.8291995E+03  1.4824634E+01  1.1661625E+01 -4.4930374E-02 -2.4405199E+02 -2.4493883E+02 
      1056      1.4451601E+03 -1.1578625E+01 -1.0697917E+01 -3.8357341E-02  7.2806221E+01  1.3649546E+02 
      1056 SSD -3.2187492E+03  1.5926338E+01  1.1924967E+01 -7.4068797E-02 -1.4841917E+02 -2.8010374E+02 
      1057      3.3502118E+02 -1.2385903E+01 -1.1327050E+01  2.3521690E-02  2.1101409E+01  9.0624080E+01 
      1057 SSD -8.4787602E+02  1.7317078E+01  1.1579348E+01 -1.8593702E-01 -4.8182390E+01 -2.0362381E+02 
      1058      3.7661150E+03 -1.0748050E+01 -1.0042329E+01 -5.4256625E-02  7.8027280E+01  1.6048197E+02 
      1058 SSD -7.7929882E+03  1.5869735E+01  1.2265071E+01 -4.7421944E-02 -1.4471808E+02 -3.0795765E+02 
      1059      5.0326861E+03 -1.0106853E+01 -9.2532464E+00 -5.9301123E-02  9.5937223E+01  9.4432920E+01 
      1059 SSD -1.0171479E+04  1.4760380E+01  1.2331152E+01 -3.9069795E-02 -1.7281023E+02 -1.7037505E+02 
      1060      2.0830817E+03 -1.1614727E+01 -1.0805182E+01 -4.0701324E-02  4.9718202E+01  1.8049404E+02 
      1060 SSD -4.4831766E+03  1.7350307E+01  1.2148787E+01 -6.9349819E-02 -9.5046265E+01 -3.6177111E+02 
      1061      5.6584748E+02 -1.2702359E+01 -1.1375807E+01 -2.1306048E-02  1.7974141E+01  1.2845861E+02 
      1061 SSD -1.3372958E+03  1.9198287E+01  1.1714356E+01 -1.0566395E-01 -3.6203309E+01 -2.7772062E+02 
      1062      3.7069203E+02 -1.1500809E+01 -8.5925104E+00 -1.9385140E-01  8.8195015E+01  1.9591218E+01 
      1062 SSD -9.1245653E+02  1.3020312E+01  9.7431273E+00  1.8782730E-01 -1.9966051E+02 -4.5667213E+01 
      1063      1.4571253E+03 -1.1070598E+01 -9.2194888E+00 -7.8747161E-02  1.3413993E+02  7.2774761E+01 
      1063 SSD -3.2419065E+03  1.3661279E+01  1.0819411E+01 -7.1232903E-03 -2.7572370E+02 -1.4852355E+02 
      1064      5.7724863E+02 -1.1409802E+01 -6.9352782E+00 -1.4771424E-01  1.2686592E+02  1.3657354E+01 
      1064 SSD -1.3599977E+03  1.2812388E+01  8.3904498E+00  1.0627924E-01 -2.7518484E+02 -2.8627927E+01 
      1065      2.0782435E+03 -1.0867283E+01 -7.9175910E+00 -7.8477809E-02  1.7918192E+02  4.6585366E+01 
      1065 SSD -4.4778129E+03  1.3272119E+01  1.0044631E+01 -7.1889957E-03 -3.5933728E+02 -8.9577925E+01 
      1066     -1.1568853E+01 -1.1573599E+01 -1.1486414E+01 -1.0237273E-02  2.9916748E+00  8.8762456E+00 
      1066 SSD  4.9274883E+01  1.3273963E+01  1.1690467E+01 -1.2132118E-01 -2.0789869E+01 -3.0524922E+01 
      1067      1.4143874E+02 -1.1565853E+01 -1.0283985E+01 -1.4770166E-01  4.0715867E+01  1.8543742E+01 
      1067 SSD -3.7242874E+02  1.3189633E+01  1.1151122E+01  1.1456405E-01 -1.0295553E+02 -4.8002386E+01 
      1068      1.0891712E+02 -1.1754175E+01 -1.1354408E+01  2.2541624E-02  1.6928314E+01  4.5047841E+01 
      1068 SSD -3.1596990E+02  1.4852464E+01  1.1563058E+01 -1.8696668E-01 -4.4731272E+01 -1.1008358E+02 
      1069      7.0183438E+02 -1.1382634E+01 -1.0521264E+01 -6.3477151E-02  7.3480030E+01  7.6365430E+01 
      1069 SSD -1.6607652E+03  1.4219511E+01  1.1587720E+01 -3.2437822E-02 -1.5868087E+02 -1.6403134E+02 
      1070      6.6581785E+02 -8.2295318E+00 -6.6865077E+00 -1.5471005E-01  1.2823906E+01 -1.1267058E+02 
      1070 SSD -1.4280452E+03  1.0044723E+01  1.4849614E+01  1.1946834E-01 -3.3949834E+01  2.4154392E+02 
      1071      1.9076390E+03 -8.9575917E+00 -7.0765115E+00 -7.2813486E-02  6.3590840E+01 -1.3560829E+02 
      1071 SSD -4.0092766E+03  1.1272954E+01  1.4117231E+01 -1.7778741E-02 -1.3093583E+02  2.7634159E+02 
      1072      3.1353017E+03 -9.5073901E+00 -7.1899026E+00 -5.6002430E-02  1.1603422E+02 -1.1428860E+02 
      1072 SSD -6.4634607E+03  1.2229238E+01  1.2942093E+01 -4.4621844E-02 -2.2730331E+02  2.2461844E+02 
      1073      3.9776083E+03 -9.8889109E+00 -7.4051512E+00 -5.5037445E-02  1.5594863E+02 -6.0643232E+01 
      1073 SSD -8.1078490E+03  1.2911586E+01  1.1950705E+01 -4.5638018E-02 -2.9687573E+02  1.1767282E+02 
      1074      2.3425184E+03 -7.6885689E+00 -7.2484073E+00 -7.4019529E-02  2.7975363E+01 -1.8019268E+02 
      1074 SSD -4.9079823E+03  1.0591741E+01  1.4472992E+01 -1.6485549E-02 -5.8519186E+01  3.5861546E+02 
      1075      7.4991257E+02 -6.6340006E+00 -6.7017448E+00 -1.4838756E-01  1.6176577E+00 -1.4073403E+02 
      1075 SSD -1.6529510E+03  8.8354542E+00  1.4954060E+01  1.0621396E-01 -8.4353390E+00  2.9776480E+02 
      1076      3.9841671E+03 -8.5093647E+00 -7.6108598E+00 -6.2427740E-02  6.0163826E+01 -1.5439374E+02 
      1076 SSD -8.1142491E+03  1.1978458E+01  1.3699436E+01 -3.4550857E-02 -1.1618322E+02  2.9447521E+02 
      1077      5.1548463E+03 -9.1165145E+00 -8.0175824E+00 -5.9168195E-02  8.5874748E+01 -8.6114672E+01 
      1077 SSD -1.0317066E+04  1.3023458E+01  1.3012173E+01 -3.9355234E-02 -1.5739207E+02  1.5850091E+02 
      1078      4.0417627E+02 -1.1017082E+01 -6.3513515E+00  4.1313934E-02  7.1265316E+01 -1.9735914E+01 
      1078 SSD -8.5126546E+02  1.1822459E+01  1.2841087E+01 -2.0764827E-01 -1.5685933E+02  4.9402846E+01 
      1079      1.1873940E+03 -1.0326935E+01 -6.7305138E+00 -4.2962842E-02  8.1766233E+01 -7.6449681E+01 
      1079 SSD -2.5184101E+03  1.2127124E+01  1.3478437E+01 -6.7077986E-02 -1.7186594E+02  1.6299500E+02 
      1080      1.8106995E+02 -1.1014287E+01 -6.4862685E+00  1.7181370E-02  2.6126349E+01 -1.7052053E+01 
      1080 SSD -3.0572731E+02  1.1667921E+01  1.4339811E+01 -1.5323207E-01 -6.1213142E+01  4.6279485E+01 
      1081      4.5809589E+02 -1.0155293E+01 -6.5257629E+00 -9.7382529E-02  2.3181751E+01 -6.6825629E+01 
      1081 SSD -9.4078182E+02  1.1803973E+01  1.4450814E+01  3.2927887E-02 -5.5248798E+01  1.4952883E+02 
      1082      6.0058118E+02 -1.1146420E+01 -5.7262981E+00  4.0611193E-02  1.1407714E+02 -1.3924429E+01 
      1082 SSD -1.3185236E+03  1.2166327E+01  1.0423498E+01 -2.0892685E-01 -2.4415168E+02  3.5619255E+01 
      1083      1.8747442E+03 -1.0526760E+01 -6.5451865E+00 -3.3213164E-02  1.4037387E+02 -6.1977928E+01 
      1083 SSD -3.9552129E+03  1.2524667E+01  1.1819058E+01 -8.1738329E-02 -2.8436360E+02  1.2841454E+02 
      1084      7.0709516E+02 -1.1205276E+01 -5.4648590E+00 -1.8869111E-02  1.4116973E+02 -5.5067207E+00 
      1084 SSD -1.5823348E+03  1.2334620E+01  8.6707313E+00 -1.0745368E-01 -2.9889575E+02  1.5286468E+01 
      1085      2.3140133E+03 -1.0653915E+01 -6.5525338E+00 -4.3935782E-02  1.8280916E+02 -3.0210241E+01 
      1085 SSD -4.8647306E+03  1.2795024E+01  1.0499555E+01 -6.3130493E-02 -3.6326688E+02  6.2833156E+01 
      1086      7.1977057E+02 -6.6940371E+00 -1.2293251E+01 -6.8324949E-02 -1.4619800E+02 -4.9027940E+00 
      1086 SSD -1.6219197E+03  1.5936347E+01  1.8924627E+01 -2.4215070E-02  3.0959442E+02  7.9168685E+00 
      1087      2.4071183E+03 -7.2701360E+00 -1.1165148E+01 -5.8655644E-02 -1.9623012E+02 -1.0287402E+01 
      1087 SSD -5.0675111E+03  1.5529928E+01  1.7035160E+01 -3.9229455E-02  3.8878452E+02  1.6453002E+01 
      1088      4.2166546E+03 -7.8401072E+00 -1.0274276E+01 -6.0828489E-02 -1.7140631E+02 -1.0577149E+01 
      1088 SSD -8.5866079E+03  1.5101742E+01  1.5525469E+01 -3.6262548E-02  3.2503757E+02  1.5250451E+01 
      1089      5.5435339E+03 -8.4194798E+00 -9.6154088E+00 -5.8755119E-02 -9.8287516E+01 -7.0359986E+00 
      1089 SSD -1.1051219E+04  1.4680905E+01  1.4391785E+01 -3.9935191E-02  1.7497915E+02  7.4516875E+00 
      1090      2.3407777E+03 -7.3715867E+00 -1.1607735E+01 -4.1026103E-02 -1.8308201E+02  2.9593647E+01 
      1090 SSD -4.8997021E+03  1.5756944E+01  1.6416866E+01 -6.8032380E-02  3.6355404E+02 -6.1169412E+01 
      1091      1.9030298E+03 -7.5108015E+00 -1.1624193E+01 -3.3215483E-02 -1.4118711E+02  6.2371051E+01 
      1091 SSD -3.9984984E+03  1.6042670E+01  1.5107705E+01 -8.2916477E-02  2.8572566E+02 -1.2852506E+02 
      1092      1.2091355E+03 -7.7277836E+00 -1.1464448E+01 -4.9891243E-02 -8.2736585E+01  7.7544012E+01 
      1092 SSD -2.5545932E+03  1.6463566E+01  1.3489264E+01 -5.6804943E-02  1.7349774E+02 -1.6458928E+02 
      1093      4.6733976E+02 -7.9298601E+00 -1.1686415E+01 -9.8277705E-02 -2.3841859E+01  6.8358709E+01 
      1093 SSD -9.5717962E+02  1.6835869E+01  1.2548887E+01  2.5971036E-02  5.6349655E+01 -1.5208083E+02 
      1094      6.1844815E+02 -6.8709959E+00 -1.2417921E+01  4.1360368E-02 -1.1549451E+02  1.4641175E+01 
      1094 SSD -1.3460284E+03  1.6372113E+01  1.6460928E+01 -2.1106646E-01  2.4616224E+02 -3.6498486E+01 
      1095      7.2852150E+02 -6.7965893E+00 -1.2681394E+01 -2.4622547E-03 -1.4204425E+02  5.7035361E+00 
      1095 SSD -1.6123350E+03  1.6177119E+01  1.8223154E+01 -1.3402144E-01  2.9972540E+02 -1.5259421E+01 
      1096      4.1516262E+02 -7.0170820E+00 -1.1814974E+01  2.2692796E-02 -7.2659690E+01  2.0553016E+01 
      1096 SSD -8.6976436E+02  1.6738293E+01  1.4068413E+01 -1.7500226E-01  1.5910985E+02 -5.0581280E+01 
      1097      1.8384283E+02 -7.1031853E+00 -1.1666212E+01 -2.5894812E-02 -2.6809758E+01  1.8049493E+01 
      1097 SSD -3.1141343E+02  1.7053538E+01  1.2518941E+01 -7.5962168E-02  6.2344420E+01 -4.7953798E+01 
      1098      4.0207474E+03 -9.5215734E+00 -1.0581987E+01 -6.3041548E-02 -6.0312571E+01  1.5390387E+02 
      1098 SSD -8.1792087E+03  1.6591582E+01  1.3270626E+01 -3.3330231E-02  1.1718439E+02 -2.9327530E+02 
      1099      3.1692674E+03 -8.5353070E+00 -1.0995925E+01 -5.6677809E-02 -1.1645659E+02  1.1422764E+02 
      1099 SSD -6.5182935E+03  1.6355528E+01  1.4013132E+01 -4.3210245E-02  2.2840794E+02 -2.2399223E+02 
      1100      5.1802872E+03 -8.9130123E+00 -1.0164610E+01 -5.8708663E-02 -8.5577389E+01  8.4355984E+01 
      1100 SSD -1.0357726E+04  1.5544046E+01  1.3939301E+01 -3.9991219E-02  1.5776864E+02 -1.5482408E+02 
      1101      4.0049809E+03 -8.1442194E+00 -1.0768463E+01 -5.5710650E-02 -1.5580949E+02  5.9402560E+01 
      1101 SSD -8.1452521E+03  1.5658122E+01  1.4986347E+01 -4.4451866E-02  2.9706978E+02 -1.1484416E+02 
      1102      7.6978371E+02 -1.1387165E+01 -1.1495775E+01 -1.5027068E-01 -2.1428488E+00  1.4288050E+02 
      1102 SSD -1.6891330E+03  1.9723428E+01  1.2039630E+01  1.1010780E-01  9.5053921E+00 -3.0170558E+02 
      1103      2.3771797E+03 -1.0340573E+01 -1.0956545E+01 -7.6669049E-02 -2.8475659E+01  1.8111943E+02 
      1103 SSD -4.9712310E+03  1.7976908E+01  1.2521782E+01 -1.1644227E-02  5.9855797E+01 -3.6025574E+02 
      1104      6.8069375E+02 -9.8350550E+00 -1.1528308E+01 -1.5463113E-01 -1.3439569E+01  1.1456771E+02 
      1104 SSD -1.4543617E+03  1.8587060E+01  1.2156975E+01  1.2080967E-01  3.5044900E+01 -2.4483287E+02 
      1105      1.9369088E+03 -9.0955320E+00 -1.1128168E+01 -7.3097266E-02 -6.4268783E+01  1.3672027E+02 
      1105 SSD -4.0595954E+03  1.7331741E+01  1.2870496E+01 -1.6598189E-02  1.3234009E+02 -2.7804121E+02 
      1106      1.0229598E+02 -6.1984041E+00 -6.8060523E+00  4.1101518E-02 -1.5821932E+01 -4.4568669E+01 
      1106 SSD -2.9914836E+02  1.3597484E+01  1.5380363E+01 -2.1790667E-01  4.2652116E+01  1.0838415E+02 
      1107      6.9249236E+02 -6.5992379E+00 -7.6336825E+00 -5.2273848E-02 -7.1506956E+01 -7.6466627E+01 
      1107 SSD -1.6305001E+03  1.4277533E+01  1.5342014E+01 -5.1563431E-02  1.5479328E+02  1.6327876E+02 
      1108      1.4519288E+03 -6.9281328E+00 -8.9247144E+00 -7.6503370E-02 -1.3210575E+02 -7.3700705E+01 
      1108 SSD -3.2122974E+03  1.4858972E+01  1.6086032E+01 -1.0999324E-02  2.7160941E+02  1.4974425E+02 
      1109      2.0842536E+03 -7.1420767E+00 -1.0223196E+01 -7.4951597E-02 -1.7770374E+02 -4.8035685E+01 
      1109 SSD -4.4670942E+03  1.5261094E+01  1.6848389E+01 -1.3013357E-02  3.5628405E+02  9.2383870E+01 
      1110      1.4831563E+02 -6.4572702E+00 -7.8614988E+00 -1.5147302E-01 -3.9201827E+01 -1.9012438E+01 
      1110 SSD -3.7684191E+02  1.5381477E+01  1.5769449E+01  1.2122473E-01  9.9506394E+01  4.8278014E+01 
      1111     -7.0147974E+00 -6.4523073E+00 -6.6550439E+00 -2.4194145E-02 -1.6631285E+00 -9.1688741E+00 
      1111 SSD  4.3719734E+01  1.5324958E+01  1.5229718E+01 -1.0092813E-01  1.8130545E+01  3.0485996E+01 
      1112      3.8148439E+02 -6.5127720E+00 -9.5352012E+00 -1.6846213E-01 -8.6858517E+01 -2.0131568E+01 
      1112 SSD -9.1945506E+02  1.5522060E+01  1.7139674E+01  1.4487425E-01  1.9613706E+02  4.6327629E+01 
      1113      5.9348173E+02 -6.5930836E+00 -1.1185813E+01 -1.3178540E-01 -1.2624089E+02 -1.4273602E+01 
      1113 SSD -1.3754611E+03  1.5706052E+01  1.8472092E+01  8.0886911E-02  2.7286367E+02  2.9822364E+01 
      1114      2.0475559E+03 -6.3703679E+00 -7.3771785E+00 -4.4118106E-02 -4.9167930E+01 -1.8000840E+02 
      1114 SSD -4.4080039E+03  1.1162076E+01  1.4815814E+01 -6.4584813E-02  9.4565606E+01  3.6019137E+02 
      1115      1.4193417E+03 -6.4105004E+00 -7.4692083E+00 -3.0165486E-02 -7.1367818E+01 -1.3620732E+02 
      1115 SSD -3.1578054E+03  1.2592564E+01  1.5019266E+01 -8.7751098E-02  1.4601299E+02  2.7862058E+02 
      1116      5.4300952E+02 -5.2596844E+00 -6.8149343E+00 -2.8573285E-02 -1.7648358E+01 -1.2637905E+02 
      1116 SSD -1.2921473E+03  9.2857008E+00  1.5272592E+01 -9.5031409E-02  3.5787669E+01  2.7323057E+02 
      1117      3.1850680E+02 -5.5876962E+00 -6.8335210E+00  4.0344587E-02 -2.0218716E+01 -8.9091599E+01 
      1117 SSD -8.1291067E+02  1.1185691E+01  1.5354258E+01 -2.1368808E-01  4.6685304E+01  1.9993622E+02 
      1118      5.0166474E+03 -7.9102802E+00 -8.9203115E+00 -5.9058988E-02 -9.5125502E+01 -9.6643341E+01 
      1118 SSD -1.0127896E+04  1.3791574E+01  1.4609353E+01 -3.9642650E-02  1.7229180E+02  1.7465095E+02 
      1119      3.7337032E+03 -7.2559202E+00 -8.1345689E+00 -5.5480468E-02 -7.7321488E+01 -1.6164737E+02 
      1119 SSD -7.7191671E+03  1.2665960E+01  1.4684839E+01 -4.5812682E-02  1.4425060E+02  3.0986390E+02 
      1120      3.7496795E+03 -7.5135137E+00 -9.4710089E+00 -6.3777773E-02 -1.5937571E+02 -7.8177801E+01 
      1120 SSD -7.7441731E+03  1.4509201E+01  1.5565571E+01 -3.1762117E-02  3.0621289E+02  1.4548681E+02 
      1121      2.7211418E+03 -7.0579987E+00 -8.4570023E+00 -5.5815425E-02 -1.2285664E+02 -1.2586915E+02 
      1121 SSD -5.7685695E+03  1.3707880E+01  1.5267451E+01 -4.5248198E-02  2.4172830E+02  2.4665043E+02 

